Time	X	Y	Theta	LS_X	LS_Y	RS_X	RS_Y	RsRoL	RsRoR	VL	VR
3547661280.208120	47.235850	553.985938	178.834549	45.129479	562.735978	49.342221	545.235898	-0.009233	-0.019356	1.529814	1.417400
3547661280.929626	47.248563	553.989291	178.863876	45.399676	562.797334	49.097449	545.181248	-0.004602	-0.009612	1.534702	1.427175
3547661281.643129	47.256231	553.986746	178.922318	45.924961	562.887741	48.587502	545.085750	-0.009233	-0.009612	1.529814	1.427175
3547661282.319607	47.243960	553.988078	178.919373	45.886482	562.885114	48.601438	545.091041	-0.004602	-0.014467	1.534702	1.422287
3547661283.015097	47.248426	553.987482	178.825821	45.065766	562.718804	49.431087	545.256159	-0.009233	-0.009612	1.529814	1.427175
3547661283.735605	47.245263	553.989801	178.824707	45.052878	562.718687	49.437648	545.260915	-0.023305	-0.014467	1.515152	1.422287
3547661284.458117	47.245059	553.989449	178.811234	44.935267	562.688005	49.554850	545.290894	-0.013893	-0.019356	1.524927	1.417400
3547661285.133592	47.243587	553.990433	178.869858	45.447418	562.809377	49.039755	545.171489	-0.004602	-0.024278	1.534702	1.412512
3547661285.805066	47.245084	553.989991	178.865356	45.409236	562.800761	49.080931	545.179222	-0.018584	-0.029235	1.520039	1.407625
3547661286.511569	47.242445	553.987726	178.814972	44.965189	562.694855	49.519701	545.280596	-0.004602	0.004757	1.534702	1.441838
3547661287.179036	47.241921	553.986322	178.869827	45.445483	562.805212	49.038359	545.167433	-0.023305	-0.019356	1.529814	1.407625
3547661287.856514	47.250997	553.981299	178.843750	45.225223	562.750350	49.276770	545.212249	-0.013893	-0.029235	1.524927	1.407625
3547661288.521984	47.250692	553.990343	178.867462	45.433401	562.804959	49.067982	545.175727	-0.009233	-0.014467	1.529814	1.422287
3547661289.183451	47.245188	553.983583	178.795441	44.798315	562.644577	49.692060	545.322589	-0.000000	-0.014467	1.539589	1.422287
3547661289.862929	47.218484	553.986394	178.775208	44.596885	562.596110	49.840083	545.376677	-0.009233	-0.024278	1.529814	1.412512
3547661290.559420	47.254806	553.986814	178.842117	45.214718	562.752545	49.294894	545.221083	-0.004602	-0.019356	1.534702	1.417400
3547661291.290936	47.253801	553.981281	178.975174	46.394645	562.940179	48.112956	545.022384	-0.013893	-0.000000	1.524927	1.436950
3547661291.962409	47.240298	553.985040	178.829178	45.086960	562.723641	49.393636	545.246440	0.004573	-0.004789	1.544477	1.432063
3547661292.636887	47.250311	553.982071	178.907913	45.790970	562.862968	48.709652	545.101175	-0.013893	0.009482	1.524927	1.446725
3547661293.291350	47.255646	553.983091	178.869873	45.459612	562.802063	49.051680	545.164119	-0.023305	-0.034227	1.515152	1.402737
3547661294.045878	47.244481	553.984462	178.807785	44.904706	562.675001	49.584255	545.293924	-0.009233	-0.044314	1.529814	1.392962
3547661294.717353	47.247162	553.985216	178.815353	44.973228	562.693214	49.521097	545.277219	-0.013893	-0.019356	1.524927	1.417400
3547661295.416847	47.263552	553.986954	178.747299	44.402722	562.520163	50.124381	545.453745	-0.023305	-0.064921	1.515152	1.373412
3547661296.114339	47.246692	553.984918	178.794540	44.792024	562.643706	49.701361	545.326131	-0.028057	-0.029235	1.510264	1.407625
3547661296.805827	47.251575	553.985938	178.850021	45.280835	562.767520	49.222315	545.204356	-0.032839	-0.019356	1.505376	1.417400
3547661297.550353	47.254709	553.984566	178.817825	45.002307	562.698158	49.507111	545.270975	-0.009233	0.018836	1.529814	1.456500
3547661298.243841	47.239993	553.983830	178.774887	44.615635	562.592707	49.864350	545.374954	-0.009233	-0.034227	1.529814	1.402737
3547661298.901306	47.240829	553.986570	178.830917	45.102696	562.728903	49.378963	545.244237	-0.028057	-0.029235	1.510264	1.407625
3547661299.551764	47.260044	553.985952	178.791901	44.782527	562.638230	49.737561	545.333675	-0.028057	-0.029235	1.510264	1.407625
3547661300.905720	47.242308	553.984251	178.815170	44.966779	562.691832	49.517838	545.276670	-0.018584	-0.029235	1.520039	1.407625
3547661301.580196	47.244086	553.984355	178.822678	45.033991	562.708773	49.454181	545.259936	-0.032839	-0.019356	1.505376	1.417400
3547661302.274685	47.246800	553.980790	178.798874	44.829677	562.650133	49.663923	545.311446	-0.018584	-0.044314	1.520039	1.392962
3547661303.019209	47.250329	553.988921	178.910812	45.816742	562.874012	48.683916	545.103831	-0.018584	-0.039253	1.520039	1.397849
3547661303.688683	47.251564	553.988361	178.788437	44.744092	562.632006	49.759036	545.344717	-0.018584	-0.024278	1.520039	1.412512
3547661304.586316	47.253607	553.975979	178.818085	45.003465	562.690155	49.503749	545.261803	-0.028057	-0.034227	1.510264	1.402737
3547661305.276806	47.256666	553.983371	178.863510	45.404554	562.790736	49.108778	545.176006	-0.023305	-0.019356	1.515152	1.417400
3547661305.994313	57.020191	554.578858	186.564148	65.441311	557.754505	48.599070	551.403211	-0.032839	-0.019356	1.505376	1.417400
3547661306.658782	73.010495	556.508750	187.296036	81.397291	553.243534	64.623698	559.773967	-0.009233	-0.044314	1.529814	1.392962
3547661307.339264	90.486809	558.016287	182.289124	89.796740	549.042781	91.176878	566.989793	-0.037653	-0.029235	1.500489	1.407625
3547661308.054767	109.225391	557.320352	172.364258	105.528135	565.525856	112.922647	549.114847	-0.023305	-0.014467	1.515152	1.422287
3547661308.767266	129.331085	552.369853	157.358757	126.851459	543.718179	131.810711	561.021527	0.004573	-0.019356	1.544477	1.417400
3547661319.883107	171.746910	541.583109	169.786041	170.490684	532.671213	173.003136	550.495005	-0.032839	-0.054545	1.505376	1.383187
3547661321.990596	213.372821	518.280845	124.864388	219.824752	512.006087	206.920890	524.555603	-0.023305	-0.039253	1.515152	1.397849
3547661332.147762	233.647180	494.716567	154.686752	239.773444	501.309661	227.520916	488.123473	-0.042498	-0.059715	1.495601	1.378299
3547661332.917303	248.014666	490.538164	173.096237	250.748545	499.112889	245.280787	481.963440	-0.042498	-0.059715	1.495601	1.378299
3547661334.475402	278.829023	493.728074	198.573700	284.299764	500.874472	273.358283	486.581676	-0.018584	-0.034227	1.520039	1.402737
3547661335.185904	287.129829	498.174687	239.245544	282.937913	490.210527	291.321745	506.138847	-0.037653	-0.049412	1.500489	1.388074
3547661335.926427	287.921451	501.945744	273.939392	293.156854	509.266301	282.686047	494.625187	-0.023305	-0.044314	1.515152	1.392962
3547661336.632924	287.839342	501.887302	267.761383	293.814345	508.617781	281.864339	495.156824	-0.052283	-0.029235	1.485826	1.407625
3547661337.324412	286.873882	498.531152	236.390121	293.143442	504.988133	280.604321	492.074170	-0.042498	-0.049412	1.495601	1.388074
3547661337.992883	287.628557	500.366862	255.811295	296.394608	502.405572	278.862505	498.328153	-0.023305	-0.064921	1.515152	1.373412
3547661338.688376	287.575675	503.544120	283.424652	281.907352	496.553404	293.243998	510.534837	-0.037653	-0.059715	1.500489	1.378299
3547661339.400877	284.381858	510.593636	299.572662	292.488088	514.503755	276.275628	506.683517	-0.037653	-0.075446	1.500489	1.363636
3547661340.145402	276.708934	521.107339	311.149292	277.890090	530.029495	275.527777	512.185183	-0.028057	-0.059715	1.510264	1.378299
3547661340.809871	266.541129	530.240319	322.376007	258.126841	533.434023	274.955418	527.046614	-0.037653	-0.034227	1.500489	1.402737
3547661342.872329	234.289354	545.068062	348.946930	236.342426	553.830761	232.236283	536.305363	-0.032839	-0.059715	1.505376	1.378299
3547661344.294331	208.625442	546.112968	7.226635	201.339149	540.829983	215.911735	551.395953	-0.032839	-0.044314	1.505376	1.392962
3547661345.059871	195.270934	542.747727	19.060343	193.387870	533.946928	197.153999	551.548526	-0.018584	-0.054545	1.520039	1.383187
3547661358.329233	159.136535	510.256343	51.162001	152.106115	504.637340	166.166956	515.875345	-0.052283	-0.070165	1.485826	1.368524
3547661359.046737	148.368789	498.556560	44.386381	144.830199	490.281393	151.907379	506.831726	-0.032839	-0.054545	1.505376	1.383187
3547661359.728218	136.001568	488.315368	33.157196	127.132026	489.842206	144.871109	486.788530	-0.032839	-0.044314	1.505376	1.392962
3547661363.150633	62.046457	484.765522	324.100647	66.491826	492.591037	57.601088	476.940006	-0.023305	-0.004789	1.515152	1.432063
3547661363.859132	51.392014	494.265758	315.248657	43.414905	490.098538	59.369124	498.432979	-0.042498	-0.075446	1.495601	1.363636
3547661364.526607	41.203057	506.327402	304.822388	41.993141	515.292656	40.412972	497.362149	-0.032839	-0.034227	1.505376	1.402737
3547661365.174062	34.096839	518.138974	295.330200	33.912435	509.140863	34.281243	527.137085	-0.028057	-0.049412	1.510264	1.388074
3547661366.545028	25.647181	544.697560	278.270966	16.905172	546.837021	34.389189	542.558098	-0.028057	-0.070165	1.510264	1.368524
3547661367.207496	24.447070	559.554240	269.840881	27.415229	551.057768	21.478911	568.050712	-0.037653	-0.044314	1.500489	1.392962
3547661367.893979	25.791572	573.137992	261.535583	32.142761	579.514699	19.440383	566.761285	0.009116	-0.034227	1.549365	1.402737
3547661370.767006	40.261904	568.860968	108.513603	31.336288	570.015686	49.187521	567.706250	-0.023305	-0.054545	1.515152	1.383187
3547661371.437479	43.657117	550.851393	90.391174	37.756474	557.647158	49.557759	544.055628	-0.042498	-0.054545	1.495601	1.383187
3547661372.813450	29.604778	514.908667	41.855061	37.247043	519.662169	21.962512	510.155166	-0.037653	-0.019356	1.500489	1.417400
3547661373.491928	16.643037	506.759772	37.829849	15.469750	497.836577	17.816325	515.682966	-0.037653	-0.044314	1.500489	1.392962
3547661374.201428	14.419306	503.464446	73.553619	23.084039	505.898042	5.754572	501.030851	-0.032839	-0.054545	1.505376	1.383187
3547661374.837877	14.604486	499.422206	111.098228	22.791504	503.160219	6.417469	495.684193	-0.023305	-0.034227	1.515152	1.402737
3547661375.581403	16.339361	496.995999	137.647568	21.290449	489.480234	11.388273	504.511764	-0.018584	-0.024278	1.520039	1.412512
3547661376.274892	20.164150	495.028168	158.152237	12.258119	490.727625	28.070181	499.328712	-0.004602	-0.054545	1.534702	1.383187
3547661376.935357	34.557196	489.321844	153.846268	33.732404	498.283971	35.381988	480.359717	-0.023305	-0.029235	1.515152	1.407625
3547661378.264295	60.631928	466.137454	119.309464	61.270906	457.160165	59.992950	475.114742	-0.013893	-0.059715	1.524927	1.378299
3547661379.621255	64.199855	430.435764	68.368523	70.311622	423.829229	58.088088	437.042299	-0.023305	-0.029235	1.515152	1.407625
3547661380.334757	54.018774	414.835120	44.505669	49.520546	407.039868	58.517003	422.630371	-0.047374	-0.034227	1.490714	1.402737
3547661381.019239	39.380292	404.879048	23.992579	47.558605	401.122028	31.201979	408.636068	-0.032839	-0.064921	1.505376	1.373412
3547661381.760762	24.034124	401.301489	3.498062	27.174836	409.735701	20.893411	392.867278	-0.032839	-0.034227	1.505376	1.402737
3547661382.421227	14.099692	401.933237	319.683685	20.291926	395.402063	7.907457	408.464411	-0.028057	-0.054545	1.510264	1.383187
3547661383.153744	13.682386	403.105426	252.218552	6.682291	397.448690	20.682481	408.762163	-0.013893	-0.075446	1.524927	1.363636
3547661383.874252	19.103369	407.958932	217.395920	24.376735	415.252190	13.830002	400.665674	-0.032839	-0.034227	1.505376	1.402737
3547661394.172522	86.707358	412.227923	155.649689	95.618228	410.964439	77.796488	413.491407	-0.028057	-0.034227	1.510264	1.402737
3547661395.540483	116.417402	399.391468	155.285995	125.194864	401.380478	107.639940	397.402458	0.027008	-0.024278	1.568915	1.412512
3547661396.213958	130.084146	392.666048	152.277008	121.120762	391.855029	139.047530	393.477067	-0.013893	-0.009612	1.524927	1.427175
3547661396.945474	144.447711	384.425602	146.101608	135.449097	384.583543	153.446325	384.267661	-0.009233	-0.000000	1.529814	1.436950
3547661397.640966	157.497080	375.141790	142.400566	165.207654	379.783670	149.786506	370.499911	-0.000000	-0.024278	1.539589	1.412512
3547661399.005930	181.507631	353.423383	133.279968	172.760733	351.304001	190.254529	355.542765	-0.023305	-0.000000	1.515152	1.436950
3547661399.707423	192.446214	341.284579	129.220856	196.079509	349.518603	188.812918	333.050554	-0.000000	0.009482	1.539589	1.446725
3547661400.406923	202.197737	328.540076	123.337273	208.748249	334.711850	195.647224	322.368303	0.013631	0.046161	1.554252	1.485826
3547661401.083395	211.610746	312.659904	115.180664	203.767196	317.073375	219.454295	308.246433	0.004573	0.023466	1.544477	1.461388
3547661401.770881	217.031928	297.575493	107.046890	214.956127	288.818151	219.107729	306.332836	0.013631	0.037173	1.554252	1.476051
3547661402.459365	220.331440	282.207370	98.464378	228.247777	286.488912	212.415102	277.925828	0.031411	0.059423	1.573803	1.500489
3547661403.130845	221.955472	266.974076	90.968124	220.716852	275.888437	223.194091	258.059716	0.022577	0.068121	1.564027	1.510264
3547661404.530827	221.444822	237.291122	85.549927	227.425998	244.016115	215.463645	230.566129	0.022577	0.089382	1.564027	1.534702
3547661405.938820	217.255124	208.403150	78.446342	216.415084	217.363861	218.095165	199.442440	0.044459	0.089382	1.588465	1.534702
3547661406.641316	214.093348	193.385657	75.835953	210.278394	185.234207	217.908301	201.537106	0.040137	0.089382	1.583578	1.534702
3547661408.023290	204.632812	165.094637	65.946808	204.393099	174.091444	204.872524	156.097829	0.035787	0.089382	1.578690	1.534702
3547661408.691763	198.101916	151.841832	59.804626	199.128968	160.783038	197.074864	142.900626	0.044459	0.101816	1.588465	1.549365
3547661409.406266	190.515642	139.358755	56.925194	187.206414	130.989227	193.824871	147.728283	0.061486	0.118034	1.608016	1.568915
3547661410.103759	183.787276	128.697552	54.592726	192.127969	132.078799	175.446582	125.316304	0.094327	0.125992	1.647116	1.578690
3547661411.531766	165.993960	106.646684	48.055191	173.215535	112.017798	158.772386	101.275571	0.110169	0.125992	1.666667	1.578690
3547661412.294303	156.189762	96.668174	43.814209	157.695442	87.795016	154.684082	105.541332	0.110169	0.149286	1.666667	1.608016
3547661413.015812	145.338694	86.468047	41.330376	149.571715	94.410435	141.105672	78.525659	0.110169	0.145463	1.666667	1.603128
3547661413.716306	135.035399	77.263324	40.313440	130.506860	85.041006	139.563937	69.485642	0.106244	0.122025	1.661779	1.573803
3547661415.790770	103.727801	51.948944	36.871716	110.353347	45.857791	97.102256	58.040098	0.098323	0.118034	1.652004	1.568915
3547661416.517282	92.948861	44.188402	37.155830	97.601390	36.484249	88.296331	51.892554	0.094327	0.145463	1.647116	1.603128
3547661417.212774	82.744469	37.107877	33.607533	75.423799	42.343122	90.065138	31.872632	0.082196	0.114017	1.632454	1.564027
3547661417.914268	71.736056	29.794492	31.721855	69.025447	21.212383	74.446665	38.376601	0.094327	0.109976	1.647116	1.559140
3547661418.598750	60.994572	23.598632	30.625048	67.393316	17.269646	54.595828	29.927619	0.082196	0.101816	1.632454	1.549365
3547661422.023169	38.416473	23.957744	276.213196	40.616569	15.230799	36.216377	32.684690	0.057268	0.059423	1.603128	1.500489
3547661422.683634	37.304289	38.743515	275.168610	45.955644	36.262780	28.652933	41.224249	0.053024	0.059423	1.598240	1.500489
3547661424.905200	36.851981	83.730841	265.167175	28.247077	81.093490	45.456885	86.368193	0.027008	0.055031	1.568915	1.495601
3547661425.595688	39.517661	102.006918	258.283997	33.904841	94.971560	45.130480	109.042276	0.035787	0.063786	1.578690	1.505376
3547661427.001679	47.502789	131.692893	251.933990	42.372254	124.298462	52.633324	139.087325	0.044459	0.041682	1.588465	1.480938
3547661427.690165	52.393550	146.102377	249.830917	61.368719	145.434280	43.418382	146.770475	0.044459	0.032635	1.588465	1.471163
3547661428.386655	58.867458	161.509093	243.723816	67.586812	159.279098	50.148105	163.739088	0.022577	0.032635	1.564027	1.471163
3547661429.777638	75.437808	187.273653	231.671036	81.936630	181.047473	68.938986	193.499833	0.040137	0.023466	1.583578	1.461388
3547661430.491141	85.319253	199.227648	228.355194	77.839419	204.232853	92.799087	194.222443	0.027008	0.046161	1.568915	1.485826
3547661431.192636	96.454400	211.018964	226.312790	95.393801	202.081675	97.515000	219.956252	0.048755	0.059423	1.593353	1.500489
3547661431.897134	106.640920	221.159500	224.724625	115.595281	220.254284	97.686559	222.064716	0.048755	0.041682	1.593353	1.480938
3547661433.246086	128.318663	239.922934	218.253685	137.284621	240.704986	119.352706	239.140881	0.106244	0.076707	1.661779	1.520039
3547661433.928566	139.335962	248.367117	219.993347	138.600031	239.397256	140.071892	257.336978	0.177093	0.097698	1.754643	1.544477
3547661434.620054	150.612563	257.024401	216.109604	145.092455	264.132735	156.132671	249.916067	0.250300	0.149286	1.862170	1.608016
3547661435.327553	161.993387	265.728775	217.350693	166.931620	273.252992	157.055153	258.204557	0.304193	0.207443	1.950147	1.686217
3547661436.031049	172.183286	274.662924	223.928782	179.095236	280.427033	165.271337	268.898815	0.340186	0.217752	2.013685	1.700880
3547661436.747555	180.862484	283.576763	228.129761	172.453102	286.783365	189.271866	280.370161	0.378994	0.306037	2.086999	1.837732
3547661437.423031	189.110212	293.486294	232.437236	189.475699	284.493719	188.744725	302.478870	0.373978	0.358816	2.077224	1.930596
3547661438.073497	195.637082	302.840193	239.126953	192.416877	294.436011	198.857287	311.244375	0.388887	0.371872	2.106549	1.955034
3547661438.792999	201.628494	312.777893	241.701752	199.832686	321.596910	203.424303	303.958875	0.396186	0.382085	2.121212	1.974585
3547661439.467474	205.607891	321.396428	243.631561	214.495602	319.979176	196.720181	322.813680	0.388887	0.392096	2.106549	1.994135
3547661440.125945	210.208402	331.310513	244.401871	215.600155	324.104335	204.816648	338.516690	0.383963	0.379550	2.096774	1.969697
3547661440.836441	213.868328	339.406008	245.491928	209.972278	331.293006	217.764377	347.519010	0.386431	0.374445	2.101662	1.959922
3547661441.537936	217.625067	347.948642	246.514633	208.670381	347.046648	226.579753	348.850636	0.383963	0.361454	2.096774	1.935484
3547661442.221416	221.309909	356.651859	246.137085	213.318403	352.512313	229.301414	360.791405	0.376492	0.345426	2.082111	1.906158
3547661443.582377	229.794216	377.009131	249.620667	238.711174	378.228910	220.877258	375.789351	0.345523	0.320437	2.023460	1.862170
3547661444.283871	233.360574	388.036981	252.731110	224.485931	386.540079	242.235217	389.533883	0.321092	0.308948	1.979472	1.842620
3547661444.952343	236.059677	397.072651	254.132767	233.090232	405.568674	239.029121	388.576629	0.304193	0.288244	1.950147	1.808407
3547661447.009796	242.571483	430.600583	261.586975	249.241852	436.642618	235.901114	424.558549	0.268821	0.250868	1.891496	1.749756
3547661447.731303	243.741827	442.427801	266.733612	241.066987	451.021126	246.416667	433.834476	0.262712	0.237846	1.881720	1.730205
3547661448.414785	244.321628	454.477353	267.988037	251.656275	459.692998	236.986981	449.261708	0.253428	0.221149	1.867058	1.705767
3547661449.116280	244.266676	467.469982	269.288971	251.248963	461.791279	237.284389	473.148685	0.227941	0.224527	1.827957	1.710655
3547661450.464232	244.099466	491.751390	270.026581	245.447856	482.852972	242.751075	500.649808	0.221398	0.171746	1.818182	1.637341
3547661451.163726	243.499854	503.785555	274.528503	251.920215	506.963213	235.079492	500.607896	0.211451	0.160618	1.803519	1.622678
3547661451.838201	242.505663	516.474696	276.342438	243.562660	507.536980	241.448667	525.412411	0.197934	0.168059	1.783969	1.632454
3547661452.541697	241.146611	528.879733	273.825775	245.518308	536.746642	236.774913	521.012823	0.187599	0.149286	1.769306	1.608016
3547661453.949690	238.285299	553.322374	277.881073	229.386193	551.978526	247.184404	554.666221	0.177093	0.137746	1.754643	1.593353
3547661454.637176	235.979439	566.544051	278.457672	227.786494	570.269054	244.172384	562.819048	0.166409	0.118034	1.739980	1.568915
3547661455.331666	233.629337	579.052596	282.493683	235.852972	570.331619	231.405702	587.773573	0.162807	0.109976	1.735093	1.559140
3547661457.428145	226.922751	580.924564	33.079735	217.961654	581.760465	235.883849	580.088663	0.166409	0.114017	1.739980	1.564027
3547661458.165666	217.202449	573.816381	40.532356	214.471082	582.391907	219.933816	565.240856	0.133249	0.089382	1.695992	1.534702
3547661458.852150	207.975743	564.736322	46.489456	202.641250	571.984990	213.310236	557.487654	0.117952	0.089382	1.676442	1.534702
3547661459.705752	198.532203	553.602579	50.971184	192.695093	546.752167	204.369313	560.452991	0.114072	0.068121	1.671554	1.510264
3547661460.459286	190.487294	543.003834	54.532173	198.608083	546.883627	182.366505	539.124042	0.106244	0.076707	1.661779	1.520039
3547661461.156776	180.701011	528.661067	57.336300	174.322849	522.311339	187.079173	535.010796	0.102295	0.055031	1.656891	1.495601
3547661461.842258	173.271988	515.320192	63.219685	169.868351	506.988610	176.675625	523.651773	0.082196	0.050611	1.632454	1.490714
3547661462.592788	167.092776	502.080642	66.174797	168.892718	510.898817	165.292834	493.262467	0.073987	0.089382	1.622678	1.534702
3547661463.312302	161.024720	486.911592	68.164654	168.347473	481.679260	153.701968	492.143924	0.082196	0.059423	1.632454	1.500489
3547661464.852382	151.201207	458.047638	73.744072	160.169958	458.796969	142.232455	457.298308	0.110169	0.114017	1.666667	1.564027
3547661465.547875	146.344980	441.688052	73.487968	154.831394	444.684845	137.858565	438.691260	0.187599	0.164350	1.769306	1.627566
3547661466.960872	137.259233	412.608342	71.517799	131.198411	419.261644	143.320055	405.955039	0.304193	0.288244	1.950147	1.808407
3547661467.689392	133.386752	399.546242	74.354252	141.166425	395.021124	125.607080	404.071361	0.368915	0.311843	2.067449	1.847507
3547661468.367862	130.002461	386.650930	78.141022	126.507691	394.944697	133.497232	378.357162	0.403386	0.371872	2.135875	1.955034
3547661469.102382	127.969810	374.067491	82.454861	121.682328	367.627959	134.257292	380.507023	0.440173	0.404338	2.214076	2.018573
3547661470.417308	127.258040	351.614958	93.321274	134.453775	346.209276	120.062305	357.020640	0.478571	0.459201	2.302053	2.135875
3547661471.090784	129.199899	340.864237	104.276035	134.307483	348.274539	124.092314	333.453934	0.494710	0.465638	2.341153	2.150538
3547661471.802286	132.495274	330.370826	111.587280	141.478677	329.824492	123.511872	330.917159	0.500624	0.465638	2.355816	2.150538
3547661472.499779	137.766557	319.586107	114.297821	129.376623	316.328960	146.156491	322.843253	0.488721	0.461356	2.326491	2.140762
3547661473.187263	143.950549	309.780153	124.885689	150.267366	303.369394	137.633732	316.190911	0.490726	0.463502	2.331378	2.145650
3547661473.893763	150.224885	301.542655	132.127598	148.607365	292.689202	151.842405	310.396108	0.476515	0.463502	2.297165	2.145650
3547661474.555228	157.850633	294.497799	140.999546	154.578284	302.881816	161.122981	286.113783	0.490726	0.463502	2.331378	2.145650
3547661475.188674	166.822921	287.672561	148.297150	172.214233	294.879069	161.431610	280.466053	0.498661	0.488507	2.350929	2.204301
3547661475.899180	175.443944	282.961199	153.366104	170.572596	290.528892	180.315292	275.393507	0.523562	0.521737	2.414467	2.287390
3547661476.568650	186.581619	279.299683	161.880424	195.546474	278.505093	177.616764	280.094272	0.538245	0.532896	2.453568	2.316716
3547661477.339193	196.428993	275.982203	168.298874	205.204809	273.985942	187.653177	277.978463	0.561132	0.581444	2.517107	2.453568
3547661478.060707	207.588657	274.527359	173.204041	211.229261	282.758155	203.948054	266.296562	0.569630	0.584705	2.541544	2.463343
3547661478.828246	218.392266	274.009521	183.459076	209.860811	271.143468	226.923722	276.875574	0.566251	0.581444	2.531769	2.453568
3547661479.503718	227.895670	275.176943	186.574394	236.348886	278.266140	219.442454	272.087746	0.555954	0.578156	2.502444	2.443793
3547661480.192205	237.518571	277.532566	201.513710	233.589461	269.435524	241.447682	285.629608	0.543631	0.556130	2.468231	2.380254
3547661480.880690	244.883015	281.183643	206.650772	250.641941	274.267375	239.124088	288.099911	0.521694	0.543776	2.409580	2.346041
3547661481.588190	252.666725	285.986397	220.396179	248.473291	278.023037	256.860159	293.949758	0.519817	0.534728	2.404692	2.321603
3547661482.287682	258.584211	292.811474	233.561920	250.629418	288.601811	266.539004	297.021138	0.504526	0.532896	2.365591	2.316716
3547661482.993180	263.660436	301.485966	242.883789	271.140696	306.490534	256.180175	296.481397	0.500624	0.496550	2.355816	2.223851
3547661483.735705	267.175263	310.112003	252.792770	258.225244	309.164816	276.125282	311.059190	0.478571	0.482382	2.302053	2.189638
3547661484.429193	269.085255	319.906879	262.654785	277.594377	316.975182	260.576133	322.838575	0.468202	0.465638	2.277615	2.150538
3547661485.085656	269.698761	330.075078	274.215607	276.732146	335.690370	262.665377	324.459786	0.457609	0.457036	2.253177	2.130987
3547661485.810169	267.756041	339.771807	284.351318	258.762262	340.106379	276.749820	339.437236	0.437950	0.427954	2.209189	2.067449
3547661486.532678	264.727705	348.827784	297.165405	256.090496	351.357333	273.364914	346.298235	0.424403	0.411542	2.179863	2.033236
3547661487.209155	258.518284	357.322941	312.875519	267.150034	354.774826	249.886534	359.871057	0.412833	0.401914	2.155425	2.013685
3547661489.245593	231.383768	373.844259	344.366150	239.801264	370.659019	222.966271	377.029499	0.373978	0.382085	2.077224	1.974585
3547661490.649582	208.308347	374.618668	9.177870	206.108684	383.345722	210.508011	365.891613	0.334797	0.328897	2.003910	1.876833
3547661492.719042	178.075892	357.130736	47.521713	181.562606	365.427893	174.589178	348.833578	0.350809	0.337225	2.033236	1.891496
3547661493.416534	170.510154	347.043765	56.831097	168.001952	338.400333	173.018356	355.687198	0.356044	0.361454	2.043011	1.935484
3547661494.062991	164.574415	335.186246	67.545929	173.574402	335.171064	155.574428	335.201428	0.363803	0.377004	2.057674	1.964809
3547661494.788504	160.794879	322.960091	78.889737	163.880292	331.414689	157.709465	314.505493	0.388887	0.409153	2.106549	2.028348
3547661495.468982	160.037437	310.201931	85.406410	164.995284	317.713239	155.079590	302.690622	0.412833	0.416288	2.155425	2.043011
3547661496.124444	159.767641	298.217525	97.400434	159.867193	307.216975	159.668088	289.218076	0.424403	0.450479	2.179863	2.116325
3547661496.793918	162.067572	285.526305	106.229324	167.036060	278.022031	157.099084	293.030579	0.437950	0.459201	2.209189	2.135875
3547661497.523433	166.683150	275.243647	114.030813	159.449906	269.888260	173.916394	280.599035	0.448967	0.452675	2.233627	2.121212
3547661498.221924	172.593767	264.490104	122.991465	176.664541	272.516859	168.522993	256.463349	0.453307	0.461356	2.243402	2.140762
3547661499.083533	180.172303	255.013710	131.464119	184.350432	247.042309	175.994174	262.985112	0.492722	0.482382	2.336266	2.189638
3547661499.797035	188.266638	247.125586	141.867096	192.545301	255.043480	183.987976	239.207692	0.498661	0.492546	2.350929	2.214076
3547661500.472512	199.906708	238.987124	149.962769	206.570390	232.937715	193.243026	245.036532	0.529124	0.506405	2.429130	2.248289
3547661505.337945	261.367598	238.347305	228.904083	257.597932	246.519797	265.137264	230.174813	0.523562	0.492546	2.414467	2.214076
3547661506.031435	262.545607	240.206187	249.017639	269.198030	246.267975	255.893184	234.144399	0.517933	0.471988	2.399804	2.165200
3547661506.774959	264.696373	249.492153	261.853149	272.721151	253.566823	256.671595	245.417483	0.516041	0.480321	2.394917	2.184751
3547661507.449435	264.679061	249.497107	261.926331	272.980284	252.974133	256.377839	246.020082	0.527278	0.454860	2.424242	2.126100
3547661508.155933	264.626465	251.715929	269.015717	272.882185	248.132204	256.370745	255.299655	0.521694	0.446058	2.409580	2.106549
3547661508.836413	262.588623	260.338113	293.147079	270.057895	265.359066	255.119351	255.317159	0.521694	0.443832	2.409580	2.101662
3547661509.520895	256.786744	268.905677	314.431046	254.370723	260.236026	259.202764	277.575328	0.506465	0.437091	2.370479	2.086999
3547661510.189367	248.961263	275.242141	326.749664	248.745029	266.244739	249.177497	284.239543	0.502579	0.420988	2.360704	2.052786
3547661510.869852	239.980600	279.132264	346.497574	232.807218	273.696954	247.153981	284.567574	0.502579	0.427954	2.360704	2.067449
3547661511.545324	229.818558	280.590138	358.383911	227.658708	271.853145	231.978407	289.327131	0.492722	0.423321	2.336266	2.057674
3547661512.247819	219.650154	279.215844	15.184036	215.147592	287.008593	224.152716	271.423095	0.482657	0.420988	2.311828	2.052786
3547661512.985342	209.836040	274.828664	31.479474	209.264497	265.846830	210.407583	283.810497	0.476515	0.411542	2.297165	2.033236
3547661513.647808	201.654577	268.452090	46.230383	194.641109	274.092237	208.668045	262.811942	0.466102	0.413921	2.272727	2.038123
3547661514.350309	195.575190	258.894312	63.772099	188.305865	253.588004	202.844516	264.200620	0.474450	0.420988	2.292278	2.052786
3547661515.105842	192.082956	248.925445	80.276390	200.959570	247.440273	183.206343	250.410617	0.466102	0.416288	2.272727	2.043011
3547661517.154281	201.132234	216.475194	128.595322	199.256296	225.277515	203.008172	207.672873	0.437950	0.401914	2.209189	2.013685
3547661517.847774	209.208880	208.221328	143.795914	215.125380	201.439364	203.292380	215.003292	0.435717	0.394569	2.204301	1.999022
3547661518.505233	218.787958	203.360369	159.830566	215.360778	211.682294	222.215138	195.038444	0.424403	0.364078	2.179863	1.940371
3547661519.192719	230.231080	200.709630	176.085892	228.826517	191.819905	231.635644	209.599354	0.417492	0.350823	2.165200	1.915934
3547661519.891212	241.406448	201.405686	190.756760	234.467550	207.137325	248.345347	195.674046	0.393764	0.345426	2.116325	1.906158
3547661520.554686	253.092858	204.901991	201.830460	246.837147	198.431591	259.348569	211.372391	0.383963	0.337225	2.096774	1.891496
3547661521.234160	264.077126	211.452719	217.140106	267.333453	219.842971	260.820799	203.062466	0.371452	0.331687	2.072336	1.881720
3547661521.918642	272.770576	219.439717	230.317795	280.252720	224.441470	265.288433	214.437964	0.356044	0.308948	2.043011	1.842620
3547661523.330639	282.866475	241.022673	264.408752	278.433900	233.189903	287.299050	248.855442	0.342861	0.294239	2.018573	1.818182
3547661524.049145	282.034729	252.995280	277.962524	273.055790	252.379931	291.013668	253.610628	0.340186	0.263602	2.013685	1.769306
3547661524.746637	279.887123	262.216252	288.490952	284.480125	254.476463	275.294121	269.956041	0.356044	0.250868	2.043011	1.749756
3547661525.417110	273.968456	274.057817	301.392609	275.759003	265.237729	272.177908	282.877904	0.348172	0.269864	2.028348	1.779081
3547661526.084583	266.032269	283.856856	318.098145	272.471436	290.144713	259.593103	277.569000	0.356044	0.300169	2.043011	1.827957
3547661526.827106	256.070198	291.344916	330.064392	257.833195	300.170552	254.307202	282.519281	0.376492	0.323271	2.082111	1.867058
3547661527.536606	244.741679	295.900894	343.867462	253.657432	297.129447	235.825926	294.672341	0.383963	0.334463	2.096774	1.886608
3547661528.197072	232.119941	298.005242	357.088638	239.939811	293.549950	224.300070	302.460533	0.386431	0.350823	2.101662	1.915934
3547661528.864542	219.452265	296.919950	11.744956	226.041260	290.789277	212.863271	303.050623	0.386431	0.342706	2.101662	1.901271
3547661529.537018	209.182779	293.812866	22.845079	215.967599	299.726090	202.397959	287.899642	0.378994	0.337225	2.086999	1.891496
3547661530.227505	199.151493	287.905954	37.590683	200.125442	278.958808	198.177544	296.853100	0.381485	0.345426	2.091887	1.906158
3547661530.935003	190.387537	279.341372	51.146368	183.445811	273.613157	197.329262	285.069587	0.373978	0.334463	2.077224	1.886608
3547661531.633497	184.216182	269.522421	63.545676	178.323629	262.719641	190.108735	276.325202	0.381485	0.331687	2.091887	1.881720
3547661532.342997	180.343944	257.474111	79.250538	186.215371	264.295133	174.472517	250.653089	0.371452	0.314723	2.072336	1.852395
3547661534.441479	187.560803	221.144716	119.990128	182.407897	213.765857	192.713708	228.523575	0.403386	0.291249	2.135875	1.813294
3547661535.102945	195.348160	209.848210	132.286469	192.350365	201.362150	198.345955	218.334271	0.415168	0.291249	2.160313	1.813294
3547661535.781423	204.580789	201.738670	147.980515	207.460195	210.265629	201.701384	193.211712	0.419806	0.308948	2.170088	1.842620
3547661537.223440	227.629032	194.895728	180.230637	235.879740	198.490978	219.378324	191.300479	0.417492	0.257270	2.165200	1.759531
3547661537.889911	240.648375	197.325770	197.871124	240.205638	206.314873	241.091113	188.336666	0.424403	0.254078	2.179863	1.754643
3547661538.595408	252.717275	203.834219	218.717346	261.086371	200.523896	244.348180	207.144542	0.484687	0.257270	2.316716	1.759531
3547661539.309911	261.360784	212.895237	234.950745	255.781054	219.956867	266.940513	205.833607	0.606705	0.334463	2.653959	1.886608
3547661539.968378	266.164590	223.912747	256.938629	271.767339	216.869367	260.561841	230.956127	0.649201	0.416288	2.795699	2.043011
3547661542.017823	265.742909	238.550023	286.066010	267.363720	247.402874	264.122098	229.697172	0.706038	0.586326	3.010753	2.468231
3547661542.732327	260.393825	248.638860	308.714111	253.703876	242.618512	267.083774	254.659208	0.701209	0.594336	2.991202	2.492669
3547661543.538895	253.594834	255.508456	320.354980	254.381062	246.542864	252.808606	264.474048	0.696316	0.603742	2.971652	2.521994
3547661544.932880	238.681191	260.935801	359.595764	229.742296	259.888825	247.620086	261.982777	0.685068	0.597495	2.927664	2.502444
3547661545.647383	230.843165	260.342550	10.407183	238.329677	265.337761	223.356652	255.347339	0.679960	0.608364	2.908113	2.536657
3547661546.359885	224.613183	258.006640	32.625763	216.193159	254.828087	233.033207	261.185192	0.673477	0.597495	2.883675	2.502444
3547661547.046370	219.503128	253.332702	47.833351	225.365954	260.161118	213.640301	246.504286	0.662873	0.589549	2.844575	2.478006
3547661547.727850	214.831402	246.756915	60.278313	219.824075	254.245119	209.838728	239.268710	0.653353	0.578156	2.810362	2.443793
3547661548.427346	211.855160	240.053976	74.376770	219.530971	235.354836	204.179349	244.753117	0.646409	0.571502	2.785924	2.424242
3547661549.813323	213.080549	224.912721	109.609810	210.028878	233.379557	216.132220	216.445886	0.639343	0.550879	2.761486	2.365591
3547661550.505813	216.704063	217.018048	124.702034	224.085408	211.868704	209.322718	222.167393	0.623348	0.545563	2.707722	2.350929
3547661551.201301	222.234625	211.577256	144.144928	225.475181	203.180900	218.994069	219.973612	0.621862	0.556130	2.702835	2.380254
3547661551.907799	229.882392	207.604242	161.042938	236.473212	213.732953	223.291572	201.475532	0.608246	0.540179	2.658847	2.336266
3547661552.557258	238.726981	205.464548	170.420593	232.432173	199.032177	245.021788	211.896919	0.603606	0.532896	2.644184	2.316716
3547661553.202714	247.989833	205.407320	187.366821	256.124690	201.557112	239.854976	209.257529	0.597339	0.534728	2.624633	2.321603
3547661553.926224	257.159989	207.332736	195.527496	251.033465	200.739884	263.286514	213.925588	0.587762	0.532896	2.595308	2.316716
3547661554.671751	265.346381	210.951784	212.418503	273.766282	207.772905	256.926480	214.130662	0.589373	0.564740	2.600196	2.404692
3547661555.384252	272.562897	216.797394	224.027298	280.008270	221.853719	265.117524	211.741069	0.579614	0.571502	2.570870	2.424242
3547661556.070737	278.864100	224.453002	237.228851	287.857394	224.105634	269.870806	224.800369	0.574651	0.550879	2.556207	2.365591
3547661557.484736	284.555996	241.073783	265.167847	275.949323	238.442209	293.162669	243.705357	0.540048	0.527352	2.458456	2.302053
3547661558.835686	281.917989	257.909589	281.660919	289.865850	253.686852	273.970128	262.132326	0.517933	0.504451	2.399804	2.243402
3547661559.492150	280.223163	266.201056	286.100357	282.147032	274.993026	278.299294	257.409087	0.517933	0.496550	2.399804	2.223851
3547661560.216661	276.735872	274.028923	299.113403	282.268851	281.127242	271.202893	266.930603	0.498661	0.484433	2.350929	2.194526
3547661560.915156	271.498452	282.310308	306.811707	279.368818	277.944839	263.628085	286.675778	0.478571	0.474085	2.302053	2.170088
3547661561.558609	264.774270	289.481195	318.769196	273.727071	290.401711	255.821469	288.560678	0.459746	0.450479	2.258065	2.116325
3547661562.269112	257.131820	294.963356	329.254868	251.958610	302.327995	262.305030	287.598718	0.457609	0.454860	2.253177	2.126100
3547661562.968602	248.762739	299.210820	336.544861	252.221417	307.519704	245.304060	290.901937	0.444589	0.434823	2.223851	2.082111
3547661563.683107	238.991583	302.318780	348.127121	233.986850	309.798930	243.996316	294.838629	0.424403	0.404338	2.179863	2.018573
3547661564.340573	228.647187	303.987735	353.507935	219.675087	304.695852	237.619287	303.279618	0.417492	0.394569	2.165200	1.999022
3547661565.033060	217.844515	303.837607	4.204870	225.710091	308.211703	209.978939	299.463511	0.400997	0.394569	2.130987	1.999022
3547661565.720545	207.404049	302.839116	11.132431	216.319897	301.611251	198.488201	304.066981	0.398597	0.387115	2.126100	1.984360
3547661566.428043	197.702904	299.761573	20.457677	188.709172	300.097417	206.696635	299.425729	0.366365	0.366689	2.062561	1.945259
3547661567.120534	187.430970	295.235110	31.120655	190.049966	286.624601	184.811973	303.845619	0.368915	0.350823	2.067449	1.915934
3547661567.822028	178.211257	288.392557	41.186550	181.262188	296.859659	175.160326	279.925455	0.353433	0.339973	2.038123	1.896383
3547661568.511513	170.240598	280.605399	48.805075	179.185818	279.613919	161.295378	281.596880	0.345523	0.334463	2.023460	1.886608
3547661569.210007	163.304493	270.513597	58.915871	157.010974	276.947228	169.598013	264.079966	0.332083	0.317587	1.999022	1.857283
3547661569.875475	157.796971	260.065269	66.771154	164.238787	266.350411	151.355155	253.780128	0.326615	0.297212	1.989247	1.823069
3547661570.564962	154.214650	248.436796	74.494473	161.285529	242.868791	147.143772	254.004801	0.307044	0.317587	1.955034	1.857283
3547661571.232435	151.856753	235.803109	84.478661	148.818565	244.274792	154.894942	227.331426	0.304193	0.279129	1.950147	1.793744
3547661571.934929	151.109032	223.647323	88.156368	149.393626	214.812314	152.824437	232.482332	0.298446	0.266741	1.940371	1.774194
3547661573.353930	154.788574	197.981479	108.270576	145.847372	196.954391	163.729776	199.008567	0.271853	0.254078	1.896383	1.754643
3547661574.035411	159.696637	185.767552	115.714966	155.193803	193.560144	164.199470	177.974960	0.262712	0.227885	1.881720	1.715543
3547661575.379360	175.425373	163.343885	132.430481	171.240732	155.375900	179.610013	171.311869	0.227941	0.196953	1.827957	1.671554
3547661576.021812	185.340620	154.102100	140.920036	181.412701	162.199720	189.268539	146.004480	0.231186	0.210899	1.832845	1.691105
3547661576.728311	195.408231	146.282936	149.404480	204.264705	144.682041	186.551757	147.883832	0.211451	0.193416	1.803519	1.666667
3547661577.428805	207.487424	140.138750	155.983231	215.493551	136.027553	199.481298	144.249947	0.208099	0.175412	1.798631	1.642229
3547661578.112288	221.428587	135.829161	166.583649	222.140983	144.800922	220.716190	126.857400	0.204729	0.196953	1.793744	1.671554
3547661578.819787	236.121651	134.086329	180.375000	244.803754	136.457212	227.439548	131.715446	0.204729	0.171746	1.793744	1.637341
3547661579.485254	251.274556	135.529824	191.644272	251.338635	144.529596	251.210477	126.530052	0.208099	0.175412	1.798631	1.642229
3547661580.193756	266.089425	140.225360	201.310547	263.874851	131.502077	268.303999	148.948643	0.224679	0.175412	1.823069	1.642229
3547661580.891247	278.665225	146.966599	213.181793	282.551586	138.848951	274.778865	155.084246	0.234414	0.175412	1.837732	1.642229
3547661581.578732	285.888729	153.649116	250.240677	293.854740	149.460719	277.922718	157.837512	0.250300	0.193416	1.862170	1.666667
3547661582.304246	285.770347	158.099987	291.274597	278.756807	163.740045	292.783887	152.459928	0.274868	0.207443	1.901271	1.686217
3547661582.979721	281.764443	163.033080	317.065948	279.669648	171.785899	283.859238	154.280261	0.259633	0.227885	1.876833	1.715543
3547661587.802123	195.275903	164.112656	33.814526	189.187443	170.740677	201.364363	157.484636	0.268821	0.214336	1.891496	1.695992
3547661588.468605	185.244366	155.511890	43.548933	189.023703	147.343866	181.465029	163.679913	0.277868	0.227885	1.906158	1.715543
3547661589.142070	176.928511	145.619882	56.230991	179.739752	137.070208	174.117271	154.169556	0.256538	0.210899	1.871945	1.691105
3547661589.803536	170.207733	134.120781	65.767448	168.366842	142.930498	172.048625	125.311063	0.253428	0.210899	1.867058	1.691105
3547661591.225539	163.824288	108.457924	85.750755	171.026763	113.854623	156.621813	103.061225	0.237625	0.200470	1.842620	1.676442
3547661591.944046	163.778606	94.473744	95.702660	154.839003	93.432831	172.718209	95.514656	0.211451	0.186278	1.803519	1.656891
3547661592.615518	166.697053	80.419999	106.635574	168.295707	71.563120	165.098398	89.276878	0.214785	0.182677	1.808407	1.652004
3547661594.006502	180.923874	54.750750	129.637840	187.580672	60.807733	174.267077	48.693767	0.194508	0.186278	1.779081	1.656891
3547661594.668967	190.766799	44.830852	140.969467	187.243787	53.112662	194.289811	36.549041	0.180614	0.160618	1.759531	1.622678
3547661595.349448	203.601093	36.467748	153.455215	199.422548	44.438932	207.779637	28.496564	0.173551	0.118034	1.749756	1.568915
3547661596.045940	217.746093	30.875797	164.146133	211.395400	24.498595	224.096786	37.252999	0.173551	0.168059	1.749756	1.632454
3547661598.176445	265.355690	34.446725	203.472733	259.348568	41.148551	271.362813	27.744898	0.162807	0.145463	1.735093	1.603128
3547661598.896950	279.156465	42.556220	216.067490	273.341978	49.425844	284.970952	35.686595	0.184117	0.168059	1.764418	1.632454
3547661599.568427	285.978270	49.834055	254.943100	290.087072	57.841411	281.869469	41.826699	0.197934	0.179055	1.783969	1.647116
3547661600.253909	285.378781	54.494659	298.273499	283.786967	63.352770	286.970594	45.636548	0.194508	0.207443	1.779081	1.686217
3547661602.344383	258.361012	70.267041	344.997284	263.277467	62.728575	253.444556	77.805506	0.227941	0.221149	1.827957	1.705767
3547661603.061889	245.867085	72.279174	355.195496	247.615625	81.107685	244.118544	63.450663	0.237625	0.227885	1.842620	1.715543
3547661603.790403	232.588032	72.269632	5.770247	237.004684	64.427873	228.171380	80.111390	0.240819	0.263602	1.847507	1.769306
3547661604.431859	219.169123	69.718499	15.729431	219.362319	78.716426	218.975927	60.720573	0.247157	0.254078	1.857283	1.754643
3547661606.489309	185.274657	51.718201	41.674694	191.940218	57.765539	178.609095	45.670864	0.250300	0.257270	1.862170	1.759531
3547661607.161783	175.707703	42.465226	49.136265	183.844406	38.618921	167.571000	46.311531	0.237625	0.257270	1.842620	1.759531
3547661607.883289	167.592315	31.446608	56.183920	170.802739	23.038685	164.381891	39.854532	0.268821	0.237846	1.891496	1.730205
3547661608.590789	161.495562	20.220589	65.624722	158.420271	28.678874	164.570854	11.762305	0.250300	0.244394	1.862170	1.739980
3547661610.761320	156.292051	16.774195	312.507019	165.262214	17.506435	147.321888	16.041955	0.240819	0.227885	1.847507	1.715543
3547661611.406775	148.786847	24.481771	315.081314	141.615277	19.044071	155.958417	29.919471	0.231186	0.234545	1.832845	1.725318
3547661612.113275	139.000421	33.468373	318.066650	145.238396	39.955873	132.762445	26.980872	0.211451	0.224527	1.803519	1.710655
3547661612.813767	127.767042	41.756608	327.728729	120.178797	36.917337	135.355286	46.595879	0.218100	0.224527	1.813294	1.710655
3547661613.492248	116.518725	48.926048	333.177704	115.005997	40.054089	118.031453	57.798006	0.214785	0.241129	1.808407	1.735093
3547661614.206751	103.992400	54.531925	338.773254	108.454572	46.715978	99.530228	62.347872	0.180614	0.179055	1.759531	1.647116
3547661614.883229	91.376147	58.255882	347.236328	82.412848	59.067836	100.339446	57.443928	0.204729	0.221149	1.793744	1.705767
3547661617.015735	50.880962	58.492147	14.165618	41.884604	58.748171	59.877320	58.236122	0.169990	0.171746	1.744868	1.637341
3547661617.724233	38.511748	54.424879	21.728916	36.178613	63.117202	40.844884	45.732556	0.162807	0.171746	1.735093	1.637341
3547661618.398708	26.438242	48.250603	31.922764	22.069511	40.382046	30.806973	56.119160	0.148196	0.156863	1.715543	1.617791
3547661619.075186	18.764751	43.590635	12.574819	18.688720	34.590956	18.840782	52.590314	0.144492	0.186278	1.710655	1.656891
3547661619.762680	17.988140	43.847744	313.492279	23.555729	36.776538	12.420552	50.918950	0.140765	0.109976	1.705767	1.559140
3547661620.434144	17.864046	44.430073	256.111206	26.841112	43.787976	8.886980	45.072170	0.133249	0.153086	1.695992	1.612903
3547661621.091609	17.292997	43.808952	194.447372	20.221064	35.298581	14.364930	52.319324	0.129458	0.129934	1.691105	1.583578
3547661621.851145	18.855363	42.991332	153.700806	16.740225	51.739257	20.970501	34.243407	0.133249	0.122025	1.695992	1.573803
3547661622.541631	29.918004	37.471375	157.121841	29.538238	28.479391	30.297770	46.463359	0.140765	0.129934	1.705767	1.583578
3547661623.907595	63.006544	25.408024	131.381668	67.826984	17.807803	58.186104	33.008245	0.110169	0.101816	1.666667	1.549365
3547661626.667543	57.858106	16.545805	327.300140	52.967337	8.990649	62.748876	24.100960	0.086264	0.097698	1.637341	1.544477
3547661627.354027	46.514454	23.187780	334.393280	37.670250	21.520430	55.358658	24.855130	0.090307	0.085184	1.642229	1.529814
3547661628.085543	33.120131	28.865483	339.925568	27.791965	21.612164	38.448297	36.118803	0.082196	0.097698	1.632454	1.544477
3547661628.797048	18.016210	32.780013	344.009064	27.016112	32.737999	9.016309	32.822026	0.098323	0.080959	1.652004	1.524927
3547661629.465517	16.425507	34.043785	284.011932	7.833359	31.365170	25.017656	36.722400	0.098323	0.072428	1.652004	1.515152
3547661630.160006	17.336695	35.747765	234.807861	10.808266	41.942894	23.865124	29.552637	0.114072	0.076707	1.671554	1.520039
3547661630.861500	23.948361	44.045421	231.756927	29.889105	37.284685	18.007616	50.806158	0.098323	0.093553	1.652004	1.539589
3547661631.551987	32.626543	57.312586	239.702179	25.352488	52.012763	39.900598	62.612409	0.086264	0.076707	1.637341	1.520039
3547661632.218459	39.774296	72.689715	249.002609	46.334863	78.850799	33.213729	66.528630	0.094327	0.080959	1.647116	1.524927
3547661632.908947	47.763029	91.242697	240.500931	38.891388	92.757291	56.634670	89.728104	0.094327	0.072428	1.647116	1.515152
3547661633.608438	58.326230	107.814587	236.363190	64.419640	114.438057	52.232820	101.191117	0.086264	0.080959	1.637341	1.524927
3547661634.986411	77.959737	140.864906	242.556122	83.431369	148.010621	72.488105	133.719191	0.090307	0.055031	1.642229	1.495601
3547661635.647880	84.812150	156.072020	250.017792	93.506933	153.748070	76.117367	158.395970	0.086264	0.076707	1.637341	1.520039
3547661637.010841	92.538686	188.276241	264.359344	88.498364	180.234115	96.579008	196.318367	0.082196	0.050611	1.632454	1.490714
3547661637.683314	92.791372	204.375853	272.841309	88.657311	212.370197	96.925434	196.381509	0.082196	0.046161	1.632454	1.485826
3547661638.358791	90.381853	219.844722	282.787354	89.985848	210.853438	90.777857	228.836005	0.069845	0.059423	1.617791	1.500489
3547661639.754777	77.350758	247.113796	309.950287	69.467277	251.455537	85.234240	242.772054	0.065678	0.050611	1.612903	1.490714
3547661640.455271	66.697012	256.947097	321.864594	57.796269	255.614137	75.597754	258.280056	0.053024	0.041682	1.598240	1.480938
3547661641.255833	53.039318	265.556767	334.653137	44.063630	266.217848	62.015006	264.895687	0.057268	0.046161	1.603128	1.485826
3547661641.940317	37.536850	270.918762	348.608459	36.563830	279.866009	38.509870	261.971514	0.057268	0.046161	1.603128	1.485826
3547661643.282263	15.775586	271.569796	323.718536	16.982378	280.488521	14.568795	262.651071	0.057268	0.050611	1.603128	1.490714
3547661643.966746	15.804121	270.516313	254.976181	20.175518	278.383390	11.432725	262.649237	0.040137	0.032635	1.583578	1.471163
3547661644.671244	18.387356	275.484706	247.813461	15.113037	283.867953	21.661674	267.101458	0.065678	0.032635	1.612903	1.471163
3547661645.347721	21.697492	288.331121	256.349243	30.270025	285.590377	13.124959	291.071865	0.053024	0.032635	1.598240	1.471163
3547661646.052217	23.838700	303.331703	269.638855	28.451351	295.603608	19.226049	311.059798	0.065678	0.050611	1.612903	1.490714
3547661646.744706	21.836767	318.014842	282.606812	23.061699	309.098590	20.611835	326.931093	0.044459	0.028066	1.588465	1.466276
3547661647.467216	17.634916	331.324012	294.098297	26.059939	328.158733	9.209893	334.489291	0.044459	0.041682	1.588465	1.480938
3547661648.163708	15.777292	336.001368	250.617081	21.646059	329.178057	9.908525	342.824679	0.057268	0.032635	1.603128	1.471163
3547661648.867203	15.784008	335.967419	176.205093	13.332250	327.307807	18.235767	344.627031	0.053024	0.028066	1.598240	1.466276
3547661649.545683	24.406429	334.367305	172.744217	24.016140	343.358838	24.796718	325.375771	0.044459	0.037173	1.588465	1.476051
3547661650.915649	58.847744	336.515113	193.680130	66.862947	332.421639	50.832542	340.608587	0.053024	0.032635	1.598240	1.471163
3547661651.620146	75.513741	342.460473	203.345520	68.704901	348.346023	82.322581	336.574923	0.044459	0.032635	1.588465	1.471163
3547661652.311635	92.508112	352.303625	216.059357	86.637948	359.125734	98.378276	345.481516	0.044459	0.072428	1.588465	1.515152
3547661653.714623	119.637049	379.219602	233.358803	112.694975	373.491809	126.579122	384.947395	0.040137	0.032635	1.583578	1.471163
3547661654.408117	129.894813	396.452457	245.884720	123.190065	390.448595	136.599561	402.456318	0.048755	0.037173	1.593353	1.476051
3547661655.057571	135.752727	414.456783	259.057617	126.821582	413.345635	144.683872	415.567931	0.031411	0.028066	1.573803	1.466276
3547661655.750059	137.392204	432.944862	271.294159	129.302348	429.000978	145.482061	436.888746	0.040137	0.032635	1.583578	1.471163
3547661656.444549	135.587598	449.080491	282.129303	140.773134	441.724526	130.402061	456.436455	0.044459	0.046161	1.588465	1.485826
3547661657.122028	130.995801	464.858936	290.692429	122.036475	465.713620	139.955127	464.004253	0.031411	0.037173	1.573803	1.476051
3547661658.481987	113.964835	491.360201	315.247894	105.990908	487.186896	121.938763	495.533506	0.053024	0.059423	1.598240	1.500489
3547661659.194490	102.730972	500.409442	325.581146	110.925465	496.687845	94.536479	504.131039	0.031411	0.041682	1.573803	1.480938
3547661659.897987	89.638880	507.064042	337.560944	98.523543	508.500275	80.754217	505.627809	0.061486	0.028066	1.608016	1.466276
3547661660.602482	74.791577	511.049650	352.071167	72.890889	502.252640	76.692265	519.846660	0.040137	0.050611	1.583578	1.490714
3547661661.270954	59.195223	511.893630	3.591072	63.105690	519.999692	55.284756	503.787567	0.057268	0.037173	1.603128	1.476051
3547661662.614904	30.046298	504.346346	25.596821	26.017899	496.298240	34.074698	512.394451	0.048755	0.032635	1.593353	1.471163
3547661663.339415	17.713254	496.916497	22.960918	25.136054	502.005902	10.290454	491.827093	0.048755	0.028066	1.593353	1.466276
3547661664.022895	15.943176	496.885112	316.412201	8.957144	502.559207	22.929208	491.211017	0.040137	0.023466	1.583578	1.461388
3547661664.735400	16.325571	495.239790	261.377838	21.596174	502.535045	11.054968	487.944535	0.040137	0.032635	1.583578	1.471163
3547661665.470918	14.827396	493.352007	199.247665	23.561966	495.521636	6.092826	491.182378	0.057268	0.050611	1.603128	1.490714
3547661666.204435	16.119704	492.392781	152.174973	7.285549	490.672983	24.953859	494.112580	0.057268	0.055031	1.603128	1.495601
3547661666.860898	29.070926	485.341320	154.820221	36.020066	491.060538	22.121786	479.622101	0.040137	0.055031	1.583578	1.495601
3547661676.705845	143.648896	489.551194	210.571785	144.413668	498.518642	142.884125	480.583746	0.061486	0.032635	1.608016	1.471163
3547661677.453372	158.900515	500.348689	220.453331	154.259055	492.637862	163.541975	508.059515	0.057268	0.050611	1.603128	1.490714
3547661678.197896	171.791084	514.025813	231.017120	180.736629	513.037269	162.845539	515.014357	0.053024	0.050611	1.598240	1.490714
3547661678.895390	182.889668	531.345809	243.759705	191.523392	528.804391	174.255944	533.887227	0.044459	0.050611	1.588465	1.490714
3547661679.618902	189.453378	549.580035	256.153503	198.395264	548.558919	180.511492	550.601150	0.073987	0.046161	1.622678	1.485826
3547661680.280365	191.707715	566.625326	268.729828	200.638994	565.515256	182.776436	567.735396	0.061486	0.059423	1.608016	1.500489
3547661683.023300	180.184545	580.682476	47.160542	180.514336	589.676431	179.854753	571.688520	0.057268	0.041682	1.603128	1.480938
3547661683.732801	171.568362	569.806969	55.393436	179.802357	566.173607	163.334366	573.440331	0.061486	0.037173	1.608016	1.476051
3547661684.468321	164.246184	555.724656	66.646858	169.859098	562.759938	158.633269	548.689374	0.073987	0.023466	1.622678	1.461388
3547661685.910339	160.567160	515.852527	102.257103	151.675531	517.244986	169.458788	514.460067	0.053024	0.046161	1.598240	1.485826
3547661686.624842	166.486863	500.354053	116.964088	172.456162	507.089591	160.517565	493.618514	0.069845	0.032635	1.617791	1.471163
3547661692.161750	195.421845	461.337026	123.943115	204.321061	462.680141	186.522629	459.993910	0.061486	0.050611	1.608016	1.490714
3547661692.868246	205.268415	446.226976	122.114777	201.702926	454.490589	208.833905	437.963364	0.053024	0.041682	1.598240	1.480938
3547661693.591762	214.206253	431.629294	120.493172	206.134384	427.648723	222.278121	435.609864	0.061486	0.055031	1.608016	1.495601
3547661694.260228	223.282069	415.331933	116.789444	227.990211	423.002226	218.573927	407.661640	0.065678	0.068121	1.612903	1.510264
3547661694.975734	231.328414	398.268579	112.322380	237.625572	391.838510	225.031256	404.698649	0.069845	0.080959	1.617791	1.524927
3547661695.644206	237.449616	381.265455	107.241875	233.716404	373.076247	241.182828	389.454663	0.069845	0.046161	1.617791	1.485826
3547661697.088233	243.845426	344.404501	90.761337	240.802929	352.874637	246.887923	335.934364	0.069845	0.072428	1.617791	1.515152
3547661697.813735	242.967196	323.642943	83.148964	234.015118	322.715420	251.919274	324.570465	0.069845	0.063786	1.617791	1.505376
3547661699.125663	233.152291	285.387895	65.087379	226.180983	291.080070	240.123600	279.695719	0.094327	0.059423	1.647116	1.500489
3547661699.809144	224.307142	269.138926	55.824465	230.269990	262.397676	218.344295	275.880175	0.090307	0.059423	1.642229	1.500489
3547661700.501632	213.925929	255.943561	47.656265	218.494162	263.697995	209.357696	248.189127	0.102295	0.114017	1.656891	1.564027
3547661701.232147	200.212077	243.110768	38.209080	195.818734	235.255927	204.605420	250.965610	0.073987	0.068121	1.622678	1.510264
3547661702.635137	169.958853	225.178885	21.744194	167.758784	233.905837	172.158921	216.451933	0.102295	0.055031	1.656891	1.495601
3547661703.330630	154.134603	219.553671	16.812126	162.172394	223.602611	146.096812	215.504731	0.086264	0.068121	1.637341	1.510264
3547661704.006104	137.330707	214.876660	11.670016	144.360209	209.256509	130.301204	220.496811	0.098323	0.068121	1.652004	1.510264
3547661706.072561	86.960525	210.679272	358.794983	81.489373	203.533190	92.431677	217.825355	0.094327	0.068121	1.647116	1.510264
3547661706.787067	69.564725	211.733574	353.366364	60.582472	211.168655	78.546978	212.298492	0.078104	0.080959	1.627566	1.524927
3547661707.542599	52.702556	214.212184	347.960724	46.528010	220.760082	58.877103	207.664285	0.082196	0.055031	1.632454	1.495601
3547661708.218075	35.891054	217.988396	343.292572	42.705602	223.867336	29.076506	212.109456	0.078104	0.076707	1.627566	1.520039
3547661708.920572	19.312013	223.011302	339.879883	14.320657	215.522219	24.303368	230.500386	0.078104	0.050611	1.627566	1.490714
3547661709.662094	13.194977	223.387312	23.441372	22.129636	224.469842	4.260318	222.304783	0.069845	0.023466	1.617791	1.461388
3547661712.387017	13.142142	224.102741	62.528088	15.834180	215.514788	10.450103	232.690693	0.090307	0.023466	1.642229	1.461388
3547661713.051486	13.362743	225.402498	106.914528	12.460861	216.447800	14.264626	234.357195	0.086264	0.046161	1.637341	1.485826
3547661713.711951	14.502226	224.426506	155.134018	22.877393	227.721438	6.127059	221.131574	0.078104	0.041682	1.627566	1.480938
3547661714.412447	16.573271	224.434089	198.036224	17.613922	233.373722	15.532619	215.494455	0.082196	0.046161	1.632454	1.485826
3547661716.490912	44.807162	249.077943	229.498199	46.258222	257.960196	43.356101	240.195690	0.090307	0.032635	1.642229	1.471163
3547661717.218425	56.509853	262.077795	228.343307	48.971054	266.993739	64.048652	257.161851	0.073987	0.063786	1.622678	1.505376
3547661717.899905	68.323801	274.411405	225.548370	73.743937	267.226551	62.903665	281.596259	0.090307	0.055031	1.642229	1.495601
3547661718.604404	81.202588	287.589498	222.810303	79.039008	296.325568	83.366168	278.853428	0.094327	0.050611	1.647116	1.490714
3547661719.272874	95.190226	299.553929	219.757095	96.574226	290.660980	93.806226	308.446879	0.082196	0.050611	1.632454	1.490714
3547661720.632834	124.021563	318.950180	208.116257	117.748974	312.496140	130.294152	325.404219	0.082196	0.055031	1.632454	1.495601
3547661721.329325	139.718951	327.013605	202.803513	130.849888	328.543221	148.588014	325.483989	0.082196	0.055031	1.632454	1.495601
3547661722.162913	156.440858	333.899055	197.551437	153.195553	342.293577	159.686164	325.504533	0.069845	0.041682	1.617791	1.480938
3547661722.876418	175.475337	338.325498	191.636002	175.464984	347.325492	175.485689	329.325504	0.082196	0.046161	1.632454	1.485826
3547661723.597926	197.032234	341.371289	183.700378	188.063062	340.627014	206.001407	342.115565	0.086264	0.050611	1.637341	1.490714
3547661724.267397	217.094132	341.664796	177.994339	209.171654	345.934965	225.016611	337.394628	0.073987	0.050611	1.622678	1.490714
3547661724.957887	235.403497	340.193614	172.588776	233.625880	349.016316	237.181114	331.370912	0.082196	0.059423	1.632454	1.500489
3547661726.281818	272.296053	329.599706	153.328445	267.143237	336.978627	277.448869	322.220784	0.069845	0.055031	1.617791	1.495601
3547661726.949289	285.907064	321.089666	154.816147	292.832846	326.837149	278.981283	315.342184	0.086264	0.059423	1.637341	1.500489
3547661727.707825	289.249088	321.063214	207.723236	285.926515	312.698974	292.571661	329.427453	0.090307	0.050611	1.642229	1.490714
3547661728.390307	290.795417	323.028298	257.626495	290.652343	314.029436	290.938491	332.027161	0.086264	0.080959	1.637341	1.524927
3547661729.784290	290.315003	323.941418	353.046753	281.965126	320.582913	298.664880	327.299924	0.090307	0.063786	1.642229	1.505376
3547661730.452762	278.890513	324.675573	0.352136	275.786380	316.227831	281.994646	333.123316	0.086264	0.080959	1.637341	1.524927
3547661731.168267	263.932269	324.633151	0.630379	258.627210	317.362914	269.237327	331.903389	0.094327	0.068121	1.647116	1.510264
3547661732.600276	232.196491	325.204455	356.005066	239.794412	330.028519	224.598570	320.380390	0.117952	0.080959	1.676442	1.524927
3547661733.278758	215.072046	327.104136	352.404327	210.398973	319.412427	219.745120	334.795844	0.098323	0.089382	1.652004	1.534702
3547661734.024283	199.980149	329.870982	349.218201	204.306160	337.763107	195.654139	321.978857	0.098323	0.089382	1.652004	1.534702
3547661734.711766	183.698306	333.878490	344.139709	192.616037	332.664378	174.780574	335.092603	0.106244	0.080959	1.661779	1.524927
3547661735.430278	167.968802	338.964642	339.191925	168.868033	330.009678	167.069571	347.919606	0.086264	0.050611	1.637341	1.490714
3547661736.134770	152.523481	345.571994	334.237686	144.044502	342.554228	161.002461	348.589760	0.106244	0.072428	1.661779	1.515152
3547661736.837265	138.451413	352.603537	333.329529	135.614270	344.062424	141.288555	361.144651	0.090307	0.068121	1.642229	1.510264
3547661737.524755	124.398383	360.195261	334.248367	115.887655	357.268230	132.909111	363.122291	0.098323	0.068121	1.652004	1.510264
3547661738.857691	98.826618	375.633190	324.700897	106.915145	379.579798	90.738090	371.686581	0.114072	0.055031	1.671554	1.495601
3547661739.582203	86.179180	384.903129	320.279388	87.640246	376.022516	84.718115	393.783742	0.090307	0.063786	1.642229	1.505376
3547661740.302711	73.862732	396.474479	313.916077	76.029920	387.739303	71.695543	405.209655	0.086264	0.072428	1.637341	1.515152
3547661741.012212	63.215049	409.448697	306.447266	72.124487	408.175149	54.305612	410.722246	0.098323	0.072428	1.652004	1.515152
3547661742.404194	47.704710	439.674526	288.449463	52.614780	432.131900	42.794639	447.217151	0.086264	0.059423	1.637341	1.500489
3547661743.055654	43.217201	455.746464	282.319946	46.914903	447.541161	39.519499	463.951767	0.082196	0.063786	1.632454	1.505376
3547661743.805184	40.345589	471.237614	277.924225	31.396796	470.278911	49.294381	472.196316	0.078104	0.050611	1.627566	1.490714
3547661744.503675	38.697204	487.039870	274.274689	46.049886	492.230059	31.344522	481.849681	0.082196	0.072428	1.632454	1.515152
3547661745.226186	38.255581	503.275709	268.494598	47.199621	504.277788	29.311542	502.273629	0.065678	0.059423	1.612903	1.500489
3547661747.432741	43.871237	551.054441	257.534241	44.557781	542.080665	43.184693	560.028217	0.069845	0.050611	1.617791	1.490714
3547661748.108218	48.005663	565.608286	252.844162	39.018804	565.122103	56.992521	566.094468	0.073987	0.050611	1.622678	1.490714
3547661748.756676	53.677988	580.809808	235.670685	54.138908	589.797998	53.217067	571.821619	0.065678	0.063786	1.612903	1.505376
3547661750.120638	58.095093	579.792772	111.866402	66.580297	576.792555	49.609888	582.792989	0.065678	0.055031	1.612903	1.495601
3547661750.782105	61.777744	567.440223	103.997932	64.654720	575.968002	58.900768	558.912444	0.082196	0.050611	1.632454	1.490714
3547661751.482598	65.175868	549.695198	95.912590	56.215613	550.540079	74.136124	548.850317	0.048755	0.046161	1.593353	1.485826
3547661752.848563	61.849391	510.037354	70.856354	52.979919	511.564599	70.718862	508.510109	0.069845	0.059423	1.617791	1.500489
3547661753.499026	52.922679	492.347085	52.927437	48.769555	500.331542	57.075804	484.362628	0.065678	0.055031	1.612903	1.495601
3547661754.794942	23.399700	469.860667	22.397932	26.960615	478.126251	19.838784	461.595084	0.069845	0.055031	1.617791	1.495601
3547661755.465408	15.421498	468.477402	327.098328	12.144385	460.095247	18.698610	476.859558	0.065678	0.085184	1.612903	1.529814
3547661756.160898	14.839949	469.411999	265.260132	6.027389	467.584764	23.652509	471.239234	0.065678	0.055031	1.612903	1.495601
3547661757.537870	25.887288	485.130380	232.935684	21.909282	477.057248	29.865295	493.203513	0.057268	0.063786	1.603128	1.505376
3547661758.247372	35.558547	496.987677	228.433533	28.493352	502.562892	42.623741	491.412461	0.078104	0.046161	1.627566	1.485826
3547661758.890832	48.397947	510.030052	220.938889	40.694316	505.376658	56.101578	514.683445	0.044459	0.041682	1.588465	1.480938
3547661759.578313	62.278744	520.696913	211.785553	70.947982	523.114415	53.609506	518.279411	0.069845	0.076707	1.617791	1.520039
3547661762.307236	137.624580	527.096148	157.606018	133.102878	519.314490	142.146282	534.877807	0.035787	0.032635	1.578690	1.471163
3547661763.022739	154.934660	517.652490	144.938431	151.222390	509.453767	158.646930	525.851212	0.053024	0.055031	1.598240	1.495601
3547661763.799288	170.172832	503.377829	126.387856	164.210345	496.636260	176.135319	510.119398	0.057268	0.032635	1.603128	1.471163
3547661764.533805	180.511721	483.509601	108.221848	171.631161	482.048209	189.392280	484.970993	0.065678	0.041682	1.612903	1.480938
3547661765.238303	184.678146	460.263380	91.725197	189.900207	467.593460	179.456085	452.933300	0.053024	0.046161	1.598240	1.485826
3547661765.920784	182.784719	439.606197	78.689644	184.128127	448.505368	181.441311	430.707025	0.061486	0.046161	1.608016	1.485826
3547661767.319771	166.931202	404.501861	52.128319	158.312275	407.093019	175.550129	401.910703	0.065678	0.059423	1.612903	1.500489
3547661767.969229	152.118922	389.981489	36.574158	160.239152	386.100528	143.998692	393.862450	0.061486	0.032635	1.608016	1.471163
3547661768.658716	136.851945	380.964703	23.090871	144.871677	385.049296	128.832213	376.880111	0.069845	0.085184	1.617791	1.529814
3547661769.323185	121.672537	375.829122	13.337132	115.402405	369.372695	127.942668	382.285549	0.065678	0.037173	1.612903	1.476051
3547661770.037689	106.813638	373.281587	9.459599	107.126960	382.276131	106.500316	364.287043	0.057268	0.037173	1.603128	1.476051
3547661772.757611	40.743301	375.477619	344.343658	49.230303	372.482490	32.256299	378.472747	0.061486	0.063786	1.608016	1.505376
3547661773.455100	24.008339	381.461610	335.889679	21.688222	390.157417	26.328456	372.765803	0.078104	0.046161	1.627566	1.485826
3547661774.140583	15.931259	386.562079	289.289978	13.587508	377.872612	18.275011	395.251546	0.061486	0.046161	1.608016	1.485826
3547661780.949387	53.555217	394.599384	189.335846	46.851707	388.594140	60.258727	400.604627	0.057268	0.046161	1.603128	1.485826
3547661781.668894	53.568547	394.590509	189.298141	47.096172	388.336841	60.040922	400.844177	0.061486	0.063786	1.608016	1.505376
3547661782.360384	53.563227	394.600648	189.174606	47.910761	387.597104	59.215693	401.604191	0.061486	0.050611	1.608016	1.490714
3547661783.043865	53.564009	394.597143	189.291855	47.131076	388.302910	59.996942	400.891377	0.057268	0.050611	1.603128	1.490714
3547661783.727347	53.554355	394.597172	189.393570	46.515556	388.988669	60.593155	400.205675	0.073987	0.059423	1.622678	1.500489
3547661784.396820	54.380527	394.690360	187.439438	62.214602	390.260092	46.546453	399.120627	0.057268	0.046161	1.603128	1.485826
3547661785.033268	64.913998	395.876034	183.520996	56.221539	393.543405	73.606457	398.208663	0.048755	0.046161	1.593353	1.485826
3547661785.717752	80.083447	397.571892	186.595947	88.601277	400.478193	71.565618	394.665591	0.061486	0.028066	1.608016	1.466276
3547661786.395230	98.663737	399.392445	184.462097	91.659514	405.044069	105.667960	393.740820	0.044459	0.041682	1.588465	1.480938
3547661787.079712	116.387740	400.092895	180.814209	125.253965	398.546918	107.521514	401.638872	0.053024	0.032635	1.598240	1.471163
3547661787.772201	135.646410	399.206443	175.002541	142.842913	393.801784	128.449906	404.611102	0.069845	0.050611	1.617791	1.490714
3547661788.459685	154.544655	396.453498	168.226723	163.441546	395.095068	145.647764	397.811928	0.065678	0.046161	1.612903	1.485826
3547661789.109144	172.607225	391.208056	159.454880	166.365662	397.692105	178.848788	384.724008	0.061486	0.050611	1.608016	1.490714
3547661789.759602	190.407541	382.938479	150.131012	195.964157	375.858647	184.850926	390.018311	0.065678	0.050611	1.612903	1.490714
3547661791.729993	230.946954	346.823412	126.609184	223.649962	341.555215	238.243946	352.091610	0.057268	0.041682	1.603128	1.480938
3547661792.464510	242.244109	330.266681	120.107101	236.265250	323.539628	248.222969	336.993734	0.069845	0.041682	1.617791	1.480938
3547661793.153997	250.824645	313.121490	111.212395	259.384195	315.902517	242.265096	310.340464	0.053024	0.055031	1.598240	1.495601
3547661793.838481	256.302216	292.783319	97.295959	255.462723	301.744080	257.141709	283.822557	0.057268	0.041682	1.603128	1.480938
3547661794.539976	257.359702	274.056266	87.785866	258.959708	265.199631	255.759695	282.912900	0.061486	0.063786	1.608016	1.505376
3547661795.213450	254.786440	254.731333	77.821251	248.861690	261.506091	260.711189	247.956575	0.069845	0.037173	1.617791	1.476051
3547661795.903937	250.464601	237.142215	78.344933	248.721728	245.971846	252.207474	228.312583	0.065678	0.059423	1.612903	1.500489
3547661796.587422	245.779351	220.414244	70.075974	238.401803	215.259461	253.156898	225.569027	0.057268	0.059423	1.603128	1.500489
3547661797.262897	238.138200	203.571444	60.868370	246.453159	207.015492	229.823242	200.127397	0.082196	0.068121	1.632454	1.510264
3547661797.937372	229.137983	188.574903	56.454685	229.982581	179.614621	228.293385	197.535185	0.197934	0.175412	1.783969	1.642229
3547661799.281321	209.359640	160.041702	53.469624	209.922209	169.024102	208.797071	151.059301	0.422110	0.394569	2.174976	1.999022
3547661799.969806	199.823753	146.614155	55.112682	208.742094	145.404528	190.905412	147.823781	0.472376	0.448274	2.287390	2.111437
3547661800.657291	192.454924	135.376967	58.354771	183.702937	137.475237	201.206910	133.278697	0.500624	0.463502	2.355816	2.145650
3547661801.310751	187.667834	125.532292	64.767441	179.260050	128.743082	196.075618	122.321503	0.510319	0.484433	2.380254	2.194526
3547661802.617674	179.521329	104.935669	76.143726	173.416258	98.322945	185.626400	111.548392	0.534619	0.531056	2.443793	2.311828
3547661803.293150	177.327804	94.567567	78.456978	176.583110	103.536704	178.072498	85.598429	0.541843	0.550879	2.463343	2.365591
3547661804.084709	176.329794	84.111842	84.935631	177.341315	93.054818	175.318274	75.168866	0.557687	0.573176	2.507331	2.429130
3547661804.753180	174.754728	74.167525	82.677773	167.199223	69.277296	182.310234	79.057753	0.574651	0.583078	2.556207	2.458456
3547661806.154169	172.597636	52.867943	81.284412	176.077489	44.567905	169.117784	61.167981	0.564551	0.586326	2.526882	2.468231
3547661806.831647	171.727474	42.869480	82.742874	163.869837	38.481139	179.585111	47.257821	0.564551	0.587941	2.526882	2.473118
3547661807.478103	170.070146	33.956074	77.943230	165.013748	41.401397	175.126545	26.510751	0.559413	0.581444	2.512219	2.453568
3547661808.164589	167.996034	24.554343	78.384567	166.604398	33.446100	169.387670	15.662585	0.561132	0.566440	2.517107	2.409580
3547661808.811043	165.977754	16.440237	73.179737	173.155069	21.870351	158.800439	11.010122	0.547187	0.566440	2.478006	2.409580
3547661810.980574	160.798745	17.688809	306.319611	169.797822	17.559871	151.799669	17.817746	0.530963	0.564740	2.434018	2.404692
3547661811.698080	156.345505	25.614088	291.654770	151.925646	33.454040	160.765365	17.774136	0.532794	0.576503	2.438905	2.438905
3547661812.389568	152.573945	35.080820	292.529999	155.760260	43.497910	149.387631	26.663730	0.527278	0.564740	2.424242	2.404692
3547661813.058041	149.172529	44.733245	285.539581	146.125794	53.201857	152.219265	36.264632	0.521694	0.561317	2.409580	2.394917
3547661813.798563	145.950071	54.780949	288.751968	148.390145	46.118038	143.509997	63.443861	0.527278	0.568134	2.424242	2.414467
3547661815.197550	140.251832	75.343671	286.361481	144.380272	83.340919	136.123391	67.346423	0.538245	0.557866	2.453568	2.385142
3547661815.877032	138.457075	85.359684	280.217651	143.656354	92.705942	133.257797	78.013427	0.540048	0.552637	2.458456	2.370479
3547661816.591532	135.844481	95.581941	281.231918	144.828621	95.047873	126.860342	96.116010	0.532794	0.541981	2.438905	2.341153
3547661817.280018	134.657716	105.029362	275.918182	139.300147	97.319120	130.015285	112.739605	0.525424	0.534728	2.419355	2.321603
3547661818.657990	132.625099	125.645973	271.198975	124.946692	120.951076	140.303507	130.340870	0.506465	0.521737	2.370479	2.287390
3547661819.386504	132.664244	137.270997	268.000854	140.065138	142.392205	125.263350	132.149789	0.510319	0.504451	2.380254	2.243402
3547661820.060980	133.281964	148.220315	267.982544	140.587850	153.476171	125.976078	142.964458	0.482657	0.508351	2.311828	2.253177
3547661820.740461	133.860830	161.162795	267.879852	140.589443	167.139899	127.132216	155.185692	0.457609	0.508351	2.253177	2.253177
3547661821.465971	133.793957	170.339906	271.551666	124.966448	168.586311	142.621465	172.093501	0.463992	0.521737	2.267840	2.287390
3547661822.139449	133.943257	182.863093	268.320648	142.578885	185.398033	125.307628	180.328153	0.453307	0.502489	2.243402	2.238514
3547661822.840942	134.003816	194.678822	269.282150	141.024673	189.047875	126.982960	200.309770	0.437950	0.480321	2.209189	2.184751
3547661823.529428	134.190105	205.925165	270.986816	127.672463	199.718690	140.707748	212.131641	0.424403	0.474085	2.179863	2.170088
3547661824.212912	133.960920	217.762263	269.492599	139.650576	210.788899	128.271264	224.735628	0.417492	0.465638	2.165200	2.150538
3547661825.607894	133.056766	241.248727	272.035583	124.426979	243.803481	141.686553	238.693973	0.391331	0.443832	2.111437	2.101662
3547661826.278368	132.645592	250.475009	275.285553	140.948414	247.001804	124.342770	253.948213	0.383963	0.432544	2.096774	2.077224
3547661826.936831	131.282248	262.499155	274.889038	140.282248	262.502027	122.282249	262.496283	0.378994	0.413921	2.086999	2.038123
3547661827.611309	129.858831	275.131591	273.125366	128.130876	283.964154	131.586787	266.299028	0.356044	0.399477	2.043011	2.008798
3547661828.333821	128.947201	285.710698	274.980316	137.909996	284.893195	119.984406	286.528200	0.350809	0.409153	2.033236	2.028348
3547661829.069337	128.157549	296.903316	273.223867	127.306576	305.862995	129.008523	287.943638	0.332083	0.387115	1.999022	1.984360
3547661829.744813	128.156579	307.460704	278.215881	119.310039	309.115617	137.003118	305.805791	0.315515	0.361454	1.969697	1.935484
3547661830.454312	125.567300	320.726080	277.835297	116.739012	318.976414	134.395588	322.475746	0.307044	0.371872	1.955034	1.955034
3547661831.138795	123.063704	333.318776	279.109848	118.813005	341.251718	127.314402	325.385835	0.301327	0.345426	1.945259	1.906158
3547661831.806267	120.705000	345.409788	284.963364	113.536046	350.850937	127.873954	339.968640	0.292641	0.328897	1.930596	1.876833
3547661832.500757	118.005553	356.953997	282.280212	122.026280	348.902056	113.984827	365.005938	0.274868	0.314723	1.901271	1.852395
3547661833.906748	109.867414	384.295249	287.965790	117.721842	379.901166	102.012986	388.689331	0.253428	0.314723	1.867058	1.852395
3547661834.641268	105.734995	398.487855	286.357330	109.830208	406.502169	101.639781	390.473541	0.234414	0.279129	1.837732	1.793744
3547661835.328752	101.332872	413.304799	284.825226	93.482968	417.706959	109.182776	408.902640	0.231186	0.263602	1.832845	1.769306
3547661836.005229	97.175444	427.539555	284.462189	88.273903	428.867175	106.076984	426.211936	0.218100	0.254078	1.813294	1.754643
3547661836.667696	93.577629	441.008921	286.135620	95.810269	449.727597	91.344988	432.290244	0.224679	0.234545	1.823069	1.725318
3547661837.365187	89.967456	454.645432	284.568634	81.257350	456.911277	98.677562	452.379588	0.204729	0.237846	1.793744	1.730205
3547661838.009645	86.075158	468.980455	282.434387	88.811698	460.406580	83.338617	477.554331	0.201341	0.227885	1.788856	1.715543
3547661838.710139	82.833262	482.344003	281.331421	91.719910	480.920106	73.946614	483.767901	0.197934	0.241129	1.783969	1.735093
3547661839.360597	80.439266	493.748323	284.305237	71.439622	493.668239	89.438910	493.828407	0.180614	0.217752	1.759531	1.700880
3547661840.059090	76.865635	506.329348	284.738892	68.665382	510.038238	85.065887	502.620458	0.177093	0.203967	1.754643	1.681329
3547661840.736567	72.822684	518.536346	290.155121	64.688370	514.684989	80.956997	522.387702	0.180614	0.200470	1.759531	1.676442
3547661842.062501	62.880621	543.304985	292.404968	64.992410	552.053719	60.768833	534.556251	0.173551	0.196953	1.749756	1.671554
3547661842.740981	57.005377	554.921892	298.123749	54.109831	563.443383	59.900924	546.400400	0.166409	0.168059	1.739980	1.632454
3547661843.435471	50.784371	566.341365	301.352295	52.928938	557.600608	48.639804	575.082122	0.169990	0.182677	1.744868	1.652004
3547661844.140971	43.222026	577.814230	303.043823	34.286606	576.738001	52.157446	578.890459	0.159186	0.171746	1.730205	1.637341
3547661844.845466	41.054426	581.570934	257.397339	42.959239	572.774817	39.149612	590.367052	0.159186	0.164350	1.730205	1.627566
3547661846.207426	43.012473	580.935866	119.607857	40.984028	572.167434	45.040918	589.704299	0.159186	0.145463	1.730205	1.603128
3547661846.901918	42.796392	579.637842	45.079632	34.786435	575.534113	50.806349	583.741571	0.159186	0.153086	1.730205	1.612903
3547661847.582397	35.788983	575.325905	31.934940	31.324766	567.511126	40.253199	583.140684	0.155543	0.156863	1.725318	1.617791
3547661848.242867	24.549581	568.079365	29.644672	33.369361	569.871427	15.729802	566.287303	0.144492	0.137746	1.710655	1.593353
3547661849.608826	16.361357	563.738522	282.924774	14.737384	554.886250	17.985331	572.590793	0.133249	0.129934	1.695992	1.583578
3547661850.269293	16.110413	562.735411	223.052704	16.107042	571.735411	16.113784	553.735412	0.133249	0.145463	1.695992	1.603128
3547661850.946769	16.178667	562.545534	148.108231	20.120693	570.636296	12.236641	554.454772	0.148196	0.145463	1.715543	1.603128
3547661852.990215	23.000239	526.163067	95.773354	14.009440	525.756204	31.991038	526.569929	0.117952	0.118034	1.676442	1.568915
3547661853.649677	24.241137	507.732266	90.569183	19.637064	515.465475	28.845210	499.999058	0.125645	0.137746	1.686217	1.593353
3547661854.301137	23.717869	490.717775	84.629128	21.983912	499.549162	25.451826	481.886389	0.125645	0.114017	1.686217	1.564027
3547661855.659100	19.209139	455.857947	78.451897	18.418881	464.823185	19.999397	446.892709	0.114072	0.114017	1.671554	1.564027
3547661856.353584	15.524270	438.827767	74.980331	19.176785	430.602250	11.871755	447.053284	0.090307	0.109976	1.642229	1.559140
3547661859.754984	19.290612	426.657167	135.247284	20.713811	435.543927	17.867412	417.770407	0.106244	0.097698	1.661779	1.544477
3547661861.130955	41.541136	403.850295	132.607712	36.017254	396.744894	47.065018	410.955696	0.102295	0.085184	1.656891	1.529814
3547661861.826446	53.531672	390.386630	130.170776	62.342637	392.221543	44.720708	388.551717	0.094327	0.089382	1.647116	1.534702
3547661862.500921	64.738326	376.105590	125.341850	67.585275	367.567740	61.891377	384.643439	0.094327	0.076707	1.647116	1.520039
3547661863.927927	83.084289	346.350395	120.163025	76.738773	339.968043	89.429806	352.732747	0.094327	0.089382	1.647116	1.534702
3547661864.597402	93.285888	329.045549	119.509605	92.127351	320.120428	94.444426	337.970671	0.094327	0.080959	1.647116	1.524927
3547661865.909326	110.944614	294.998885	112.383278	116.838764	288.197489	105.050464	301.800282	0.094327	0.072428	1.647116	1.515152
3547661866.582801	117.930066	277.517627	108.243065	109.020501	276.244972	126.839631	278.790282	0.078104	0.072428	1.627566	1.515152
3547661867.246269	123.636267	259.576265	105.851749	131.021362	254.432301	116.251172	264.720230	0.090307	0.063786	1.642229	1.505376
3547661867.925749	127.934148	242.291094	102.349350	119.208593	244.496697	136.659704	240.085492	0.090307	0.059423	1.642229	1.500489
3547661868.601225	131.301795	224.550677	98.370094	138.779889	229.558482	123.823701	219.542872	0.073987	0.068121	1.622678	1.510264
3547661869.293714	132.995893	206.794693	93.574974	138.604537	199.756005	127.387250	213.833380	0.082196	0.080959	1.632454	1.524927
3547661869.970193	132.585855	189.520321	86.016857	140.954010	192.833021	124.217700	186.207621	0.082196	0.072428	1.632454	1.515152
3547661871.371180	127.682843	152.976267	78.651955	128.689974	161.919739	126.675712	144.032795	0.065678	0.063786	1.612903	1.505376
3547661872.040652	124.379358	135.605850	78.256939	121.867280	144.248156	126.891437	126.963544	0.090307	0.068121	1.642229	1.510264
3547661873.454648	117.080255	102.583484	74.691330	122.925530	95.740038	111.234981	109.426931	0.094327	0.063786	1.647116	1.505376
3547661874.144135	111.849419	83.894024	73.512405	120.406525	86.682560	103.292312	81.105488	0.090307	0.055031	1.642229	1.495601
3547661875.504097	101.113898	48.903339	72.639534	104.476431	57.251595	97.751365	40.555084	0.090307	0.076707	1.642229	1.520039
3547661876.236612	95.470395	31.967641	72.511391	97.738510	40.677156	93.202280	23.258126	0.117952	0.041682	1.676442	1.480938