Time	X	Y	Theta	LS_X	LS_Y	RS_X	RS_Y	RsRoL	RsRoR	VL	VR
3547670888.544665	48.236420	547.989370	177.849777	39.781425	551.073694	56.691415	544.905046	-0.004809	0.008907	1.422287	1.617791
3547670889.230148	48.233713	547.989424	177.916138	40.001855	551.627625	56.465571	544.351223	-0.004809	0.004467	1.422287	1.612903
3547670889.903623	48.239547	547.986509	177.963608	40.189603	552.011232	56.289491	543.961786	0.004776	0.008907	1.432063	1.617791
3547670890.605118	48.239070	547.984839	177.860794	39.818566	551.162122	56.659573	544.807557	0.004776	0.004467	1.432063	1.612903
3547670891.304611	48.237544	547.990670	177.884567	39.894947	551.367218	56.580141	544.614122	0.014232	-0.000000	1.441838	1.608016
3547670891.984089	48.241331	547.991284	177.867783	39.843238	551.227335	56.639425	544.755232	-0.000000	0.039250	1.427175	1.652004
3547670892.681584	48.223104	547.992005	177.850525	39.770417	551.082650	56.675791	544.901360	-0.009651	0.004467	1.417400	1.612903
3547670893.355057	48.227911	547.986175	177.879517	39.868367	551.320544	56.587455	544.651805	-0.009651	-0.018142	1.417400	1.588465
3547670894.019526	48.236969	547.986563	177.842773	39.760580	551.011595	56.713359	544.961531	-0.004809	-0.000000	1.422287	1.608016
3547670894.727024	48.231056	547.983838	177.960098	40.167037	551.980285	56.295076	543.987391	-0.004809	-0.004494	1.422287	1.603128
3547670895.392494	48.236395	547.985137	177.938492	40.087915	551.806430	56.384874	544.163844	-0.019437	-0.013565	1.407625	1.593353
3547670896.047958	48.212172	547.988336	177.738464	39.466887	550.114364	56.957456	545.862308	-0.004809	-0.036737	1.422287	1.568915
3547670896.699416	48.234104	547.992339	177.895752	39.929794	551.461984	56.538414	544.522695	-0.019437	-0.009016	1.407625	1.598240
3547670897.414921	48.236829	547.988950	177.911972	39.989887	551.592829	56.483772	544.385071	-0.009651	-0.018142	1.417400	1.588465
3547670898.065380	48.243371	547.992235	177.780701	39.595654	550.485626	56.891087	545.498844	-0.014527	-0.009016	1.412512	1.598240
3547670898.761873	48.229390	547.990688	177.878372	39.866036	551.315488	56.592745	544.665887	-0.019437	-0.004494	1.407625	1.603128
3547670899.467369	48.227024	547.993305	177.942917	40.095534	551.850618	56.358515	544.135992	-0.004809	0.008907	1.422287	1.617791
3547670900.124835	48.232022	547.988246	177.906998	39.967255	551.551057	56.496789	544.425435	-0.004809	0.004467	1.422287	1.612903
3547670900.789303	48.233541	547.991022	177.937241	40.080286	551.802116	56.386795	544.179927	-0.004809	-0.022748	1.422287	1.583578
3547670901.474785	48.237949	547.982294	177.909943	39.983710	551.569429	56.492189	544.395159	-0.009651	-0.004494	1.417400	1.603128
3547670902.146259	48.233393	547.984031	177.956573	40.155337	551.952030	56.311449	544.016033	-0.024381	-0.013565	1.402737	1.593353
3547670902.826740	48.231239	547.990548	177.891800	39.913282	551.427346	56.549197	544.553749	-0.014527	-0.004494	1.412512	1.603128
3547670903.545248	48.242398	547.991513	177.896027	39.939041	551.463439	56.545755	544.519588	-0.029359	-0.004494	1.397849	1.603128
3547670904.297776	48.240667	547.987597	177.881195	39.886731	551.335993	56.594603	544.639200	-0.019437	-0.004494	1.407625	1.603128
3547670905.007279	48.241181	547.988738	177.912521	39.996219	551.597147	56.486142	544.380330	-0.009651	-0.013565	1.417400	1.593353
3547670905.739794	48.236664	547.984681	177.846527	39.771689	551.041509	56.701639	544.927853	-0.019437	-0.000000	1.407625	1.608016
3547670906.422276	48.232517	547.987177	177.854385	39.791825	551.110430	56.673210	544.863923	-0.019437	-0.004494	1.407625	1.603128
3547670907.143786	48.233106	547.988368	177.826416	39.708371	550.874350	56.757841	545.102387	-0.024381	-0.009016	1.402737	1.598240
3547670907.809255	48.234424	547.982032	177.862564	39.819558	551.174214	56.649290	544.789850	-0.009651	-0.032045	1.417400	1.573803
3547670908.505745	48.238736	547.985737	177.876770	39.870065	551.297134	56.607406	544.674340	-0.019437	-0.018142	1.407625	1.588465
3547670909.255275	48.229584	547.985895	177.941315	40.091924	551.830175	56.367244	544.141615	-0.024381	-0.004494	1.402737	1.603128
3547670909.938756	48.224694	547.984771	177.928253	40.037518	551.722436	56.411871	544.247106	-0.014527	-0.013565	1.412512	1.593353
3547670910.620238	48.233113	547.987826	177.881287	39.879484	551.336987	56.586743	544.638665	-0.019437	-0.013565	1.407625	1.593353
3547670911.343750	48.229753	547.981608	177.897766	39.932448	551.467972	56.527058	544.495245	-0.034373	-0.022748	1.392962	1.583578
3547670912.030231	48.228180	547.987334	177.921234	40.014971	551.667441	56.441390	544.307228	-0.024381	-0.009016	1.402737	1.598240
3547670912.681692	48.233422	547.985647	177.902908	39.954154	551.514631	56.512690	544.456663	-0.009651	-0.013565	1.417400	1.593353
3547670913.311136	48.236750	547.986631	177.805298	39.652974	550.691956	56.820527	545.281306	-0.049626	-0.000000	1.378299	1.608016
3547670913.979607	48.641866	547.963115	178.980255	47.828243	556.926263	49.455489	538.999967	-0.004809	-0.018142	1.422287	1.588465
3547670915.321557	76.343115	547.043195	171.189667	67.346428	546.799029	85.339803	547.287361	-0.009651	-0.000000	1.417400	1.608016
3547670916.037059	93.931724	541.517200	155.157974	102.383415	544.610568	85.480033	538.423832	0.004776	-0.000000	1.432063	1.608016
3547670917.429040	121.613456	513.294368	112.533726	126.421626	505.686379	116.805286	520.902357	-0.024381	-0.018142	1.402737	1.588465
3547670918.103518	125.937866	493.571828	90.728081	122.615416	501.936117	129.260316	485.207539	-0.004809	-0.009016	1.422287	1.598240
3547670919.415445	116.287688	460.084028	56.301853	118.486535	451.356767	114.088841	468.811288	-0.009651	-0.013565	1.417400	1.593353
3547670920.101928	105.757692	447.853629	42.004814	114.023621	451.413745	97.491764	444.293513	-0.049626	-0.000000	1.378299	1.608016
3547670920.812427	92.293396	438.674135	27.160288	84.215982	442.643440	100.370810	434.704830	-0.009651	0.004467	1.417400	1.612903
3547670921.493910	76.143988	432.454310	13.970349	67.268924	430.959905	85.019051	433.948715	-0.009651	-0.009016	1.417400	1.598240
3547670922.189401	61.020027	429.625798	5.225596	68.860597	425.207036	53.179457	434.044560	-0.034373	-0.018142	1.392962	1.588465
3547670922.856871	44.435912	429.317614	357.507507	49.767662	422.066928	39.104163	436.568300	-0.009651	-0.018142	1.417400	1.588465
3547670923.492320	28.429336	431.422943	349.580933	35.274217	437.266537	21.584454	425.579348	-0.004809	0.051873	1.422287	1.666667
3547670924.155786	15.824222	434.786468	325.675964	23.629560	430.305765	8.018883	439.267170	0.018912	-0.022748	1.446725	1.583578
3547670924.824260	15.063104	436.402120	259.583008	6.779222	439.920259	23.346986	432.883981	0.004776	0.004467	1.432063	1.612903
3547670925.520751	17.317136	438.182391	203.702332	12.992903	446.075490	21.641369	430.289292	-0.004809	-0.004494	1.422287	1.603128
3547670926.210237	29.450420	441.914659	191.086990	24.744996	449.586620	34.155845	434.242698	-0.009651	0.008907	1.417400	1.617791
3547670926.888716	46.636873	444.269550	180.871460	55.400112	442.218783	37.873634	446.320317	-0.014527	0.008907	1.412512	1.617791
3547670927.586208	64.443749	443.009415	169.653305	64.378034	434.009655	64.509464	452.009175	-0.009651	-0.050990	1.417400	1.554252
3547670928.246675	82.954137	437.054490	154.253784	85.748852	445.609580	80.159422	428.499400	-0.019437	-0.013565	1.407625	1.593353
3547670928.921154	98.597828	426.448863	137.692886	103.203345	418.716515	93.992310	434.181212	-0.014527	-0.000000	1.412512	1.608016
3547670929.598629	110.495586	411.685715	119.916718	105.897755	403.948794	115.093417	419.422636	-0.014527	-0.027382	1.412512	1.578690
3547670930.263095	117.389286	394.363047	102.454231	108.942580	397.470001	125.835992	391.256094	-0.004809	-0.013565	1.422287	1.593353
3547670930.926564	119.364214	376.365356	88.087543	118.260457	367.433294	120.467971	385.297417	-0.014527	0.004467	1.412512	1.612903
3547670931.659085	116.920986	358.498190	74.594337	123.401510	352.252967	110.440462	364.743413	-0.019437	0.013320	1.407625	1.622678
3547670932.341562	110.507951	341.529603	62.978889	109.189386	332.626717	111.826515	350.432490	-0.024381	-0.032045	1.402737	1.573803
3547670933.026044	99.178609	324.878865	49.182968	107.126870	320.656881	91.230348	329.100850	-0.014527	-0.022748	1.412512	1.583578
3547670934.430034	70.315600	302.035282	28.323410	70.757108	311.024446	69.874092	293.046118	-0.024381	-0.050990	1.402737	1.554252
3547670935.066484	52.889714	294.338808	20.574778	43.996813	295.723119	61.782615	292.954497	-0.009651	-0.036737	1.417400	1.568915
3547670935.745963	36.977416	289.559031	13.596006	29.263413	284.922851	44.691419	294.195210	-0.044506	-0.018142	1.383187	1.588465
3547670938.523924	18.629378	291.303471	215.855560	11.499978	296.796344	25.758778	285.810598	-0.059977	-0.036737	1.368524	1.568915
3547670939.236427	32.165200	300.877856	213.573341	32.659583	291.891444	31.670818	309.864267	-0.039421	-0.018142	1.388074	1.588465
3547670944.033813	70.193048	323.935387	216.908569	71.437138	332.848985	68.948958	315.021788	-0.039421	-0.036737	1.388074	1.568915
3547670944.723298	83.963238	335.915605	223.068832	84.105018	344.914488	83.821457	326.916722	-0.029359	-0.022748	1.397849	1.583578
3547670945.399775	95.400881	347.728691	227.214508	87.732677	343.017148	103.069086	352.440235	-0.049626	-0.036737	1.378299	1.568915
3547670946.809769	119.274434	376.478081	232.782928	116.571177	367.893653	121.977692	385.062509	-0.039421	-0.041458	1.388074	1.564027
3547670947.472237	130.662895	393.255561	238.576408	132.315170	384.408528	129.010621	402.102593	-0.034373	-0.041458	1.392962	1.564027
3547670948.197748	139.737505	411.000588	246.620422	130.737636	411.049179	148.737374	410.951996	-0.029359	-0.041458	1.397849	1.564027
3547670948.901248	145.871187	428.685996	254.223900	143.687262	437.417002	148.055111	419.954989	-0.039421	-0.027382	1.388074	1.578690
3547670949.603740	149.590698	448.634199	263.876740	149.744082	439.635506	149.437315	457.632891	-0.039421	-0.036737	1.388074	1.568915
3547670950.300233	150.334484	466.886214	271.806885	141.350208	467.417986	159.318760	466.354441	-0.039421	-0.046209	1.388074	1.559140
3547670951.011734	147.645577	485.443357	282.252899	151.884701	477.504224	143.406453	493.382490	-0.044506	-0.022748	1.383187	1.583578
3547670951.663194	142.653266	501.634146	289.327240	139.987430	493.038024	145.319102	510.230268	-0.044506	-0.032045	1.383187	1.573803
3547670952.334670	135.640529	516.802148	299.647797	144.017397	520.092753	127.263661	513.511543	-0.009651	-0.050990	1.417400	1.554252
3547670953.035162	126.838971	529.722729	310.249054	120.582685	536.192572	133.095258	523.252885	-0.049626	-0.032045	1.378299	1.573803
3547670953.698628	115.770029	541.364781	317.416595	116.809343	550.304570	114.730716	532.424992	-0.014527	-0.013565	1.412512	1.593353
3547670954.354092	104.970474	550.166237	323.032043	100.250954	557.829535	109.689994	542.502939	-0.044506	-0.036737	1.383187	1.568915
3547670955.065592	93.177600	557.833910	329.114655	87.025921	564.403297	99.329280	551.264523	-0.039421	-0.022748	1.388074	1.583578
3547670955.750076	79.982196	564.740752	334.022766	72.341886	559.984109	87.622506	569.497396	-0.039421	-0.036737	1.388074	1.568915
3547670956.429556	65.841055	570.371156	340.125336	59.179489	564.319418	72.502621	576.422895	-0.044506	-0.041458	1.383187	1.564027
3547670957.099030	51.859097	574.243294	347.016754	42.934149	573.083422	60.784045	575.403166	-0.044506	-0.032045	1.383187	1.573803
3547670957.739479	36.594249	576.700850	355.033142	36.892744	585.695899	36.295754	567.705801	-0.054783	-0.027382	1.373412	1.578690
3547670958.421961	22.148602	577.144565	359.633240	13.176756	576.433236	31.120447	577.855894	-0.039421	-0.022748	1.388074	1.583578
3547670959.111448	13.324887	577.268270	324.126953	17.974553	584.974151	8.675221	569.562389	-0.034373	-0.050990	1.392962	1.554252
3547670959.815944	13.348029	576.376168	256.954102	18.841134	569.246947	7.854924	583.505390	-0.039421	-0.032045	1.388074	1.573803
3547670960.489421	13.002199	575.603979	192.018433	16.351185	583.957678	9.653213	567.250279	-0.044506	-0.055801	1.383187	1.549365
3547670961.164896	13.969825	575.056719	123.370132	20.719568	581.009951	7.220081	569.103488	-0.039421	-0.022748	1.388074	1.583578
3547670961.838372	14.301412	569.121831	90.749680	11.160382	577.555924	17.442442	560.687738	-0.034373	-0.018142	1.392962	1.588465
3547670962.578895	15.169294	552.237735	93.763672	19.358064	544.271920	10.980525	560.203550	-0.054783	-0.022748	1.373412	1.583578
3547670963.929848	22.832347	512.111290	106.871124	22.319858	503.125893	23.344836	521.096687	-0.029359	-0.000000	1.397849	1.608016
3547670964.618333	31.016653	491.329906	114.928169	22.319230	493.643957	39.714077	489.015856	-0.044506	-0.018142	1.383187	1.588465
3547670965.954276	51.763720	453.369902	122.696823	53.328119	462.232896	50.199320	444.506909	-0.029359	0.022067	1.397849	1.632454
3547670966.654770	64.135493	436.592229	129.428070	69.385089	443.902615	58.885898	429.281843	-0.039421	-0.018142	1.388074	1.588465
3547670968.023741	94.606842	407.806363	144.382584	95.779603	398.883099	93.434080	416.729626	-0.039421	-0.032045	1.388074	1.573803
3547670968.687205	113.047336	396.947511	153.699173	110.917918	405.691971	115.176754	388.203051	-0.044506	-0.027382	1.383187	1.578690
3547670969.390701	131.392670	389.567373	162.254288	139.448068	385.553576	123.337272	393.581170	-0.034373	-0.009016	1.392962	1.598240
3547670970.055169	151.111049	384.751686	170.087868	147.262419	376.616083	154.959680	392.887290	-0.034373	-0.032045	1.392962	1.573803
3547670970.742654	170.199802	382.841026	178.875595	168.454259	391.670131	171.945344	374.011922	-0.054783	-0.018142	1.373412	1.588465
3547670971.438147	190.347053	384.415722	190.000092	181.366805	383.819782	199.327301	385.011661	-0.029359	0.017706	1.397849	1.627566
3547670972.163657	208.804141	389.330318	200.081299	216.281779	384.321833	201.326503	394.338804	-0.044506	-0.027382	1.383187	1.578690
3547670972.852144	227.107015	397.868529	210.043823	223.250088	406.000203	230.963943	389.736856	-0.044506	-0.013565	1.383187	1.593353
3547670973.560645	244.908071	410.264077	219.696625	246.826976	401.471023	242.989166	419.057132	-0.044506	-0.018142	1.383187	1.588465
3547670974.959629	271.264596	439.093931	235.028015	266.246629	446.565210	276.282563	431.622652	-0.049626	-0.032045	1.378299	1.573803
3547670975.669128	281.477902	456.325953	243.006836	289.515849	460.374581	273.439954	452.277324	-0.029359	-0.018142	1.397849	1.588465
3547670987.183252	202.778274	469.452439	12.240188	205.662140	460.926988	199.894407	477.977890	-0.044506	-0.055801	1.383187	1.549365
3547670987.862733	185.268283	464.684151	16.133026	188.979686	472.883266	181.556881	456.485035	-0.034373	-0.036737	1.392962	1.568915
3547670988.525200	169.098612	459.154924	17.473785	177.927996	457.410797	160.269228	460.899051	-0.049626	-0.046209	1.378299	1.559140
3547670989.209683	152.020335	453.187548	17.792914	159.856713	448.761356	144.183957	457.613740	-0.039421	-0.018142	1.388074	1.588465
3547670989.918183	135.061859	447.415904	19.238358	131.650141	439.087628	138.473576	455.744180	-0.049626	-0.009016	1.378299	1.598240
3547670990.561636	117.930669	440.672231	22.767038	124.233832	447.096414	111.627505	434.248047	-0.039421	-0.027382	1.388074	1.578690
3547670991.248119	102.699242	434.242077	25.166212	102.398060	425.247118	103.000423	443.237036	-0.054783	-0.032045	1.373412	1.573803
3547670991.965627	87.280600	427.111358	26.225620	79.289007	422.971980	95.272192	431.250735	-0.034373	-0.022748	1.392962	1.583578
3547670993.269547	55.761983	410.488523	28.933847	61.276576	417.601137	50.247391	403.375909	-0.039421	-0.032045	1.388074	1.573803
3547670993.923008	40.378931	401.479650	30.358767	48.217603	397.057521	32.540259	405.901778	-0.034373	-0.036737	1.392962	1.568915
3547670994.628504	26.102927	392.781832	29.482418	34.517369	395.975133	17.688486	389.588531	-0.009651	-0.018142	1.417400	1.588465
3547670995.292975	16.248586	387.785996	352.651886	9.833219	381.473860	22.663953	394.098133	-0.029359	-0.018142	1.397849	1.588465
3547670995.989465	16.058660	387.541589	284.032745	7.412626	385.042370	24.704694	390.040808	-0.054783	-0.018142	1.373412	1.588465
3547670996.650936	18.017617	392.083364	246.465637	9.117853	390.743884	26.917381	393.422844	-0.039421	0.022067	1.388074	1.632454
3547670997.326409	24.138367	406.297885	246.825714	15.337387	408.180104	32.939348	404.415666	-0.034373	-0.013565	1.392962	1.593353
3547670998.763423	39.599776	440.245455	244.585861	43.582125	432.174464	35.617428	448.316447	-0.039421	-0.036737	1.388074	1.568915
3547670999.418886	48.284012	457.618673	243.831970	56.711704	454.460509	39.856319	460.776836	-0.039421	-0.018142	1.388074	1.588465
3547671000.767837	65.060841	491.345610	244.615921	68.798815	483.158574	61.322868	499.532646	-0.029359	-0.009016	1.397849	1.598240
3547671001.436308	72.623527	506.837098	244.482605	77.416565	499.219566	67.830490	514.454629	-0.039421	0.004467	1.388074	1.612903
3547671002.116787	79.959039	522.329102	244.585678	83.942866	514.258840	75.975213	530.399364	-0.034373	-0.027382	1.392962	1.578690
3547671002.824288	87.543748	539.245551	246.503082	78.600077	538.240185	96.487418	540.250918	-0.039421	-0.018142	1.388074	1.588465
3547671003.506769	94.462537	556.102601	247.641556	89.802441	563.802179	99.122633	548.403022	-0.049626	-0.022748	1.378299	1.583578
3547671004.188249	100.781322	572.407950	248.463593	103.249254	581.062967	98.313391	563.752934	-0.000000	-0.013565	1.427175	1.593353
3547671006.175652	110.476242	576.700464	115.936989	107.799890	585.293318	113.152593	568.107610	-0.039421	-0.009016	1.388074	1.598240
3547671006.844124	117.301958	561.741135	113.355598	115.003345	553.039619	119.600571	570.442651	-0.009651	-0.018142	1.417400	1.588465
3547671007.558629	124.236888	544.412926	109.676140	121.753121	553.063411	126.720655	535.762440	-0.039421	-0.036737	1.388074	1.568915
3547671008.245116	130.280088	525.359448	104.612411	137.547336	530.668602	123.012841	520.050294	-0.009651	-0.027382	1.417400	1.578690
3547671008.958619	136.396998	500.457824	101.368393	129.710682	494.433442	143.083313	506.482206	-0.065207	-0.027382	1.363636	1.578690
3547671010.353598	144.123802	457.833418	98.238865	150.882311	463.776696	137.365293	451.890140	-0.029359	-0.032045	1.397849	1.573803
3547671011.012064	146.071008	435.453084	90.190948	138.936636	440.939498	153.205380	429.966670	-0.054783	-0.009016	1.373412	1.598240
3547671011.675534	144.457423	414.841180	81.707245	144.224926	405.844183	144.689921	423.838176	-0.065207	-0.022748	1.363636	1.583578
3547671012.326991	140.235643	396.030155	72.908447	145.695324	403.185005	134.775961	388.875305	-0.039421	-0.036737	1.388074	1.568915
3547671013.056506	132.865971	377.768733	63.231867	129.361091	369.479233	136.370850	386.058234	-0.044506	-0.013565	1.383187	1.593353
3547671014.430475	110.484191	346.540030	47.216049	111.312451	355.501837	109.655930	337.578223	-0.049626	-0.004494	1.378299	1.603128
3547671015.081935	97.537150	333.721670	42.320507	106.499917	334.539484	88.574384	332.903856	-0.014527	-0.009016	1.412512	1.598240
3547671015.777424	83.237168	321.827416	37.760902	82.681406	312.844592	83.792929	330.810240	-0.024381	-0.013565	1.402737	1.593353
3547671017.146393	52.686468	300.255615	32.521540	44.642814	296.218336	60.730123	304.292893	-0.004809	-0.004494	1.422287	1.603128
3547671017.816864	36.294908	289.647292	32.730740	27.588175	287.368521	45.001641	291.926063	-0.000000	0.013320	1.427175	1.622678
3547671019.176824	15.736237	277.965111	337.693054	24.732669	278.218482	6.739804	277.711740	0.023560	0.017706	1.451613	1.627566
3547671019.840294	16.067185	277.063077	273.516968	17.841154	285.886514	14.293215	268.239641	-0.009651	0.013320	1.417400	1.622678
3547671020.563803	16.090125	276.768996	281.241180	25.068933	276.151740	7.111317	277.386252	0.014232	-0.004494	1.441838	1.603128
3547671021.271301	16.575297	276.017665	316.312225	9.057823	280.966158	24.092772	271.069173	0.004776	0.004467	1.432063	1.612903
3547671021.931767	16.826503	275.949537	14.010188	7.898962	274.809796	25.754045	277.089278	-0.019437	-0.000000	1.407625	1.608016
3547671022.593234	17.146999	276.097856	77.009453	8.154355	276.461652	26.139643	275.734060	-0.004809	0.013320	1.422287	1.622678
3547671023.296729	17.183817	276.105611	67.499413	26.174775	276.508942	8.192859	275.702281	0.037319	0.013320	1.466276	1.622678
3547671023.933178	17.731811	276.453976	9.496887	18.380232	285.430588	17.083390	267.477365	0.014232	0.017706	1.441838	1.627566
3547671024.627668	17.550502	276.550769	357.193146	24.862944	271.304037	10.238060	281.797500	-0.014527	0.022067	1.412512	1.632454
3547671025.304147	15.562111	276.158689	38.613064	8.434804	270.663101	22.689419	281.654277	0.018912	0.013320	1.446725	1.622678
3547671026.051676	15.347346	275.596088	89.021912	7.507979	271.175193	23.186714	280.016984	0.018912	0.008907	1.446725	1.617791
3547671026.707138	16.496123	273.910901	140.167542	8.094381	277.137467	24.897866	270.684335	0.046339	0.017706	1.476051	1.627566
3547671027.393621	23.972204	272.308805	175.775406	25.350799	263.415017	22.593608	281.202594	0.037319	0.026401	1.456500	1.652004
3547671028.102121	39.311672	272.141358	183.659317	30.380613	271.029526	48.242732	273.253189	0.023560	0.047690	1.451613	1.661779
3547671028.751578	56.246540	274.083116	190.055054	47.247114	273.981402	65.245965	274.184830	0.037319	0.080480	1.466276	1.700880
3547671029.439064	75.220183	278.293256	194.620804	76.635747	269.405276	73.804620	287.181235	0.055242	0.076464	1.485826	1.695992
3547671030.147563	91.248436	283.536610	199.584457	100.209273	282.697913	82.287600	284.375306	0.041844	0.072425	1.471163	1.691105
3547671030.840057	110.057961	290.779243	202.475388	101.169131	289.369031	118.946791	292.189455	0.041844	0.068362	1.471163	1.686217
3547671031.560561	126.449939	296.942460	204.588375	129.828742	305.284144	123.071136	288.600776	0.064027	0.064276	1.495601	1.681329
3547671032.246044	143.389130	304.806519	206.796005	148.086484	297.129614	138.691777	312.483424	0.050805	0.064276	1.480938	1.681329
3547671032.950541	159.241013	312.173962	207.442108	158.369444	303.216263	160.112582	321.131661	0.037319	0.096317	1.466276	1.720430
3547671033.608006	174.843718	320.708357	207.317383	175.093277	311.711818	174.594159	329.704897	0.059649	0.068362	1.490714	1.686217
3547671034.294491	190.604421	329.423728	207.230972	191.629478	320.482293	189.579365	338.365163	0.041844	0.068362	1.471163	1.686217
3547671034.948951	206.374653	338.297121	208.911850	197.374727	338.260568	215.374578	338.333674	0.041844	0.080480	1.471163	1.700880
3547671035.614421	220.183128	346.701273	210.881409	223.643917	355.009278	216.722339	338.393269	0.076993	0.072425	1.510264	1.691105
3547671036.326924	234.430636	355.682947	211.215485	240.424255	362.396853	228.437017	348.969041	0.028177	0.072425	1.456500	1.691105
3547671037.714902	266.174643	373.382745	207.854645	261.784742	365.525979	270.564543	381.239511	0.032763	0.047690	1.461388	1.661779
3547671038.369365	281.250578	380.696048	203.952805	279.017683	389.414659	283.483474	371.977437	0.032763	0.076464	1.461388	1.695992
3547671039.071865	289.616209	382.660367	147.990112	292.577321	391.159297	286.655097	374.161437	0.041844	0.060166	1.471163	1.676442
3547671039.777357	290.187464	381.700732	76.314507	283.047366	376.221772	297.327562	387.179692	0.018912	0.060166	1.446725	1.676442
3547671040.426816	290.402454	381.645759	9.291831	289.209453	390.566339	291.595455	372.725179	0.037319	0.051873	1.466276	1.666667
3547671041.142321	291.336823	381.306384	304.188599	286.664222	388.998379	296.009424	373.614388	0.014232	0.047690	1.441838	1.661779
3547671041.875839	288.694067	388.820149	288.487732	293.311964	381.095188	284.076170	396.545111	0.004776	0.056032	1.432063	1.671554
3547671042.585339	283.873867	402.772729	289.987518	276.496015	397.618381	291.251720	407.927076	0.028177	0.060166	1.456500	1.676442
3547671043.915276	271.653069	434.409610	290.923157	263.126619	437.290521	280.179520	431.528700	0.028177	0.047690	1.456500	1.661779
3547671044.600761	265.128635	451.026801	290.638672	256.136328	451.398858	274.120941	450.654745	-0.004809	0.043483	1.422287	1.656891
3547671045.281241	258.776033	467.042381	291.591461	253.869022	474.586998	263.683043	459.497764	0.023560	0.060166	1.451613	1.676442
3547671045.973728	251.672714	483.642554	291.767365	248.161714	491.929464	255.183714	475.355644	-0.004809	0.043483	1.422287	1.656891
3547671046.693237	245.095821	500.371314	290.914734	236.545408	503.180306	253.646234	497.562322	-0.000000	0.030710	1.427175	1.642229
3547671047.416747	239.000110	515.932545	291.061981	230.954347	519.965621	247.045872	511.899469	-0.004809	0.026401	1.422287	1.637341
3547671048.950829	225.711974	550.916505	290.664093	216.732030	551.517012	234.691918	550.315998	-0.014527	0.039250	1.412512	1.652004
3547671049.683346	219.194757	567.743418	291.396759	212.920773	574.196102	225.468742	561.290735	0.018912	0.004467	1.446725	1.612903
3547671050.350818	213.271642	582.964939	276.825928	210.052590	574.560315	216.490693	591.369563	0.004776	0.060166	1.432063	1.676442
3547671052.357234	227.087262	577.329763	150.292084	231.436516	569.450424	222.738008	585.209103	-0.004809	0.030710	1.422287	1.642229
3547671053.006690	241.571164	569.297913	149.752274	249.351750	564.774366	233.790578	573.821460	-0.000000	0.022067	1.427175	1.632454
3547671053.704184	257.977527	560.258812	148.650467	265.529356	565.154716	250.425697	555.362908	-0.000000	0.017706	1.427175	1.627566
3547671054.379659	273.945240	550.771913	148.230865	278.847384	558.319693	269.043095	543.224133	-0.009651	0.022067	1.417400	1.632454
3547671060.514988	273.293579	520.820747	51.621300	264.500751	518.900804	282.086406	522.740689	-0.024381	-0.004494	1.402737	1.603128
3547671061.196468	263.111320	506.449269	57.139400	258.098593	498.974473	268.124048	513.924064	-0.014527	0.013320	1.412512	1.622678
3547671061.902967	254.204700	491.644273	61.185619	263.179103	492.322565	245.230296	490.965980	-0.019437	0.004467	1.407625	1.612903
3547671063.252918	239.296553	458.998635	71.225746	231.576765	463.625175	247.016341	454.372095	-0.024381	0.022067	1.402737	1.632454
3547671064.001447	233.788663	442.414862	72.970169	239.679279	449.219320	227.898048	435.610403	-0.019437	0.039250	1.407625	1.652004
3547671065.437461	223.197175	403.308589	76.175697	216.883845	396.894397	229.510505	409.722781	-0.004809	0.008907	1.422287	1.617791
3547671066.087920	218.249283	383.904921	75.238235	219.683042	375.019858	216.815523	392.789983	-0.014527	0.008907	1.412512	1.617791
3547671067.527936	207.676671	347.170342	73.779243	216.666226	347.603829	198.687117	346.736855	-0.014527	0.004467	1.412512	1.612903
3547671068.236434	201.379736	326.526600	71.359528	194.346028	332.141487	208.413444	320.911713	-0.004809	0.034993	1.422287	1.647116
3547671068.889899	194.516732	305.190054	70.315277	186.127601	301.930837	202.905862	308.449271	0.009520	0.051873	1.436950	1.666667
3547671069.560369	187.449006	287.435952	70.661263	178.451723	287.214825	196.446289	287.657080	0.023560	0.034993	1.451613	1.647116
3547671070.258864	181.445817	269.138020	71.790187	177.398397	277.176576	185.493238	261.099464	0.037319	0.017706	1.466276	1.627566
3547671070.948349	175.805708	250.844513	74.253151	184.002369	247.127694	167.609047	254.561332	0.068377	0.060166	1.500489	1.676442
3547671072.272282	168.928082	214.863196	84.374065	165.022015	222.971380	172.834149	206.755013	0.359656	0.461606	1.920821	2.341153
3547671072.964771	167.449784	197.243439	86.933701	175.169612	192.616967	159.729955	201.869911	0.607514	0.650690	2.521994	2.878788
3547671073.686280	167.057299	182.213222	87.382965	172.001773	174.693104	162.112825	189.733340	0.663164	0.711537	2.712610	3.108504
3547671075.104282	165.983567	161.539007	87.630409	168.935562	153.036905	163.031573	170.041108	0.703303	0.749150	2.869013	3.269795
3547671075.723718	165.696727	154.366325	91.833397	171.679818	161.089614	159.713635	147.643036	0.729551	0.754528	2.981427	3.294233
3547671076.400196	166.060872	148.512974	87.829597	167.272156	139.594859	164.849587	157.431090	0.742475	0.758773	3.040078	3.313783
3547671077.120704	166.044946	141.773947	94.653755	162.490708	133.505489	169.599183	150.042405	0.752870	0.766083	3.088954	3.347996
3547671077.823199	165.927767	136.330326	101.714142	157.595463	132.928456	174.260070	139.732195	0.764918	0.759826	3.147605	3.318671
3547671078.476660	167.397094	132.139070	101.471489	160.126290	126.834788	174.667897	137.443353	0.774621	0.760877	3.196481	3.323558
3547671079.190164	168.891799	126.161412	106.914219	167.992683	117.206437	169.790915	135.116388	0.777474	0.754528	3.211144	3.294233
3547671081.181567	175.709409	111.034715	121.093281	166.799948	112.308101	184.618869	109.761330	0.761949	0.737032	3.132942	3.216031
3547671081.847036	179.251837	105.767704	125.782330	178.186729	96.830951	180.316946	114.704456	0.753892	0.730249	3.093842	3.186706
3547671082.512507	182.249068	101.767799	128.467850	179.269338	110.260220	185.228798	93.275379	0.750818	0.726811	3.079179	3.172043
3547671083.187984	185.419044	98.401984	138.770889	180.785550	90.686368	190.052539	106.117600	0.737151	0.704275	3.015640	3.079179
3547671083.900485	190.664605	94.916973	151.268074	186.575581	86.899499	194.753628	102.934447	0.726240	0.694374	2.966764	3.040078
3547671084.589975	195.448284	91.882983	149.965744	202.093936	85.813774	188.802631	97.952192	0.709182	0.677730	2.893451	2.976540
3547671085.299474	201.417691	88.627609	157.926819	194.672908	82.668759	208.162475	94.586460	0.702115	0.668471	2.864125	2.942326
3547671086.005971	208.199284	86.969068	171.980545	201.699028	93.193751	214.699540	80.744385	0.680016	0.652086	2.776149	2.883675
3547671086.782518	215.495304	86.128269	173.478348	221.229355	93.065175	209.761252	79.191364	0.668433	0.637914	2.732160	2.834800
3547671087.432980	224.681533	85.927412	185.031158	221.826455	94.462547	227.536611	77.392277	0.652396	0.621749	2.673509	2.781036
3547671088.101451	232.889545	87.427323	192.805862	241.171766	90.949370	224.607325	83.905275	0.638484	0.593906	2.624633	2.693060
3547671088.780931	241.599806	90.248683	201.111877	241.150465	81.259907	242.049148	99.237459	0.619605	0.590699	2.561095	2.683284
3547671089.467418	248.798470	93.635135	206.881653	252.821901	85.584545	244.775040	101.685725	0.602883	0.567583	2.507331	2.614858
3547671090.113870	256.814223	99.274976	220.478714	251.978555	91.684435	261.649891	106.865517	0.585428	0.560755	2.453568	2.595308
3547671090.836381	263.234698	105.040481	223.299973	265.434239	113.767567	261.035157	96.313396	0.572246	0.545008	2.414467	2.551320
3547671091.517862	269.536888	112.607655	233.677597	261.149382	109.344260	277.924393	115.871050	0.553407	0.528709	2.360704	2.507331
3547671092.840795	279.501147	128.598132	248.237076	279.962250	137.586312	279.040043	119.609951	0.524420	0.504130	2.282502	2.443793
3547671093.518272	282.678220	138.018185	254.216110	280.426352	146.731914	284.930089	129.304455	0.507225	0.486351	2.238514	2.399804
3547671094.923263	283.631685	158.784180	275.805023	289.115049	151.647463	278.148322	165.920897	0.470725	0.455225	2.150538	2.326491
3547671095.617752	281.795467	168.211112	284.161591	272.899979	166.843529	290.690956	169.578695	0.453526	0.442219	2.111437	2.297165
3547671096.985718	272.400461	189.672330	301.525726	273.004523	180.692625	271.796400	198.652036	0.417145	0.417491	2.033236	2.243402
3547671097.689213	265.786876	198.971853	306.456512	274.684157	197.615976	256.889596	200.327729	0.392950	0.391548	1.984360	2.189638
3547671098.359686	258.214926	207.642198	316.435364	251.362184	213.476573	265.067668	201.807823	0.377852	0.376853	1.955034	2.160313
3547671099.044169	250.029241	214.804310	319.869110	254.911214	207.243467	245.147268	222.365152	0.367533	0.374365	1.935484	2.155425
3547671099.737661	240.342367	221.110573	332.994446	240.471742	212.111503	240.212993	230.109643	0.348964	0.356628	1.901271	2.121212
3547671106.052113	130.936074	223.371199	27.441271	124.276119	229.424710	137.596030	217.317689	0.340799	0.340963	1.886608	2.091887
3547671106.740599	119.443440	216.746255	37.564251	120.653512	207.827975	118.233368	225.664535	0.343535	0.335644	1.891496	2.082111
3547671107.480122	109.989381	209.023122	43.272930	115.851563	202.194153	104.127198	215.852091	0.340799	0.351455	1.886608	2.111437
3547671108.174611	101.016833	199.103642	49.540585	106.984364	192.366538	95.049302	205.840746	0.340799	0.332965	1.886608	2.077224
3547671108.868104	93.619131	188.099976	60.536297	100.357059	194.066577	86.881204	182.133375	0.335286	0.316625	1.876833	2.047898
3547671110.149003	83.953975	166.259717	72.370255	84.974387	175.201684	82.933562	157.317751	0.318394	0.313856	1.847507	2.043011
3547671111.502960	80.041636	142.627498	87.961418	80.070221	133.627544	80.013050	151.627453	0.297997	0.294095	1.813294	2.008798
3547671112.173432	80.581331	129.901967	95.764282	71.594592	129.413564	89.568069	130.390370	0.295020	0.305469	1.808407	2.028348
3547671113.549403	86.033195	105.917146	110.450333	90.305231	113.838618	81.761160	97.995675	0.295020	0.282499	1.808407	1.989247
3547671114.276916	91.517917	93.389593	116.795456	96.272088	101.031443	86.763747	85.747744	0.292027	0.285419	1.803519	1.994135
3547671114.986422	98.430438	81.823872	121.092644	89.520168	83.091581	107.340708	80.556163	0.279891	0.276614	1.783969	1.979472
3547671115.632873	105.558328	71.576103	128.858719	106.038880	80.563265	105.077776	62.588942	0.267485	0.276614	1.764418	1.979472
3547671116.985826	125.612488	51.539870	141.545525	127.169314	60.404197	124.055662	42.675543	0.254802	0.261646	1.744868	1.955034
3547671117.651297	136.664407	44.329242	149.551605	145.190517	41.447326	128.138296	47.211158	0.273722	0.249400	1.774194	1.935484
3547671118.334779	148.721685	37.776169	155.046814	156.778060	41.788003	140.665310	33.764335	0.241832	0.236903	1.725318	1.915934
3547671119.048287	162.062227	32.703510	161.397705	170.371561	36.161105	153.752893	29.245914	0.235236	0.243183	1.715543	1.925709
3547671119.745775	175.524003	29.513029	169.329407	178.326010	20.960324	172.721996	38.065734	0.211545	0.230559	1.681329	1.906158
3547671120.417247	190.074029	28.094837	177.944130	181.947224	31.962011	198.200835	24.227663	0.208082	0.230559	1.676442	1.906158
3547671121.066709	204.840778	28.400158	185.755722	208.360090	36.683542	201.321466	20.116774	0.211545	0.217673	1.681329	1.886608
3547671121.731175	218.440045	30.694892	192.958298	227.161034	32.918479	209.719055	28.471304	0.197570	0.224149	1.661779	1.896383
3547671122.360620	232.648491	34.615689	197.088104	225.993563	40.674726	239.303420	28.556652	0.214988	0.227362	1.686217	1.901271
3547671123.052107	245.740135	39.626992	201.342377	243.249069	30.978605	248.231201	48.275378	0.231909	0.230559	1.710655	1.906158
3547671123.707572	258.970163	45.931901	208.507233	250.711343	42.355326	267.228983	49.508477	0.231909	0.264670	1.710655	1.959922
3547671124.403060	271.315724	53.163006	213.408417	273.278769	44.379701	269.352679	61.946312	0.235236	0.230559	1.715543	1.906158
3547671131.832306	280.291022	76.348140	306.406952	289.244548	75.434702	271.337496	77.261578	0.238543	0.224149	1.720430	1.896383
3547671132.501774	271.673000	87.761356	309.534210	262.707301	88.546362	280.638700	86.976350	0.214988	0.236903	1.686217	1.915934
3547671133.188258	262.858347	97.820294	310.792511	260.848971	106.593116	264.867723	89.047472	0.214988	0.230559	1.686217	1.906158
3547671133.848726	252.857922	107.827433	319.202850	261.368809	104.900864	244.347035	110.754001	0.208082	0.227362	1.676442	1.901271
3547671135.848135	218.106873	129.894183	333.696350	212.395209	122.938833	223.818537	136.849533	0.289017	0.282499	1.798631	1.989247
3547671136.532619	205.338245	135.555975	339.628021	202.370700	127.059289	208.305790	144.052661	0.329714	0.319380	1.867058	2.052786
3547671137.243122	192.674781	140.006989	342.837769	196.214077	148.281854	189.135485	131.732125	0.367533	0.348850	1.935484	2.106549
3547671137.927600	179.983828	143.498462	346.780838	171.577196	140.284656	188.390459	146.712269	0.395423	0.389126	1.989247	2.184751
3547671138.604083	166.730305	145.844866	352.545166	161.023790	138.885291	172.436821	152.804441	0.433400	0.393959	2.067449	2.194526
3547671139.260542	154.893688	147.073092	356.747177	163.754008	145.493615	146.033369	148.652568	0.442450	0.435590	2.086999	2.282502
3547671140.603489	132.058216	144.422511	15.348011	128.888150	152.845733	135.228282	135.999288	0.446912	0.428876	2.096774	2.267840
3547671141.310989	121.363442	141.018926	24.754808	124.684441	132.654061	118.042442	149.383791	0.444686	0.433362	2.091887	2.277615
3547671141.991469	111.590306	136.003674	28.338966	112.171593	144.984883	111.009018	127.022466	0.437946	0.435590	2.077224	2.282502
3547671142.682957	102.411249	129.597000	41.303444	106.428859	137.650497	98.393640	121.543503	0.428811	0.424352	2.057674	2.258065
3547671144.046920	87.829916	113.857666	54.314789	94.922803	119.397609	80.737030	108.317723	0.402769	0.412867	2.003910	2.233627
3547671144.711388	81.226298	104.700294	58.286541	72.351622	106.197000	90.100974	103.203588	0.392950	0.393959	1.984360	2.194526
3547671145.403876	76.070187	94.775013	63.421341	71.066769	87.293983	81.073606	102.256042	0.377852	0.391548	1.955034	2.189638
3547671146.105373	71.456343	84.218845	70.804207	62.519323	85.281708	80.393362	83.155981	0.372719	0.376853	1.945259	2.160313
3547671146.771842	68.098688	73.486440	73.382256	76.221518	77.361957	59.975857	69.610924	0.343535	0.359197	1.891496	2.126100
3547671148.231871	64.149746	50.120198	86.085274	72.724791	52.853074	55.574702	47.387322	0.340799	0.338310	1.886608	2.086999
3547671148.897342	64.205280	38.949979	93.011650	72.705958	35.993888	55.704602	41.906069	0.324084	0.332965	1.857283	2.077224
3547671149.563810	65.983641	24.652868	99.603882	73.182495	19.251341	58.784786	30.054395	0.312644	0.313856	1.837732	2.043011
3547671152.963209	52.317388	19.882014	345.760986	50.654841	11.036905	53.979934	28.727122	0.238543	0.273650	1.720430	1.974585
3547671153.661703	39.451780	23.091342	347.841980	32.545017	28.861663	46.358544	17.321020	0.221815	0.264670	1.695992	1.959922
3547671154.360195	26.316719	24.983284	354.769592	24.261613	33.745506	28.371825	16.221062	0.208082	0.258608	1.676442	1.950147
3547671155.055685	15.494450	25.785551	342.437225	15.527085	34.785492	15.461815	16.785610	0.221815	0.252484	1.695992	1.940371
3547671155.710152	14.891456	26.217662	278.592987	7.275915	31.013862	22.506997	21.421461	0.183262	0.236903	1.642229	1.915934
3547671156.397633	16.480868	27.794658	225.079041	24.564562	23.838157	8.397175	31.751159	0.186871	0.211129	1.647116	1.876833
3547671157.079114	24.135325	36.471595	231.348877	32.271111	32.623351	15.999538	40.319838	0.172305	0.240051	1.627566	1.920821
3547671157.762602	32.863070	47.443355	234.051697	23.863112	47.470752	41.863028	47.415958	0.168609	0.214409	1.622678	1.881720
3547671159.136566	49.346567	72.965493	238.646805	50.372464	64.024155	48.320670	81.906832	0.161149	0.224149	1.612903	1.896383
3547671159.831054	56.659220	86.542910	244.738892	59.364738	77.959194	53.953702	95.126626	0.153598	0.194467	1.603128	1.852395
3547671160.489519	63.644263	101.916639	247.713852	59.552505	109.932717	67.736020	93.900560	0.142098	0.194467	1.588465	1.852395
3547671161.823461	74.901172	131.242853	249.613800	83.809544	132.523832	65.992800	129.961875	0.130384	0.207831	1.573803	1.871945
3547671162.458910	79.603630	145.125912	250.311951	87.251146	140.380862	71.956114	149.870962	0.134313	0.187679	1.578690	1.842620
3547671163.154401	84.155960	159.057094	253.135895	75.408992	161.176184	92.902928	156.938003	0.126430	0.163342	1.568915	1.808407
3547671164.491342	92.479218	188.476905	255.674042	100.883889	191.695833	84.074547	185.257977	0.122452	0.177361	1.564027	1.827957
3547671165.197842	95.755429	203.788810	257.855530	93.573014	195.057426	97.937844	212.520194	0.130384	0.159790	1.573803	1.803519
3547671165.925354	98.410239	219.153233	260.892395	99.667952	228.064920	97.152526	210.241546	0.098051	0.159790	1.534702	1.803519
3547671167.288316	101.383494	249.984299	268.425751	110.237408	251.599294	92.529580	248.369304	0.126430	0.152628	1.568915	1.793744
3547671168.609247	101.406838	271.406398	272.793732	96.897251	279.195084	105.916424	263.617712	0.114421	0.156219	1.554252	1.798631
3547671169.312744	100.696356	281.858737	275.554199	107.779485	276.306324	93.613228	287.411151	0.114421	0.159790	1.554252	1.803519
3547671169.991223	98.293202	294.700567	281.135223	107.286936	295.036361	89.299469	294.364773	0.102182	0.134376	1.539589	1.769306
3547671171.402217	88.925570	321.108397	296.254547	81.631953	315.835527	96.219186	326.381267	0.122452	0.166875	1.564027	1.813294
3547671172.102712	82.053741	333.959600	301.413483	83.659801	325.104061	80.447681	342.815139	0.118449	0.141737	1.559140	1.779081
3547671172.782191	74.286671	345.743132	305.217987	78.470596	353.711493	70.102746	337.774772	0.118449	0.138067	1.559140	1.774194
3547671173.501700	65.537604	356.577743	311.699768	71.211392	363.564024	59.863815	349.591462	0.122452	0.145387	1.564027	1.783969
3547671174.878671	42.556616	376.344224	326.915253	40.860274	367.505535	44.252959	385.182913	0.098051	0.134376	1.534702	1.769306
3547671175.546142	28.577112	384.672364	331.825653	36.909386	381.270422	20.244838	388.074306	0.102182	0.145387	1.539589	1.783969
3547671176.230630	17.581673	389.758444	324.832886	26.119244	392.606230	9.044102	386.910658	0.085497	0.126933	1.520039	1.759531
3547671176.923113	16.727292	391.119579	260.141144	11.563769	398.491012	21.890816	383.748146	0.085497	0.130665	1.520039	1.764418
3547671177.599591	18.186627	392.059108	209.521927	10.789310	397.185481	25.583944	386.932736	0.093893	0.126933	1.529814	1.759531
3547671178.277069	29.975173	398.440507	207.851700	25.608429	390.570847	34.341916	406.310168	0.106288	0.126933	1.544477	1.759531
3547671178.962554	43.230424	406.315549	211.062744	48.132761	413.863203	38.328086	398.767895	0.081259	0.119407	1.515152	1.749756
3547671181.028009	86.348703	438.082612	222.346146	80.503161	444.925830	92.194245	431.239393	0.081259	0.138067	1.515152	1.774194
3547671181.705487	99.480438	450.406399	224.989014	107.887106	447.192687	91.073771	453.620110	0.076993	0.115613	1.510264	1.744868
3547671182.401984	111.519155	462.450422	226.337234	110.240426	453.541726	112.797884	471.359117	0.089709	0.111797	1.524927	1.739980
3547671183.722913	133.682622	487.746082	232.038208	137.513213	479.601970	129.852030	495.890195	0.072699	0.111797	1.505376	1.739980
3547671184.405392	143.265943	501.438921	235.345909	140.834670	510.104307	145.697216	492.773535	0.076993	0.096317	1.510264	1.720430
3547671185.042846	152.020105	515.383056	238.643822	153.072670	506.444818	150.967540	524.321295	0.072699	0.096317	1.505376	1.720430
3547671185.722322	159.694928	529.494136	245.621582	154.782641	521.952953	164.607214	537.035319	0.076993	0.123181	1.510264	1.754643
3547671186.485858	166.236467	545.025579	250.890015	170.048719	536.872866	162.424216	553.178293	0.076993	0.115613	1.510264	1.744868
3547671187.175347	170.980184	560.313823	256.714905	178.005965	554.689020	163.954404	565.938626	0.076993	0.107960	1.510264	1.735093
3547671187.860829	174.539792	578.164206	261.710449	181.903519	583.338714	167.176066	572.989697	0.068377	0.104101	1.500489	1.730205
3547671189.924287	184.219533	578.556211	137.611252	189.440238	571.225165	178.998827	585.887257	0.064027	0.123181	1.495601	1.754643
3547671190.594759	196.111281	567.725530	139.804504	187.111340	567.758212	205.111221	567.692848	0.046339	0.088444	1.476051	1.710655
3547671191.269233	210.698380	555.663647	141.391632	210.878032	564.661854	210.518728	546.665440	0.064027	0.072425	1.495601	1.691105
3547671191.935707	225.666429	544.472051	145.358505	218.933236	538.500107	232.399621	550.443996	0.064027	0.088444	1.495601	1.710655
3547671193.299667	257.054150	525.824460	152.591736	248.279984	527.827961	265.828315	523.820958	0.059649	0.068362	1.490714	1.686217
3547671194.049195	273.295709	517.824515	153.486649	269.369747	525.923083	277.221672	509.725946	0.046339	0.080480	1.476051	1.700880
3547671194.708661	287.467124	510.577293	129.001648	289.222933	519.404361	285.711314	501.750225	0.059649	0.080480	1.490714	1.700880
3547671195.428167	287.914264	508.283953	61.336376	296.888747	507.606718	278.939780	508.961187	0.046339	0.076464	1.476051	1.695992
3547671196.086634	284.440685	507.235690	13.412621	277.701478	501.270534	291.179892	513.200846	0.041844	0.076464	1.471163	1.695992
3547671196.736091	272.849775	504.074545	15.783495	273.528914	513.048885	272.170636	495.100206	0.050805	0.076464	1.480938	1.695992
3547671197.429580	258.049859	499.045722	21.096825	251.031785	504.680138	265.067933	493.411307	0.032763	0.051873	1.461388	1.666667
3547671198.102053	243.522124	492.686145	25.732071	238.445322	485.254719	248.598926	500.117570	0.023560	0.060166	1.451613	1.676442
3547671198.751514	229.241640	485.206371	29.476433	237.636818	488.449977	220.846461	481.962765	0.037319	0.060166	1.466276	1.676442
3547671200.139494	201.475472	467.087366	38.244011	196.810486	459.390750	206.140458	474.783982	0.041844	0.043483	1.471163	1.656891
3547671200.873010	188.531132	455.613023	43.195267	194.905472	449.259458	182.156792	461.966588	0.018912	0.056032	1.446725	1.671554
3547671201.539480	176.213628	443.213181	45.553059	167.213628	443.212867	185.213628	443.213495	0.028177	0.056032	1.456500	1.671554
3547671202.182933	163.928608	429.546253	48.346123	172.387387	432.620185	155.469829	426.472322	0.014232	0.039250	1.441838	1.652004
3547671202.844401	152.388432	415.169404	51.211258	145.089874	409.903377	159.686990	420.435432	0.032763	0.056032	1.461388	1.671554
3547671203.492857	141.643390	401.037788	52.366259	133.878035	405.587432	149.408746	396.488145	0.023560	0.056032	1.451613	1.671554
3547671204.161329	132.212531	388.039178	55.084948	141.160986	387.077333	123.264075	389.001023	0.009520	0.047690	1.436950	1.661779
3547671204.848818	123.388744	374.594498	59.345613	120.347964	383.065252	126.429523	366.123745	0.023560	0.051873	1.451613	1.666667
3547671206.197766	108.460705	345.069896	66.967476	116.004779	349.977741	100.916630	340.162051	0.041844	0.060166	1.471163	1.676442
3547671206.932283	101.853912	328.363180	69.076973	102.196418	319.369699	101.511406	337.356660	0.032763	0.051873	1.461388	1.666667
3547671208.262223	89.190226	291.472469	72.891121	94.525126	298.720837	83.855325	284.224102	0.018912	0.051873	1.446725	1.666667
3547671208.937703	84.946036	274.062006	73.675049	93.841752	275.428111	76.050321	272.695900	0.046339	0.107960	1.476051	1.735093
3547671209.601167	80.262843	256.461269	75.234787	81.727234	247.581204	78.798452	265.341335	0.046339	0.076464	1.476051	1.695992
3547671210.271640	77.098711	240.832779	79.423340	84.055523	246.542663	70.141899	235.122896	0.055242	0.068362	1.485826	1.686217
3547671210.977143	74.953747	224.417846	85.242531	78.619721	232.637374	71.287772	216.198319	0.055242	0.076464	1.485826	1.695992
3547671212.318084	74.201461	187.532048	92.154205	81.999381	192.025649	66.403541	183.038447	0.064027	0.068362	1.495601	1.686217
3547671213.639017	77.761328	153.553789	101.140327	72.610224	146.173671	82.912431	160.933906	0.050805	0.088444	1.480938	1.710655
3547671214.264460	81.605065	137.931373	105.738930	89.522320	133.651529	73.687810	142.211218	0.068377	0.084474	1.500489	1.705767
3547671215.612408	93.165235	108.065378	116.535110	95.792073	116.673497	90.538398	99.457258	0.072699	0.092391	1.505376	1.715543
3547671216.331915	101.944608	93.725070	125.324432	104.939829	85.238100	98.949387	102.212039	0.076993	0.092391	1.510264	1.715543
3547671216.990381	113.678315	80.034324	132.944427	106.117081	75.152958	121.239549	84.915691	0.114421	0.072425	1.554252	1.691105
3547671219.030819	155.000490	50.235929	155.848007	163.487768	47.241581	146.513212	53.230276	0.318394	0.180818	1.847507	1.832845
3547671219.713302	170.321744	44.996563	168.374672	178.921194	42.341482	161.722294	47.651645	0.318394	0.217673	1.847507	1.886608
3547671220.581914	185.439910	43.394530	183.223785	177.811674	38.618546	193.068145	48.170515	0.332507	0.249400	1.871945	1.935484
3547671221.221366	199.185557	46.122287	198.154007	201.269499	54.877696	197.101615	37.366878	0.335286	0.264670	1.876833	1.959922
3547671221.885833	214.729971	54.440148	217.873123	222.763982	58.496584	206.695960	50.383713	0.340799	0.270672	1.886608	1.969697
3547671223.259803	231.641308	74.104272	238.370285	235.069301	65.782682	228.213315	82.425863	0.312644	0.258608	1.837732	1.950147
3547671223.990320	237.814866	86.644269	250.341980	245.316465	81.671743	230.313267	91.616794	0.292027	0.258608	1.803519	1.950147
3547671224.726839	241.636836	100.728803	259.795563	234.281561	105.915318	248.992110	95.542288	0.289017	0.249400	1.798631	1.935484
3547671225.464357	242.774976	114.387035	270.254761	242.075549	105.414254	243.474403	123.359817	0.273722	0.243183	1.774194	1.925709
3547671226.131830	241.327747	129.447173	279.953766	244.430897	137.895278	238.224598	120.999069	0.273722	0.240051	1.774194	1.920821
3547671226.882359	237.609151	143.571394	289.555939	233.063897	135.803468	242.154404	151.339319	0.241832	0.233739	1.725318	1.911046
3547671227.555834	231.215918	157.368862	298.964783	235.636826	165.208222	226.795010	149.529501	0.221815	0.207831	1.695992	1.871945
3547671228.251326	223.474849	169.301631	308.220306	220.437632	160.829600	226.512066	177.773663	0.228564	0.217673	1.705767	1.886608
3547671230.436867	191.060224	197.791470	331.716095	199.714507	195.320968	182.405941	200.261973	0.190458	0.166875	1.652004	1.813294
3547671231.152370	177.021860	204.166867	341.100296	168.274483	206.284268	185.769238	202.049465	0.175979	0.184258	1.632454	1.837732
3547671231.904903	162.929234	208.183616	347.761398	155.580403	213.379257	170.278065	202.987975	0.161149	0.177361	1.612903	1.827957
3547671232.610400	147.808098	209.978025	356.004196	155.401821	214.808696	140.214376	205.147355	0.164890	0.149017	1.617791	1.788856
3547671233.376942	133.270738	209.622975	4.467778	142.002822	211.802587	124.538654	207.443362	0.183262	0.149017	1.642229	1.788856
3547671234.177505	116.855774	207.371252	14.900851	110.355138	213.595537	123.356410	201.146966	0.179631	0.138067	1.637341	1.774194
3547671234.849981	100.790190	201.109464	25.802883	95.200315	194.055863	106.380065	208.163066	0.161149	0.123181	1.612903	1.754643
3547671235.533463	88.021260	192.833152	38.040184	85.010781	184.351583	91.031739	201.314721	0.175979	0.123181	1.632454	1.754643
3547671236.255970	77.150963	182.458491	51.072800	70.649050	176.235539	83.652876	188.681442	0.161149	0.115613	1.612903	1.744868
3547671236.934451	68.743852	170.317877	61.748722	76.694715	166.100795	60.792989	174.534958	0.168609	0.123181	1.622678	1.754643
3547671237.624940	62.923111	155.536217	73.078888	69.517264	161.661341	56.328958	149.411093	0.161149	0.088444	1.612903	1.710655
3547671238.414495	60.325551	141.106541	83.954918	53.457724	146.923152	67.193378	135.289931	0.157385	0.111797	1.608016	1.739980
3547671239.082965	60.047988	129.228221	93.327515	67.209847	123.777737	52.886129	134.678705	0.149789	0.107960	1.598240	1.735093
3547671239.760445	64.093567	110.098040	110.299377	67.125769	118.571867	61.061364	101.624213	0.149789	0.111797	1.598240	1.739980
3547671240.461938	71.855718	95.824008	123.401970	78.791544	101.559364	64.919891	90.088651	0.145955	0.104101	1.593353	1.730205
3547671241.174442	82.453798	82.764953	134.723267	79.239426	91.171368	85.668170	74.358538	0.142098	0.092391	1.588465	1.715543
3547671241.873936	95.658063	71.483117	145.177933	90.106863	64.399037	101.209262	78.567196	0.134313	0.092391	1.578690	1.715543
3547671243.241900	126.386839	56.564769	165.360039	118.192785	60.287332	134.580893	52.842206	0.241832	0.138067	1.725318	1.774194
3547671243.908372	143.435612	53.705814	176.208786	140.951894	45.055314	145.919330	62.356313	0.321246	0.224149	1.852395	1.896383
3547671244.586853	160.353933	54.730309	187.719162	166.660355	48.309325	154.047510	61.151293	0.364921	0.258608	1.930596	1.950147
3547671245.267329	174.405315	57.950133	197.888885	174.122296	66.945681	174.688333	48.954584	0.385457	0.279564	1.969697	1.984360
3547671246.593264	196.186524	70.989556	224.485565	205.100579	72.230377	187.272470	69.748735	0.380400	0.296959	1.959922	2.013685
3547671247.243722	204.846673	80.849905	235.440186	203.241929	89.705683	206.451417	71.994128	0.380400	0.302646	1.959922	2.023460
3547671247.929208	210.354725	91.186116	245.590408	205.679873	83.495487	215.029576	98.876744	0.367533	0.308278	1.935484	2.033236
3547671248.638710	214.433319	103.220539	256.861816	220.560037	96.627867	208.306601	109.813211	0.354337	0.294095	1.911046	2.008798
3547671249.966644	215.855114	130.154589	277.324585	209.008577	124.312934	222.701652	135.996243	0.318394	0.288325	1.847507	1.999022
3547671250.681149	213.258466	143.088108	284.995728	206.269332	148.758382	220.247600	137.417834	0.312644	0.279564	1.837732	1.984360
3547671251.319600	208.467839	155.504393	295.115570	210.204138	146.673467	206.731540	164.335320	0.297997	0.258608	1.813294	1.950147
3547671252.006084	201.914433	167.398030	305.362762	207.204184	174.679413	196.624682	160.116647	0.289017	0.252484	1.798631	1.940371
3547671253.312005	184.455180	186.531571	321.545822	176.420596	182.476271	192.489765	190.586871	0.258000	0.220919	1.749756	1.891496
3547671254.017503	173.645526	193.891654	331.011368	181.838713	197.616124	165.452338	190.167185	0.248354	0.227362	1.735093	1.901271
3547671254.726003	161.967352	199.503671	337.308746	170.212575	203.111481	153.722129	195.895860	0.221815	0.201185	1.695992	1.862170
3547671255.380464	149.405563	203.530968	345.071457	153.749862	195.648896	145.061263	211.413041	0.221815	0.204517	1.695992	1.867058
3547671256.061944	135.573145	206.812730	352.322021	131.548249	198.762872	139.598040	214.862588	0.201094	0.204517	1.666667	1.867058
3547671256.727415	122.880262	206.818245	359.951416	114.136207	208.949325	131.624317	204.687164	0.208082	0.201185	1.676442	1.862170
3547671257.392888	109.599053	206.812917	7.137514	102.811880	200.902393	116.386225	212.723440	0.190458	0.184258	1.652004	1.837732
3547671258.052350	96.897748	204.384900	12.442689	98.008047	195.453650	95.787449	213.316151	0.175979	0.180818	1.632454	1.832845
3547671258.730830	83.178008	199.788971	22.568470	88.090041	207.330319	78.265975	192.247622	0.175979	0.173884	1.632454	1.823069
3547671259.413310	71.253367	194.038056	30.742088	76.869276	187.005164	65.637458	201.070947	0.161149	0.163342	1.612903	1.808407
3547671260.132816	58.950080	185.568561	37.469959	60.994451	176.803828	56.905709	194.333294	0.157385	0.149017	1.608016	1.788856
3547671261.608860	38.508356	165.195076	52.567108	31.806766	171.202463	45.209945	159.187689	0.138218	0.138067	1.583578	1.774194
3547671262.262320	30.349554	153.007042	60.816223	38.473695	156.879812	22.225414	149.134273	0.126430	0.111797	1.568915	1.739980
3547671262.924786	23.515703	138.468842	68.326706	29.898310	132.123582	17.133096	144.814102	0.134313	0.130665	1.578690	1.764418
3547671264.312770	16.326079	110.626483	79.988937	25.259539	111.718861	7.392619	109.534106	0.118449	0.123181	1.559140	1.754643
3547671265.688737	15.295437	79.327491	95.881493	6.313244	79.893367	24.277629	78.761614	0.106288	0.119407	1.544477	1.749756
3547671267.074714	23.010112	49.629941	112.458977	28.373016	42.402267	17.647208	56.857614	0.102182	0.107960	1.539589	1.735093
3547671267.741186	30.471966	35.214098	120.158585	24.154852	28.803633	36.789081	41.624564	0.085497	0.111797	1.520039	1.739980
3547671268.423666	40.105138	21.923541	128.187698	34.893413	29.260974	45.316863	14.586108	0.081259	0.100220	1.515152	1.725318
3547671270.453098	53.351638	16.890418	253.572632	46.322032	22.510441	60.381243	11.270396	0.081259	0.096317	1.515152	1.720430
3547671273.134990	48.762091	78.243850	284.910278	41.314527	83.296946	56.209656	73.190754	0.076993	0.104101	1.510264	1.730205
3547671273.805463	43.303420	95.502102	288.058228	50.718714	90.401768	35.888126	100.602437	0.081259	0.111797	1.515152	1.739980
3547671274.453922	37.224428	111.323336	290.985962	28.895606	114.733720	45.553250	107.912952	0.085497	0.130665	1.520039	1.764418
3547671275.797867	22.385645	140.575937	303.175049	13.386226	140.678155	31.385065	140.473719	0.068377	0.115613	1.500489	1.744868
3547671276.455336	16.749240	149.956498	276.275391	18.402661	141.109679	15.095819	158.803316	0.081259	0.107960	1.515152	1.735093
3547671277.132811	17.340292	151.583021	209.944580	12.696654	159.292536	21.983930	143.873506	0.085497	0.119407	1.520039	1.749756
3547671277.813291	20.962969	151.063015	165.802216	15.149914	157.933851	26.776025	144.192179	0.076993	0.104101	1.510264	1.730205
3547671278.500777	33.417817	147.848311	166.502853	33.403802	156.848301	33.431832	138.848322	0.081259	0.104101	1.515152	1.730205
3547671279.836718	67.317881	141.219332	171.328522	58.373991	142.222740	76.261772	140.215923	0.064027	0.104101	1.495601	1.730205
3547671280.499184	85.059365	138.911343	173.176010	88.467856	147.240940	81.650874	130.581746	0.081259	0.092391	1.515152	1.715543
3547671282.611675	140.248134	133.905756	176.625717	134.474105	127.002090	146.022162	140.809421	0.064027	0.068362	1.495601	1.686217
3547671283.258132	157.324711	133.829543	177.634979	148.406592	135.040805	166.242830	132.618281	0.068377	0.104101	1.500489	1.730205
3547671283.974638	174.027854	133.090591	178.639023	170.261638	141.264673	177.794071	124.916510	0.110367	0.130665	1.549365	1.764418
3547671284.673132	190.493706	132.599996	179.881683	197.017886	138.799599	183.969526	126.400393	0.085497	0.166875	1.520039	1.813294
3547671285.333597	209.450580	132.744682	181.281631	216.669152	127.369534	202.232008	138.119830	0.089709	0.184258	1.524927	1.837732
3547671286.033089	226.794028	133.029041	182.181458	227.072231	124.033342	226.515825	142.024740	0.102182	0.204517	1.539589	1.867058
3547671286.712568	243.238013	133.699161	182.537094	240.366620	125.169500	246.109405	142.228821	0.076993	0.211129	1.510264	1.876833
3547671287.362028	259.646250	134.438572	180.947891	268.227314	131.724658	251.065185	137.152485	0.093893	0.204517	1.529814	1.867058
3547671288.688965	289.538963	133.675738	155.079346	297.721565	137.423408	281.356361	129.928068	0.085497	0.201185	1.520039	1.862170
3547671289.364440	290.520394	132.706410	94.048187	292.304823	123.885083	288.735966	141.527737	0.076993	0.204517	1.510264	1.867058
3547671290.045921	289.418817	132.179726	28.746670	293.513526	140.194298	285.324108	124.165154	0.093893	0.201185	1.529814	1.862170
3547671293.453325	223.148535	105.509040	12.237004	226.059526	96.992812	220.237543	114.025267	0.081259	0.166875	1.515152	1.813294
3547671294.151818	207.464547	102.598549	9.706367	209.965485	111.244086	204.963609	93.953012	0.098051	0.159790	1.534702	1.803519
3547671294.851313	191.309969	99.736612	8.518458	184.224813	105.286438	198.395126	94.186787	0.110367	0.173884	1.549365	1.823069
3547671295.549804	175.816673	97.348659	8.029177	166.954441	98.917363	184.678906	95.779955	0.204598	0.227362	1.671554	1.901271
3547671296.248297	160.117618	94.867159	8.885798	155.498266	102.591251	164.736969	87.143067	0.300958	0.261646	1.818182	1.955034
3547671296.919775	144.105428	92.421496	10.494043	151.997056	96.748413	136.213800	88.094580	0.359656	0.285419	1.920821	1.994135
3547671297.601251	131.009738	89.801587	15.268412	127.179934	97.946070	134.839542	81.657104	0.397884	0.291217	1.994135	2.003910
3547671298.288735	118.235492	85.699792	21.187515	111.756548	91.946654	124.714436	79.452931	0.392950	0.296959	1.984360	2.013685
3547671298.976220	107.311500	79.792718	35.891979	116.061321	81.899999	98.561679	77.685436	0.407608	0.296959	2.013685	2.013685
3547671299.678716	97.670498	71.618224	48.739185	106.661589	71.217863	88.679407	72.018584	0.402769	0.291217	2.003910	2.003910
3547671301.034673	86.759538	50.471597	76.904144	77.778471	49.888125	95.740605	51.055069	0.375292	0.276614	1.950147	1.979472
3547671303.082117	91.302225	14.839239	113.341919	89.122855	6.107094	93.481594	23.571383	0.340799	0.252484	1.886608	1.940371
3547671305.180596	97.303363	19.591988	251.240097	98.088202	10.626274	96.518524	28.557702	0.306832	0.230559	1.827957	1.906158
3547671305.879091	99.648367	35.744805	271.484589	90.958249	33.403469	108.338484	38.086141	0.295020	0.252484	1.808407	1.940371
3547671306.712679	97.583988	49.860795	282.882782	96.333063	40.948153	98.834913	58.773437	0.289017	0.233739	1.798631	1.911046
3547671308.084647	83.549789	78.092688	307.392822	87.731786	70.123315	79.367792	86.062061	0.273722	0.230559	1.774194	1.906158
3547671308.782139	73.968880	88.722714	317.992096	79.706303	95.656831	68.231457	81.788597	0.267485	0.230559	1.764418	1.906158
3547671309.500645	63.624667	96.886444	325.762695	71.012538	91.746467	56.236796	102.026421	0.264341	0.214409	1.759531	1.881720
3547671310.183127	51.673939	103.682584	333.785461	45.365957	97.263133	57.981921	110.102036	0.235236	0.230559	1.715543	1.906158
3547671310.863606	38.571206	109.389498	338.485931	45.065385	103.158475	32.077027	115.620520	0.225199	0.204517	1.700880	1.867058
3547671311.560100	25.068363	113.836764	345.640167	24.483996	104.855755	25.652730	122.817772	0.211545	0.211129	1.681329	1.876833
3547671312.364666	17.220855	115.105731	21.913992	16.527134	124.078955	17.914576	106.132507	0.225199	0.191082	1.700880	1.847507
3547671313.020129	15.936222	113.708651	78.026733	11.518432	121.549769	20.354012	105.867533	0.201094	0.207831	1.666667	1.871945
3547671313.743639	16.202168	113.518901	137.537643	21.947876	106.591647	10.456461	120.446154	0.190458	0.191082	1.652004	1.847507
3547671314.413111	17.903811	113.308005	201.936707	10.997208	107.537491	24.810414	119.078519	0.179631	0.138067	1.637341	1.774194
3547671315.754056	29.945467	128.189199	236.927322	38.636177	130.528337	21.254758	125.850062	0.179631	0.163342	1.637341	1.808407
3547671316.428533	37.022696	140.957232	245.848877	30.537404	134.716960	43.507988	147.197503	0.157385	0.149017	1.608016	1.788856
3547671317.130028	42.804980	155.939326	253.837387	37.490919	163.202985	48.119041	148.675666	0.161149	0.163342	1.612903	1.808407
3547671317.793496	46.188434	171.188101	263.651031	48.351803	162.451978	44.025066	179.924223	0.134313	0.145387	1.578690	1.783969
3547671318.480982	46.667943	187.631841	272.259247	38.819764	192.037075	54.516122	183.226608	0.145955	0.152628	1.593353	1.793744
3547671319.223505	44.581560	202.717434	280.346436	50.681251	209.335120	38.481869	196.099748	0.130384	0.126933	1.573803	1.759531
3547671319.875966	40.721606	218.135767	287.462769	49.721383	218.072401	31.721829	218.199133	0.114421	0.130665	1.554252	1.764418
3547671321.260942	29.693758	246.540583	294.860748	33.600026	238.432496	25.787489	254.648669	0.098051	0.107960	1.534702	1.735093
3547671321.968442	23.350356	257.887186	301.605743	23.234721	248.887929	23.465990	266.886443	0.102182	0.100220	1.539589	1.725318
3547671322.644919	17.062922	267.043172	323.333649	14.832846	275.762504	19.292999	258.323839	0.068377	0.096317	1.500489	1.720430
3547671323.319395	15.186574	267.362988	24.074417	23.030389	262.949988	7.342759	271.775988	0.093893	0.092391	1.529814	1.715543
3547671324.007880	15.247495	267.265076	87.939812	15.470516	258.267839	15.024475	276.262312	0.085497	0.088444	1.520039	1.710655
3547671324.678353	15.844315	266.704917	142.050232	21.493387	273.711199	10.195243	259.698634	0.064027	0.088444	1.495601	1.710655
3547671326.055325	34.457433	267.883999	191.250412	31.062893	276.219292	37.851972	259.548707	0.072699	0.096317	1.505376	1.720430
3547671326.709787	50.064835	272.071104	198.203369	52.578250	280.713022	47.551421	263.429186	0.068377	0.088444	1.500489	1.710655
3547671327.381262	65.993564	278.333122	204.315308	66.997536	287.276949	64.989592	269.389295	0.072699	0.080480	1.505376	1.700880
3547671328.075749	81.056675	286.515738	210.771652	83.586612	295.152833	78.526737	277.878643	0.059649	0.107960	1.490714	1.735093
3547671328.748225	96.235674	296.840850	217.222061	100.167924	304.936368	92.303423	288.745333	0.055242	0.104101	1.485826	1.730205
3547671330.249283	122.205938	320.841831	226.693283	117.902075	312.937607	126.509801	328.746056	0.046339	0.068362	1.476051	1.686217
3547671330.919760	132.228536	333.036213	232.543938	131.634237	324.055856	132.822835	342.016569	0.041844	0.072425	1.471163	1.691105
3547671331.582225	143.565898	349.841875	239.072212	140.810339	341.274093	146.321457	358.409658	0.046339	0.072425	1.476051	1.691105
3547671332.926173	159.788546	379.637144	244.149437	166.809246	374.006000	152.767847	385.268287	0.041844	0.034993	1.471163	1.647116
3547671333.662692	167.061828	395.276110	248.542648	170.205568	403.709193	163.918088	386.843026	0.046339	0.047690	1.476051	1.661779
3547671334.346174	173.133579	412.571879	254.074356	169.673222	420.880064	176.593935	404.263695	0.032763	0.047690	1.461388	1.661779
3547671335.035660	177.344709	430.118260	259.255646	168.369508	430.785913	186.319911	429.450607	0.059649	0.051873	1.490714	1.666667
3547671335.843230	179.762085	447.925003	264.305267	176.162352	439.676250	183.361817	456.173756	0.028177	0.080480	1.456500	1.700880
3547671337.255228	179.590020	487.084123	275.290588	187.875248	483.569155	171.304793	490.599091	0.032763	0.039250	1.461388	1.652004
3547671337.951717	177.300385	504.082207	279.735443	178.500076	513.001889	176.100694	495.162524	0.023560	0.022067	1.451613	1.632454
3547671338.662221	173.521939	521.582984	284.432220	164.584615	522.643284	182.459263	520.522685	0.032763	0.080480	1.461388	1.700880
3547671340.050198	163.386802	552.724837	291.182373	155.883655	557.695026	170.889949	547.754648	0.023560	0.030710	1.451613	1.642229
3547671340.781715	156.664273	567.717361	294.409485	163.715471	562.124455	149.613074	573.310268	0.041844	0.060166	1.471163	1.676442
3547671341.486212	149.984140	581.023497	287.709244	158.696469	578.766215	141.271810	583.280779	0.037319	0.056032	1.466276	1.671554
3547671342.825155	152.042975	581.437904	157.099541	151.863814	572.439687	152.222135	590.436120	0.028177	0.043483	1.456500	1.656891
3547671349.061558	191.583414	564.098361	150.824966	191.326778	555.102021	191.840051	573.094702	0.004776	-0.004494	1.432063	1.603128
3547671349.890141	206.843656	556.050787	151.155396	203.682050	547.624385	210.005263	564.477188	0.018912	0.017706	1.446725	1.627566
3547671350.529593	223.798169	546.849065	150.841492	223.392907	537.858194	224.203431	555.839936	-0.004809	0.022067	1.422287	1.632454
3547671351.879546	261.251971	525.541838	147.994980	264.254417	534.026254	258.249526	517.057422	-0.000000	0.030710	1.427175	1.642229
3547671352.592047	279.538128	513.381923	143.159286	288.327404	511.445790	270.748851	515.318056	0.014232	0.030710	1.441838	1.642229
3547671353.267526	289.389862	506.917683	185.498367	290.684957	515.824014	288.094767	498.011353	-0.000000	0.022067	1.427175	1.632454
3547671353.931991	291.079935	508.214475	253.127594	282.315678	510.260886	299.844192	506.168063	-0.044506	0.004467	1.383187	1.612903
3547671354.623479	291.029520	507.841157	255.046570	295.943388	515.381309	286.115651	500.301005	-0.000000	0.030710	1.427175	1.642229
3547671355.339987	291.172089	508.005711	197.601395	288.350026	516.551819	293.994152	499.459603	-0.014527	0.017706	1.412512	1.627566
3547671357.429460	285.322137	504.652914	27.116484	277.078655	508.264700	293.565619	501.041128	-0.004809	0.017706	1.422287	1.627566
3547671358.119946	272.934369	498.373211	27.032036	264.415618	501.276809	281.453120	495.469613	-0.009651	0.017706	1.417400	1.627566
3547671358.837453	258.377214	490.216539	30.597368	264.948668	484.067068	251.805761	496.366010	-0.000000	0.039250	1.427175	1.652004
3547671360.190408	226.488544	472.078089	26.366810	217.993976	469.104486	234.983112	475.051693	-0.000000	0.013320	1.427175	1.622678
3547671360.863881	210.717393	463.920441	27.037062	202.213343	466.866816	219.221444	460.974066	-0.004809	0.043483	1.422287	1.656891
3547671361.567385	194.285558	455.641960	24.953884	195.886703	446.785531	192.684413	464.498389	-0.004809	0.004467	1.422287	1.612903
3547671362.253861	178.014592	448.731982	21.008274	170.525737	453.723678	185.503448	443.740285	-0.019437	0.013320	1.407625	1.622678
3547671362.955357	159.742915	442.488217	16.577216	166.617537	448.296794	152.868292	436.679640	-0.000000	-0.018142	1.427175	1.588465
3547671363.607819	141.191839	437.564200	13.099223	136.619907	429.811946	145.763772	445.316453	-0.004809	0.043483	1.422287	1.656891
3547671364.497446	124.525738	434.509598	8.830348	119.485413	441.965811	129.566064	427.053384	-0.004809	0.008907	1.422287	1.617791
3547671365.185935	106.724536	431.969344	5.877498	110.276388	423.699861	103.172684	440.238827	-0.009651	0.008907	1.417400	1.617791
3547671365.874417	85.039884	429.736721	4.839553	93.967214	428.595328	76.112554	430.878114	-0.014527	-0.000000	1.412512	1.608016
3547671366.519873	68.096832	428.370990	2.944916	66.338131	437.197483	69.855532	419.544498	-0.024381	0.022067	1.402737	1.632454
3547671367.876829	33.553978	426.721317	359.091125	26.235527	421.482971	40.872429	431.959664	0.009520	-0.004494	1.436950	1.603128
3547671368.565321	17.018084	426.794687	359.621155	8.055490	425.974988	25.980678	427.614386	-0.004809	0.017706	1.422287	1.627566
3547671371.347278	30.532120	405.396599	132.915634	23.114552	400.299573	37.949689	410.493624	0.009520	0.026401	1.436950	1.637341
3547671372.049772	43.292929	392.367263	134.976624	42.288282	401.311015	44.297576	383.423512	0.014232	0.026401	1.441838	1.637341
3547671372.750269	58.833168	377.458683	135.566284	62.971609	385.450761	54.694728	369.466605	0.023560	0.030710	1.451613	1.642229
3547671374.140248	85.429121	350.137981	135.101151	85.543115	359.137259	85.315126	341.138703	0.032763	0.017706	1.461388	1.627566
3547671374.866760	100.460709	335.870167	137.269531	107.836248	330.712510	93.085171	341.027824	0.023560	0.034993	1.451613	1.647116
3547671375.547243	116.986149	321.654971	139.290421	109.133437	317.257821	124.838860	326.052120	0.032763	0.034993	1.461388	1.647116
3547671376.246738	134.588873	306.642768	138.522751	131.992250	298.025486	137.185495	315.260050	0.023560	0.030710	1.451613	1.642229
3547671376.959242	149.429726	291.667583	133.179245	140.940270	288.679415	157.919181	294.655750	0.032763	0.034993	1.461388	1.647116
3547671377.645726	163.682945	275.513727	127.687986	155.592606	279.456622	171.773284	271.570833	0.023560	0.030710	1.451613	1.642229
3547671378.325201	175.823577	258.450146	121.422409	167.803918	262.534881	183.843237	254.365410	0.037319	0.051873	1.466276	1.666667
3547671379.047710	185.280731	240.738184	116.078812	183.845832	249.623063	186.715631	231.853306	0.032763	0.043483	1.461388	1.656891
3547671379.765216	193.275380	221.846265	113.381569	190.751585	213.207372	195.799175	230.485157	0.018912	0.034993	1.446725	1.647116
3547671380.438692	200.678489	202.990922	110.515694	205.458789	210.616453	195.898188	195.365390	0.037319	0.017706	1.466276	1.627566
3547671381.108168	207.285288	184.198709	108.388939	198.285360	184.234640	216.285216	184.162778	0.028177	0.043483	1.456500	1.656891
3547671381.806658	212.682179	166.365844	105.599167	221.118452	163.230671	204.245907	169.501017	0.023560	0.039250	1.451613	1.652004
3547671382.518163	217.424116	147.675005	102.667915	209.828385	152.502517	225.019847	142.847493	0.004776	0.026401	1.432063	1.637341
3547671383.869112	222.566662	111.608708	93.382637	229.417352	105.771923	215.715972	117.445492	0.028177	0.017706	1.456500	1.627566
3547671384.531579	223.142704	94.877377	89.376305	214.256352	93.451634	232.029057	96.303119	0.018912	0.030710	1.446725	1.642229
3547671385.201053	222.596813	74.878868	85.537949	228.497009	81.675020	216.696616	68.082715	0.009520	0.026401	1.436950	1.637341
3547671387.176447	213.923165	20.391060	74.007011	222.778427	18.783477	205.067902	21.998643	0.009520	0.017706	1.436950	1.627566
3547671389.825314	203.202436	23.378627	288.708344	206.017987	14.830371	200.386884	31.926882	0.004776	0.022067	1.432063	1.632454
3547671390.530813	198.339574	38.684841	287.536011	207.310585	37.963071	189.368562	39.406612	-0.004809	0.030710	1.422287	1.642229
3547671391.200285	193.907121	55.075390	283.376007	188.585433	47.817316	199.228809	62.333463	0.009520	0.022067	1.436950	1.632454
3547671391.870757	190.553088	72.582763	277.989014	181.561001	72.205448	199.545176	72.960077	0.023560	0.008907	1.451613	1.617791
3547671392.555240	189.185861	91.828573	272.913361	185.638036	100.099784	192.733687	83.557362	0.037319	0.022067	1.466276	1.632454
3547671393.241725	188.375547	110.573158	270.666702	184.142026	102.631036	192.609068	118.515280	0.055242	0.026401	1.485826	1.637341
3547671393.917200	187.552268	128.910293	269.587311	192.556955	121.430112	182.547581	136.390474	0.183262	0.022067	1.642229	1.632454
3547671394.633708	188.985676	148.774069	266.687317	185.916014	157.234398	192.055337	140.313739	0.362295	0.119407	1.925709	1.749756
3547671395.294172	188.907365	167.267504	269.317551	195.724527	161.391595	182.090203	173.143413	0.455711	0.187679	2.116325	1.842620
3547671395.962645	187.601882	184.081158	278.789566	181.069784	190.272418	194.133980	177.889899	0.509169	0.252484	2.243402	1.940371
3547671396.634119	183.344121	198.176047	295.234299	184.022175	189.201625	182.666068	207.150468	0.526290	0.267678	2.287390	1.964809
3547671397.271568	176.276213	209.188954	309.834961	167.945493	212.594699	184.606933	205.783209	0.524420	0.296959	2.282502	2.013685
3547671397.928030	168.050713	216.628087	326.486771	170.180116	207.883623	165.921310	225.372550	0.516861	0.294095	2.262952	2.008798
3547671398.609512	158.290603	221.402960	337.830460	167.236947	220.421670	149.344258	222.384249	0.505273	0.302646	2.233627	2.023460
3547671399.282987	147.730837	224.043287	353.427795	138.730846	224.030884	156.730829	224.055690	0.499364	0.296959	2.218964	2.013685
3547671399.981486	135.710176	225.052912	3.708268	140.541648	232.646125	130.878704	217.459699	0.472831	0.296959	2.155425	2.013685
3547671400.645949	124.870008	222.547160	17.981234	131.739222	216.732188	118.000793	228.362131	0.462205	0.279564	2.130987	1.984360
3547671401.316420	113.378109	217.366873	29.768986	122.352031	218.051511	104.404187	216.682235	0.437946	0.294095	2.077224	2.008798
3547671402.001904	104.229935	210.647880	42.542610	113.152693	209.471273	95.307178	211.824486	0.426500	0.273650	2.052786	1.974585
3547671402.673379	96.367280	201.724683	52.806065	91.277994	209.147565	101.456566	194.301801	0.410009	0.276614	2.018573	1.979472
3547671403.326838	90.518503	191.466546	66.075951	91.439433	200.419304	89.597574	182.513787	0.395423	0.267678	1.989247	1.964809
3547671404.811887	83.276811	167.191995	80.013847	92.234708	168.061524	74.318914	166.322465	0.351657	0.236903	1.906158	1.915934
3547671405.476357	82.274611	153.737737	91.115547	82.358851	162.737342	82.190370	144.738131	0.359656	0.236903	1.920821	1.915934
3547671406.173847	83.535687	138.716682	100.000237	88.091142	130.954734	78.980231	146.478629	0.321246	0.214409	1.852395	1.881720
3547671406.850325	86.830215	126.264997	107.396309	81.881760	118.747498	91.778670	133.782496	0.303903	0.217673	1.823069	1.886608
3547671407.485775	92.051373	113.629917	116.277824	92.401350	122.623110	91.701395	104.636725	0.295020	0.220919	1.808407	1.891496
3547671408.135234	99.372157	101.896526	125.811836	98.043857	92.995087	100.700458	110.797965	0.279891	0.201185	1.783969	1.862170
3547671408.806706	108.072186	91.910828	135.399353	110.825161	100.479442	105.319212	83.342215	0.261179	0.191082	1.754643	1.847507
3547671409.470173	118.171737	82.904957	141.481125	119.154870	91.851098	117.188604	73.958815	0.254802	0.173884	1.744868	1.823069
3547671410.166668	129.069172	75.030920	146.007133	120.095787	74.339279	138.042556	75.722562	0.248354	0.170389	1.735093	1.818182
3547671412.203101	170.769333	58.264962	168.715851	177.984733	52.885556	163.553933	63.644368	0.264341	0.159790	1.759531	1.803519
3547671412.877577	184.622025	56.097226	173.590668	191.097460	62.347725	178.146589	49.846728	0.285992	0.170389	1.793744	1.818182
3547671413.496013	198.558311	55.678947	183.043198	191.911928	49.610538	205.204694	61.747356	0.295020	0.184258	1.808407	1.837732
3547671414.167488	212.723137	57.581163	191.697433	213.265342	66.564815	212.180931	48.597510	0.292027	0.177361	1.803519	1.827957
3547671416.141885	251.581609	76.361919	217.358978	256.582015	83.844963	246.581203	68.878875	0.285992	0.194467	1.793744	1.852395
3547671416.826363	262.213118	86.610090	226.833389	256.847616	79.384345	267.578619	93.835835	0.289017	0.152628	1.798631	1.793744
3547671417.484828	270.880592	97.845375	237.716797	278.661500	93.322381	263.099685	102.368370	0.270612	0.163342	1.769306	1.808407
3547671418.136288	277.939843	110.892784	246.512955	268.986683	109.975760	286.893003	111.809807	0.261179	0.134376	1.754643	1.769306
3547671419.478235	285.800550	137.741896	260.191437	281.014130	145.363588	290.586970	130.120205	0.225199	0.159790	1.700880	1.803519
3547671420.757137	285.294829	167.102311	280.089844	289.515347	175.051351	281.074311	159.153272	0.225199	0.149017	1.700880	1.788856
3547671422.063063	276.530249	192.785833	295.658752	273.452261	184.328529	279.608237	201.243137	0.175979	0.119407	1.632454	1.749756
3547671422.760550	269.102036	205.585553	302.574951	261.617266	200.587731	276.586806	210.583374	0.172305	0.104101	1.627566	1.730205
3547671423.435024	260.268308	217.088632	311.108490	261.084540	226.051542	259.452075	208.125721	0.172305	0.104101	1.627566	1.730205
3547671425.431434	225.599837	243.390474	330.552307	231.294442	250.359799	219.905233	236.421150	0.138218	0.096317	1.583578	1.720430
3547671426.071887	211.918570	249.896726	337.086578	219.166180	255.232656	204.670960	244.560796	0.134313	0.092391	1.578690	1.715543
3547671426.761382	197.305952	255.157305	343.810547	206.137383	256.891037	188.474521	253.423572	0.130384	0.076464	1.573803	1.695992
3547671427.429843	183.371253	259.448224	346.300690	177.399681	252.714701	189.342824	266.181747	0.118449	0.084474	1.559140	1.705767
3547671428.106322	168.587733	262.014409	349.259786	173.238105	269.719864	163.937361	254.308954	0.106288	0.084474	1.544477	1.705767
3547671428.796808	153.712401	264.212951	353.122040	145.133565	261.492001	162.291238	266.933901	0.093893	0.072425	1.529814	1.691105
3547671429.473291	138.125812	264.386635	358.526733	134.744354	256.046027	141.507270	272.727244	0.098051	0.068362	1.534702	1.686217
3547671430.113738	122.773194	264.437487	1.594472	113.775716	264.650545	131.770672	264.224430	0.110367	0.080480	1.549365	1.700880
3547671430.801222	106.929875	265.448113	1.989124	98.705950	269.104212	115.153799	261.792013	0.093893	0.068362	1.529814	1.686217
3547671432.151176	77.275321	263.668173	2.556299	72.303323	271.170121	82.247319	256.166224	0.081259	0.056032	1.515152	1.671554
3547671432.826653	61.446996	262.441613	4.291230	69.660537	266.120981	53.233455	258.762245	0.068377	0.072425	1.500489	1.691105
3547671433.475109	46.092637	261.182167	5.127697	54.327567	257.550925	37.857706	264.813409	0.098051	0.064276	1.534702	1.681329
3547671434.167597	31.304753	259.506974	5.793125	35.540868	251.566235	27.068639	267.447713	0.085497	0.068362	1.520039	1.686217
3547671434.845077	16.750284	257.946611	6.134652	18.082177	249.045709	15.418391	266.847514	0.089709	0.072425	1.524927	1.691105
3547671435.500539	14.600244	256.705978	73.464478	23.013927	259.901279	6.186562	253.510677	0.059649	0.060166	1.490714	1.676442
3547671436.199033	14.928038	256.014015	122.196075	12.045407	264.539884	17.810668	247.488146	0.064027	0.076464	1.495601	1.695992
3547671436.873507	21.659004	247.980056	133.418304	12.703414	247.087078	30.614594	248.873035	0.072699	0.092391	1.505376	1.715543
3547671438.914947	56.753384	216.537118	137.125900	64.791230	212.488287	48.715538	220.585949	0.055242	0.043483	1.485826	1.656891
3547671439.636456	70.424121	204.030115	136.360794	79.026166	206.676780	61.822077	201.383451	0.059649	0.039250	1.490714	1.652004
3547671440.327943	84.186585	190.963614	134.570312	79.728951	198.782150	88.644218	183.145078	0.059649	0.034993	1.490714	1.647116
3547671441.693909	108.683980	164.087697	130.364441	117.683369	164.192583	99.684591	163.982812	0.064027	0.056032	1.495601	1.671554
3547671442.383393	119.439979	150.587887	128.805984	119.446150	159.587884	119.433808	141.587889	0.072699	0.030710	1.505376	1.642229
3547671443.046863	129.583426	136.794612	128.076344	123.588610	143.507448	135.578243	130.081776	0.072699	0.088444	1.505376	1.710655
3547671444.338775	149.372066	109.705806	121.683224	142.676952	115.720408	156.067181	103.691204	0.106288	0.107960	1.544477	1.735093
3547671445.036267	158.401310	95.080109	118.985455	161.865135	86.773369	154.937486	103.386848	0.194024	0.220919	1.656891	1.891496
3547671445.710743	166.527559	80.645597	117.620415	175.366768	82.339227	157.688350	78.951968	0.276815	0.285419	1.779081	1.994135
3547671447.098720	179.905385	52.509518	112.743263	183.025868	44.067801	176.784902	60.951235	0.390465	0.374365	1.979472	2.155425
3547671447.797214	184.904248	39.610030	108.158844	176.133320	37.592401	193.675175	41.627659	0.414778	0.386694	2.028348	2.179863
3547671448.466686	189.201016	26.942121	106.993912	187.591861	18.087144	190.810170	35.797099	0.424178	0.386694	2.047898	2.179863
3547671449.166178	192.662172	15.061211	109.315353	187.284602	22.277979	198.039742	7.844443	0.431111	0.391548	2.062561	2.189638
3547671451.180601	198.042003	16.651783	244.329041	203.943826	9.857044	192.140179	23.446522	0.453526	0.401128	2.111437	2.209189
3547671451.871087	202.470033	25.924702	245.266159	200.489000	17.145436	204.451065	34.703968	0.462205	0.389126	2.130987	2.184751
3547671452.557571	206.730371	36.808561	250.135941	215.090605	33.475923	198.370136	40.141200	0.481160	0.403496	2.174976	2.214076
3547671453.249061	210.603332	47.774426	252.043762	204.693607	40.986559	216.513058	54.562294	0.477014	0.401128	2.165200	2.209189
3547671454.574994	216.168820	69.829667	259.987061	209.935145	76.321299	222.402495	63.338034	0.474927	0.415184	2.160313	2.238514
3547671455.226454	217.751327	80.386969	262.774963	225.847597	76.456267	209.655058	84.317671	0.468609	0.422075	2.145650	2.253177
3547671455.901932	218.878374	91.464601	264.949310	211.046932	87.029681	226.709816	95.899521	0.453526	0.403496	2.111437	2.214076
3547671456.564398	219.654793	101.977672	266.937775	218.777779	110.934840	220.531807	93.020505	0.444686	0.391548	2.091887	2.189638
3547671457.264893	220.049565	113.729898	268.216949	228.376405	117.145120	211.722725	110.314676	0.426500	0.376853	2.052786	2.160313
3547671457.973392	220.022387	126.181618	271.531677	211.231693	124.251932	228.813082	128.111304	0.414778	0.366833	2.028348	2.140762
3547671459.312337	218.368873	151.450413	274.518829	226.758100	154.709381	209.979645	148.191446	0.380400	0.343605	1.959922	2.096774
3547671461.343772	211.968761	188.032997	282.855682	210.959795	179.089732	212.977728	196.976262	0.332507	0.291217	1.871945	2.003910
3547671462.023254	208.819701	199.769196	287.690887	217.571996	197.672211	200.067407	201.866180	0.315526	0.288325	1.842620	1.999022
3547671462.721744	205.074307	211.449990	289.495941	201.003009	203.423501	209.145605	219.476479	0.297997	0.276614	1.813294	1.979472
3547671463.362194	200.041923	223.160009	294.589203	205.979811	216.396764	194.104034	229.923253	0.285992	0.273650	1.793744	1.974585
3547671464.776191	187.931093	245.944299	302.215347	182.683828	238.632240	193.178359	253.256358	0.251587	0.243183	1.739980	1.925709
3547671465.439659	180.089624	256.962664	305.359558	185.356015	264.260959	174.823232	249.664368	0.241832	0.214409	1.725318	1.881720
3547671466.089119	171.474392	267.321488	311.131449	172.496174	276.263298	170.452610	258.379678	0.248354	0.227362	1.735093	1.901271
3547671466.747581	163.429715	276.906107	310.874003	162.141132	285.813382	164.718298	267.998831	0.208082	0.207831	1.676442	1.871945
3547671467.422058	153.755197	286.482564	312.633331	162.746141	286.078939	144.764252	286.886189	0.204598	0.191082	1.671554	1.847507
3547671468.087527	144.832320	296.184437	316.840477	140.833714	304.247387	148.830925	288.121488	0.190458	0.194467	1.652004	1.852395
3547671468.780016	135.666579	305.485873	317.629318	138.569853	314.004734	132.763306	296.967011	0.186871	0.173884	1.647116	1.823069
3547671469.476508	126.136252	313.044143	318.466248	134.406731	316.593676	117.865774	309.494609	0.175979	0.180818	1.632454	1.832845
3547671470.185008	113.245020	322.812024	324.432037	119.994615	328.765424	106.495425	316.858624	0.161149	0.163342	1.612903	1.808407
3547671470.852478	102.474810	330.604850	327.046265	99.638341	322.063513	105.311280	339.146187	0.161149	0.166875	1.612903	1.813294
3547671471.541964	91.642713	337.288530	329.444092	87.947109	345.494779	95.338317	329.082282	0.153598	0.138067	1.603128	1.774194
3547671472.171409	80.700224	343.070235	335.465607	75.007511	350.041104	86.392938	336.099366	0.134313	0.149017	1.578690	1.788856
3547671472.854891	69.432972	348.211273	337.538452	78.283087	349.846955	60.582856	346.575591	0.134313	0.138067	1.578690	1.774194
3547671473.529367	57.122713	352.931740	340.652283	48.321412	351.051022	65.924014	354.812458	0.130384	0.138067	1.573803	1.774194
3547671474.231863	43.066599	357.438977	343.842865	51.949439	358.886438	34.183758	355.991516	0.118449	0.107960	1.559140	1.735093
3547671477.627258	29.827839	373.572581	207.972992	24.540989	366.289092	35.114690	380.856070	0.089709	0.104101	1.524927	1.730205
3547671478.287724	44.575012	380.739518	202.173004	36.509429	376.746227	52.640594	384.732809	0.072699	0.096317	1.505376	1.720430
3547671478.936182	60.646587	386.967960	198.457703	65.253458	394.699501	56.039716	379.236418	0.081259	0.072425	1.515152	1.691105
3547671479.617662	76.373072	392.467947	198.191956	78.787690	401.137989	73.958454	383.797906	0.068377	0.080480	1.500489	1.700880
3547671480.314154	93.983358	398.428961	197.908524	93.877038	407.428333	94.089678	389.429589	0.064027	0.056032	1.495601	1.671554
3547671480.983626	110.324800	403.770420	197.519150	106.810194	412.055801	113.839405	395.485038	0.059649	0.080480	1.490714	1.700880
3547671481.626080	128.553707	409.056072	194.831764	128.076753	400.068719	129.030661	418.043425	0.064027	0.072425	1.495601	1.691105
3547671482.323572	146.370226	413.560516	193.193924	155.369341	413.686730	137.371111	413.434302	0.041844	0.072425	1.471163	1.691105
3547671486.474499	258.745706	415.541070	170.799881	250.516637	411.896565	266.974776	419.185575	0.032763	0.060166	1.461388	1.676442
3547671487.768412	289.918757	407.766267	125.214142	293.829916	399.660538	286.007599	415.871996	0.028177	0.047690	1.456500	1.661779
3547671488.436884	290.367797	405.315201	61.852272	297.840172	400.298867	282.895421	410.331535	0.037319	0.039250	1.466276	1.652004