Time	X	Y	Theta	LS_X	LS_Y	RS_X	RS_Y	RsRoL	RsRoR	VL	VR
3547503275.113308	32.541649	551.373715	179.039673	32.261719	560.369360	32.821580	542.378069	0.008838	-0.000000	1.642229	1.739980
3547503275.776776	32.553756	551.369816	178.869980	30.758663	560.188979	34.348848	542.550652	0.008838	-0.013035	1.642229	1.725318
3547503276.464267	32.553903	551.379736	178.953644	31.502075	560.318061	33.605731	542.441410	0.004432	0.004296	1.637341	1.744868
3547503277.125728	32.564047	551.366671	178.922897	31.237938	560.268437	33.890156	542.464905	0.004432	-0.008665	1.637341	1.730205
3547503277.787195	32.557872	551.376138	178.976257	31.708423	560.335962	33.407321	542.416315	0.000000	-0.008665	1.632454	1.730205
3547503278.446660	32.555324	551.373625	179.020126	32.099625	560.362081	33.011024	542.385169	-0.017997	-0.004320	1.612903	1.735093
3547503279.119134	32.563691	551.372203	178.986664	31.807527	560.340381	33.319856	542.404025	-0.008944	-0.004320	1.622678	1.735093
3547503279.833637	32.553441	551.376332	178.959747	31.556188	560.320911	33.550695	542.431754	-0.013457	0.008568	1.617791	1.749756
3547503280.551144	32.545200	551.372677	178.989120	31.811070	560.342686	33.279330	542.402669	-0.013457	0.004296	1.617791	1.744868
3547503281.222618	32.540393	551.373503	179.036865	32.235207	560.368327	32.845578	542.378679	-0.017997	-0.008665	1.612903	1.730205
3547503281.896094	32.543895	551.372099	178.922165	31.211266	560.272891	33.876524	542.471307	0.000000	-0.013035	1.632454	1.725318
3547503282.590582	32.558473	551.375733	179.014313	32.050527	560.361387	33.066420	542.390078	0.004432	-0.013035	1.637341	1.725318
3547503283.247046	32.561672	551.374821	178.950485	31.481617	560.309779	33.641727	542.439862	-0.013457	-0.004320	1.617791	1.735093
3547503283.892508	32.534657	551.373941	178.982193	31.738406	560.338649	33.330909	542.409233	0.000000	-0.004320	1.632454	1.735093
3547503284.557972	32.559599	551.373309	178.991013	31.842442	560.344691	33.276756	542.401928	0.008838	-0.035258	1.642229	1.700880
3547503285.214434	32.556251	551.372591	178.975327	31.698462	560.331620	33.414039	542.413562	-0.013457	-0.000000	1.617791	1.739980
3547503285.941948	32.563851	551.373801	178.917496	31.189678	560.268274	33.938025	542.479328	0.004432	-0.004320	1.637341	1.735093
3547503286.577396	32.555314	551.372641	178.984589	31.780540	560.339231	33.330087	542.406052	-0.013457	-0.008665	1.617791	1.730205
3547503287.210842	32.562731	551.369374	178.967865	31.638119	560.321753	33.487343	542.416995	-0.004459	-0.004320	1.627566	1.735093
3547503287.878314	32.553856	551.372257	179.032730	32.211478	560.365742	32.896234	542.378772	-0.008944	-0.008665	1.622678	1.730205
3547503288.529773	32.546830	551.364441	179.106140	32.864994	560.358816	32.228666	542.370067	-0.008944	0.004296	1.622678	1.744868
3547503289.165222	32.552991	551.372325	178.976868	31.709011	560.332666	33.396971	542.411985	-0.036436	-0.017429	1.593353	1.720430
3547503289.812677	32.557538	551.370922	178.997513	31.898712	560.346775	33.216364	542.395068	-0.022565	-0.004320	1.608016	1.735093
3547503290.485153	32.557116	551.375697	178.917908	31.186607	560.270735	33.927625	542.480658	-0.004459	-0.000000	1.627566	1.739980
3547503291.188649	32.556328	551.373047	179.057617	32.437855	560.372267	32.674801	542.373827	-0.013457	-0.004320	1.617791	1.735093
3547503291.919164	32.546318	551.372501	178.942947	31.398945	560.299065	33.693692	542.445938	-0.008944	-0.000000	1.622678	1.739980
3547503292.596647	32.553188	551.368918	178.991486	31.840275	560.340638	33.266102	542.397199	-0.004459	-0.000000	1.627566	1.739980
3547503293.247102	32.557053	551.368972	179.055923	32.423338	560.367979	32.690768	542.369966	-0.013457	-0.030763	1.617791	1.705767
3547503293.906574	32.555025	551.371044	178.972687	31.673589	560.327777	33.436460	542.414310	-0.013457	-0.008665	1.617791	1.730205
3547503294.557029	32.547641	551.371026	178.942764	31.398633	560.297379	33.696650	542.444673	-0.008944	-0.008665	1.622678	1.730205
3547503295.241515	32.555116	551.374013	179.000031	31.918891	560.351497	33.191342	542.396529	-0.017997	0.008568	1.612903	1.749756
3547503295.913984	32.557908	551.372289	179.041321	32.292802	560.368384	32.823013	542.376195	-0.013457	-0.000000	1.617791	1.739980
3547503296.538423	32.556269	551.370254	179.011032	32.018846	560.354194	33.093691	542.386314	0.000000	-0.013035	1.632454	1.725318
3547503297.229912	32.554587	551.372117	178.963440	31.590369	560.320317	33.518804	542.423917	0.000000	-0.008665	1.632454	1.730205
3547503297.893379	32.566131	551.370570	178.972794	31.685653	560.327397	33.446610	542.413742	-0.004459	-0.008665	1.627566	1.730205
3547503298.607883	32.545213	551.370484	178.948532	31.447709	560.303315	33.642717	542.437652	-0.013457	-0.004320	1.617791	1.735093
3547503299.278356	32.549623	551.370412	178.966385	31.611762	560.321413	33.487485	542.419411	-0.008944	-0.013035	1.622678	1.725318
3547503299.977851	32.550957	551.371324	178.970810	31.652713	560.326387	33.449201	542.416260	-0.004459	-0.013035	1.627566	1.725318
3547503300.666335	32.558021	551.373679	179.043243	32.310211	560.370267	32.805830	542.377091	-0.013457	-0.004320	1.617791	1.735093
3547503301.356826	32.558010	551.373187	179.024292	32.139757	560.363463	32.976263	542.382911	-0.017997	0.004296	1.612903	1.744868
3547503302.013287	32.551187	551.367234	178.873291	30.785306	560.192293	34.317068	542.542176	0.008838	-0.035258	1.642229	1.700880
3547503302.686761	32.551198	551.370200	178.964325	31.594899	560.319250	33.507496	542.421150	-0.008944	-0.008665	1.622678	1.730205
3547503303.355232	32.558389	551.369834	178.898132	31.012256	560.236032	34.104521	542.503635	-0.008944	-0.004320	1.622678	1.735093
3547503304.089750	32.555473	551.374874	178.988464	31.815458	560.344399	33.295489	542.405350	-0.017997	-0.013035	1.612903	1.725318
3547503304.773232	32.560721	551.372659	179.028778	32.182803	560.364721	32.938638	542.380597	-0.013457	-0.017429	1.617791	1.720430
3547503305.412687	32.556870	551.364671	178.967911	31.632668	560.317093	33.481072	542.412250	-0.008944	-0.000000	1.622678	1.739980
3547503306.057138	32.553675	551.370078	178.977478	31.715164	560.330932	33.392186	542.409224	-0.004459	0.021243	1.627566	1.764418
3547503306.720606	32.558211	551.367884	178.958191	31.547038	560.310900	33.569384	542.424869	-0.013457	-0.008665	1.617791	1.730205
3547503307.412094	32.553616	551.369324	178.965988	31.612203	560.319952	33.495028	542.418696	-0.004459	-0.017429	1.627566	1.720430
3547503308.067558	32.559963	551.369974	179.035934	32.246405	560.364510	32.873521	542.375438	-0.004459	-0.008665	1.627566	1.730205
3547503308.698001	32.558877	551.367884	178.981247	31.754144	560.331835	33.363610	542.403934	-0.004459	-0.013035	1.627566	1.725318
3547503309.365472	32.561846	551.371342	178.953583	31.509473	560.309603	33.614219	542.433081	-0.013457	-0.008665	1.617791	1.730205
3547503310.048956	32.552677	551.368796	178.986923	31.798839	560.337170	33.306515	542.400422	-0.013457	-0.004320	1.617791	1.735093
3547503310.732438	32.556762	551.370692	179.128815	33.078770	560.355541	32.034754	542.385843	-0.008944	-0.021848	1.622678	1.715543
3547503311.428934	40.691656	551.357239	181.716248	44.975859	543.442341	36.407454	559.272137	-0.008944	-0.000000	1.622678	1.739980
3547503312.079390	56.003098	552.159533	183.475632	47.425364	549.435111	64.580832	554.883955	-0.017997	-0.013035	1.612903	1.725318
3547503312.769876	74.126979	553.010137	180.896561	82.835987	550.740075	65.417971	555.280198	-0.022565	-0.000000	1.608016	1.739980
3547503313.420333	93.983301	552.307805	174.146774	102.782532	554.198184	85.184070	550.417427	-0.013457	0.004296	1.617791	1.744868
3547503314.084805	114.535887	548.405199	163.502487	113.282947	539.492840	115.788827	557.317558	-0.022565	-0.013035	1.608016	1.725318
3547503314.742267	133.751087	540.200553	148.857246	142.147214	543.441701	125.354959	536.959405	-0.027160	-0.021848	1.603128	1.715543
3547503315.429751	149.953855	527.017185	131.706360	152.097826	518.276282	147.809885	535.758088	-0.008944	-0.008665	1.622678	1.730205
3547503316.108230	160.932893	510.241436	112.408752	166.651887	503.292112	155.213899	517.190760	-0.022565	-0.026293	1.608016	1.710655
3547503316.798717	165.098184	489.330841	88.199219	163.005884	480.577426	167.190484	498.084257	-0.027160	-0.008665	1.603128	1.730205
3547503317.481198	160.361113	469.038405	65.636982	157.389752	477.533758	163.332474	460.543053	0.000000	0.012817	1.632454	1.754643
3547503318.154673	150.125091	454.013426	47.099499	149.905594	463.010749	150.344589	445.016103	-0.027160	-0.004320	1.603128	1.735093
3547503318.817144	135.366129	442.809211	27.516997	129.183233	449.349226	141.549025	436.269195	-0.008944	-0.013035	1.622678	1.725318
3547503319.453591	119.432331	437.308548	9.974840	124.136993	444.980976	114.727669	429.636120	-0.022565	-0.008665	1.608016	1.730205
3547503320.129066	103.992228	436.495063	356.233643	112.485618	439.472029	95.498837	433.518098	-0.022565	-0.026293	1.608016	1.710655
3547503320.796537	88.335964	439.392751	343.378876	95.631893	444.662420	81.040034	434.123083	-0.036436	-0.000000	1.593353	1.739980
3547503321.441994	74.036161	445.624137	330.473602	79.165183	453.019617	68.907138	438.228657	-0.027160	-0.004320	1.603128	1.735093
3547503322.167505	62.221423	453.801819	318.125702	68.831399	459.909864	55.611446	447.693774	-0.013457	-0.013035	1.617791	1.725318
3547503323.006095	50.423329	466.193863	307.452240	54.124703	457.990215	46.721955	474.397510	-0.017997	-0.013035	1.612903	1.725318
3547503324.286998	34.959037	494.547784	288.322632	40.783745	487.686824	29.134329	501.408744	-0.027160	-0.013035	1.603128	1.725318
3547503324.977487	31.582386	506.693475	281.751801	39.114208	501.766846	24.050565	511.620103	-0.013457	-0.035258	1.617791	1.700880
3547503325.619939	29.291744	519.924027	278.182007	20.394231	521.278375	38.189257	518.569678	-0.013457	-0.000000	1.617791	1.739980
3547503326.901845	27.376088	546.146091	268.938293	35.884263	543.211647	18.867913	549.080536	-0.008944	-0.021848	1.622678	1.715543
3547503327.554305	28.345438	560.054506	264.052124	26.926315	551.167094	29.764560	568.941918	-0.013457	-0.030763	1.617791	1.705767
3547503328.247795	30.563310	573.032850	257.021027	35.567351	565.552236	25.559270	580.513464	-0.013457	-0.021848	1.617791	1.715543
3547503332.320668	35.020810	570.556433	100.165359	38.238443	562.151265	31.803177	578.961600	-0.013457	-0.004320	1.617791	1.735093
3547503333.001147	38.108157	554.022569	98.994614	47.102818	553.712625	29.113495	554.332513	-0.022565	-0.039780	1.608016	1.695992
3547503333.656610	39.838942	537.205841	92.658768	48.837449	537.369772	30.840435	537.041910	-0.008944	-0.000000	1.622678	1.739980
3547503334.329083	38.471811	519.758698	79.225914	44.173515	526.722215	32.770107	512.795181	-0.036436	-0.013035	1.593353	1.725318
3547503335.069609	33.938635	502.867315	67.831871	42.568907	500.314200	25.308362	505.420430	-0.008944	-0.026293	1.622678	1.710655
3547503335.780108	25.945764	486.811432	56.888950	22.941983	478.327489	28.949545	495.295376	-0.008944	-0.004320	1.622678	1.735093
3547503337.120054	15.504406	468.996331	102.340027	6.758667	471.120490	24.250145	466.872173	0.000000	-0.004320	1.632454	1.735093
3547503337.782521	17.754605	465.211351	129.498276	23.504078	472.135480	12.005132	458.287223	-0.004459	-0.048902	1.627566	1.686217
3547503338.414966	25.913519	455.227937	129.160858	29.046552	463.665004	22.780485	446.790870	-0.027160	-0.013035	1.603128	1.725318
3547503339.040413	35.040052	443.359633	123.058548	39.639723	451.095460	30.440381	435.623805	0.000000	-0.004320	1.632454	1.735093
3547503339.711882	43.222723	429.816137	116.457367	45.173074	438.602269	41.272371	421.030004	0.000000	-0.013035	1.632454	1.725318
3547503340.397366	49.433368	414.652622	107.773285	42.065113	409.484564	56.801622	419.820680	-0.008944	-0.030763	1.622678	1.705767
3547503341.127881	53.311592	399.177348	99.208572	62.035347	396.964634	44.587838	401.390062	-0.017997	-0.004320	1.612903	1.735093
3547503341.812365	54.665946	382.609616	88.160172	52.916951	373.781195	56.414941	391.438037	-0.013457	-0.008665	1.617791	1.730205
3547503343.196341	47.710264	351.123638	67.664116	56.645677	350.047355	38.774850	352.199921	-0.027160	-0.004320	1.603128	1.735093
3547503343.852804	39.951911	336.613082	56.732758	38.304445	327.765153	41.599377	345.461012	-0.017997	-0.013035	1.612903	1.725318
3547503344.480248	29.883376	324.457346	43.136929	36.617318	318.486246	23.149435	330.428446	-0.004459	-0.008665	1.627566	1.730205
3547503358.055827	52.332639	277.792551	133.194885	43.797488	274.937521	60.867790	280.647581	-0.008944	0.004296	1.622678	1.744868
3547503358.743308	63.094052	266.868917	134.056351	55.368494	271.485816	70.819610	262.252019	-0.008944	-0.013035	1.622678	1.725318
3547503359.442806	74.122168	255.431913	132.120972	72.563347	246.567936	75.680989	264.295889	-0.013457	-0.000000	1.617791	1.739980
3547503360.105277	84.539287	242.952124	129.599747	90.960579	249.258233	78.117995	236.646015	0.008838	0.037818	1.642229	1.783969
3547503361.436207	103.436930	219.436759	128.770462	103.123462	228.431298	103.750397	210.442220	-0.013457	-0.021848	1.617791	1.715543
3547503362.091675	113.896313	206.055555	124.471046	122.260500	202.732850	105.532125	209.378259	0.004432	-0.008665	1.637341	1.730205
3547503362.759140	122.464086	193.267036	123.509636	129.976062	198.223872	114.952110	188.310201	0.000000	0.008568	1.632454	1.749756
3547503364.201159	137.912658	166.292144	116.350304	138.912967	175.236382	136.912350	157.347907	-0.008944	-0.017429	1.622678	1.720430
3547503364.877636	145.192012	150.862976	113.076183	145.382368	141.864989	145.001656	159.860962	0.030479	-0.013035	1.666667	1.725318
3547503365.595142	151.904981	134.470589	110.181976	153.923758	143.241253	149.886205	125.699926	-0.004459	-0.008665	1.627566	1.730205
3547503367.009139	164.062642	105.468039	114.377312	155.440561	102.887397	172.684723	108.048682	-0.022565	0.033708	1.608016	1.779081
3547503367.651593	171.192507	90.586288	117.266670	178.897716	95.237068	163.487297	85.935509	0.030479	-0.000000	1.666667	1.739980
3547503368.305054	178.202254	77.266383	118.973972	181.761227	68.999963	174.643280	85.532803	0.087831	0.062011	1.735093	1.813294
3547503369.671017	194.361017	50.043669	121.969147	189.634089	57.702400	199.087944	42.384939	0.183159	0.165290	1.862170	1.950147
3547503370.330483	203.436927	36.977919	126.271248	198.299269	29.588434	208.574584	44.367403	0.229292	0.221212	1.930596	2.033236
3547503370.975941	212.396794	26.034394	132.613037	206.835151	18.958510	217.958436	33.110278	0.248077	0.266891	1.959922	2.106549
3547503371.712458	221.406765	16.870063	136.032578	228.696456	22.148359	214.117075	11.591766	0.251154	0.303983	1.964809	2.170088
3547503373.714871	232.215641	20.798460	246.224823	223.892145	17.375097	240.539137	24.221823	0.272267	0.303983	1.999022	2.170088
3547503374.386344	236.477405	31.305409	249.305756	244.578058	35.227069	228.376752	27.383748	0.275224	0.303983	2.003910	2.174976
3547503375.050813	239.813852	41.736725	253.877670	234.796627	49.208502	244.831078	34.264949	0.260291	0.298419	1.979472	2.160313
3547503375.697271	242.887752	54.487995	259.132507	233.898504	54.048191	251.876999	54.927799	0.269295	0.292804	1.994135	2.150538
3547503377.022205	245.072984	78.624815	270.974854	238.630053	72.340815	251.515914	84.908814	0.244985	0.266891	1.955034	2.106549
3547503377.695680	243.706230	91.648111	279.240784	240.527656	100.068127	246.884804	83.228095	0.244985	0.260985	1.955034	2.096774
3547503378.392177	240.976366	103.849070	287.680237	249.750498	101.845420	232.202235	105.852719	0.232463	0.236800	1.935484	2.057674
3547503379.683081	228.274042	127.419832	308.565247	222.550995	120.473845	233.997089	134.365818	0.238755	0.263945	1.945259	2.101662
3547503380.357558	219.711224	136.735632	318.746765	228.641127	137.856715	210.781320	135.614549	0.269295	0.306747	1.994135	2.174976
3547503381.034035	209.512633	144.376089	327.066589	206.503162	135.894162	212.522105	152.858016	0.326092	0.281419	2.091887	2.130987
3547503381.687499	197.232906	150.478486	338.261108	204.952755	145.852048	189.513056	155.104923	0.404347	0.306747	2.243402	2.174976
3547503382.344960	185.439663	154.455341	349.866821	193.654673	158.131426	177.224652	150.779256	0.455902	0.309498	2.355816	2.179863
3547503382.997421	173.705030	155.129467	4.095659	181.046998	160.334802	166.363061	149.924133	0.464370	0.338965	2.375367	2.233627
3547503383.679904	162.382991	152.931548	18.600956	164.597415	144.208227	160.168566	161.654868	0.490953	0.372012	2.438905	2.297165
3547503384.389403	152.521112	147.232605	39.512850	143.785401	149.397635	161.256823	145.067574	0.492940	0.421699	2.443793	2.399804
3547503385.118916	144.808168	138.598434	59.260550	141.058697	146.780211	148.557640	130.416658	0.490953	0.439527	2.438905	2.438905
3547503385.755365	140.955621	128.377265	76.700394	132.278393	125.988600	149.632848	130.765931	0.476813	0.426210	2.404692	2.409580
3547503387.114331	141.582009	106.960713	105.350449	150.530447	105.998702	132.633572	107.922724	0.458032	0.412565	2.360704	2.380254
3547503387.789800	145.419452	95.773278	116.378792	146.674125	104.685393	144.164779	86.861163	0.447292	0.417150	2.336266	2.390029
3547503388.453269	152.068738	86.512232	131.939796	152.132593	77.512458	152.004884	95.512005	0.431873	0.396214	2.302053	2.346041
3547503389.122741	160.651841	78.529592	144.322723	162.356332	69.692470	158.947351	87.366713	0.413681	0.391455	2.262952	2.336266
3547503389.783207	170.338417	73.407861	157.266922	168.662650	64.565248	172.014184	82.250474	0.409034	0.372012	2.253177	2.297165
3547503390.533738	181.975418	70.266233	170.798744	173.750497	66.612376	190.200339	73.920090	0.399618	0.372012	2.233627	2.297165
3547503391.211214	193.334920	69.591377	185.988602	198.670874	76.838970	187.998967	62.343784	0.399618	0.376934	2.233627	2.306940
3547503391.880688	206.369196	72.255163	198.107773	208.046256	81.097531	204.692135	63.412795	0.387614	0.374478	2.209189	2.302053
3547503392.541152	217.454891	77.578046	209.349457	209.287552	81.358862	225.622230	73.797229	0.380284	0.374478	2.194526	2.302053
3547503393.193613	227.469957	84.990410	222.855957	225.707331	93.816119	229.232582	76.164700	0.367846	0.354448	2.170088	2.262952
3547503393.862085	236.018676	94.157424	230.622025	244.655541	96.688148	227.381811	91.626701	0.352546	0.364549	2.140762	2.282502
3547503394.513547	242.640286	104.215451	239.558273	236.201464	97.927241	249.079107	110.503660	0.342111	0.349332	2.121212	2.253177
3547503395.872504	252.195650	127.192894	253.751587	246.278678	133.974446	258.112622	120.411343	0.301204	0.323070	2.047898	2.204301
3547503397.215450	256.004042	153.306380	268.401306	264.815836	155.137301	247.192247	151.475459	0.292669	0.289977	2.033236	2.145650
3547503399.231872	248.598248	190.497562	292.160248	248.527428	199.497283	248.669068	181.497841	0.248077	0.260985	1.959922	2.096774
3547503399.886339	242.781822	201.908473	303.352417	233.941626	203.596941	251.622019	200.220005	0.235617	0.252022	1.940371	2.082111
3547503400.564812	233.920482	213.345018	311.625275	239.058584	220.734193	228.782379	205.955844	0.238755	0.224359	1.945259	2.038123
3547503401.245293	224.861647	221.969107	318.696503	233.723948	223.537424	215.999346	220.400790	0.213196	0.224359	1.906158	2.038123
3547503403.272724	188.914316	242.358483	345.183121	192.353245	234.041406	185.475387	250.675559	0.179734	0.192188	1.857283	1.989247
3547503403.947199	175.525478	244.167324	351.810181	175.959079	235.177775	175.091877	253.156873	0.176291	0.168711	1.852395	1.955034
3547503404.627679	160.610798	245.615673	359.629929	151.641357	244.874640	169.580239	246.356705	0.158798	0.172115	1.827957	1.959922
3547503405.297152	147.001931	244.238669	9.640051	148.924462	253.030931	145.079400	235.446407	0.155243	0.151432	1.823069	1.930596
3547503405.967627	132.866165	240.808323	19.288941	129.037714	232.663204	136.694615	248.953442	0.148076	0.161851	1.813294	1.945259
3547503408.005062	94.806091	217.460477	44.635002	89.340053	210.310482	100.272129	224.610472	0.133507	0.140853	1.793744	1.915934
3547503408.703558	84.613138	205.546965	54.305065	91.651821	211.155614	77.574454	199.938317	0.114843	0.119202	1.769306	1.886608
3547503409.368026	76.609947	191.899841	64.020874	68.257905	188.546723	84.961989	195.252958	0.114843	0.100639	1.769306	1.862170
3547503410.709971	67.507743	160.685125	83.347733	58.548776	161.543563	76.466709	159.826687	0.099537	0.111835	1.749756	1.876833
3547503412.030902	67.822762	129.827161	96.862534	63.297533	137.606769	72.347991	122.047553	0.091755	0.096867	1.739980	1.857283
3547503412.687365	71.269365	114.371052	105.935913	78.195895	108.624472	64.342834	120.117632	0.071911	0.096867	1.715543	1.857283
3547503413.377852	77.894919	99.172289	120.218086	71.207776	93.148825	84.582063	105.195752	0.091755	0.093076	1.739980	1.852395
3547503414.064338	88.029755	85.514257	132.129700	86.393629	76.664224	89.665880	94.364291	0.079916	0.054034	1.725318	1.803519
3547503414.753823	101.121416	73.759727	142.962433	110.119622	73.580035	92.123210	73.939419	0.083885	0.081582	1.730205	1.837732
3547503416.163819	134.232020	57.820013	167.762802	142.796395	60.586144	125.667645	55.053881	0.114843	0.081582	1.769306	1.837732
3547503416.843300	154.861908	56.083192	178.024033	147.069700	60.586691	162.654116	51.579694	0.129815	0.085433	1.788856	1.842620
3547503417.533784	173.411121	57.536562	188.402634	174.246247	48.575392	172.575994	66.497732	0.129815	0.096867	1.788856	1.857283
3547503418.861724	207.688770	70.070175	211.202240	213.592943	76.862873	201.784598	63.277477	0.172829	0.108122	1.847507	1.871945
3547503419.532194	221.363834	80.668779	223.283844	223.422340	89.430203	219.305328	71.907355	0.186567	0.140853	1.867058	1.915934
3547503420.177651	233.635361	95.230610	235.193176	229.914042	103.425229	237.356681	87.035991	0.196683	0.130111	1.881720	1.901271
3547503420.873142	241.789082	110.065506	245.837143	235.377459	103.749567	248.200706	116.381444	0.189956	0.147924	1.871945	1.925709
3547503421.572635	247.485641	126.402222	253.753998	241.585036	133.198019	253.386247	119.606425	0.189956	0.130111	1.871945	1.901271
3547503422.266123	250.808974	144.026087	264.165680	248.391941	135.356718	253.226007	152.695455	0.169349	0.122857	1.842620	1.891496
3547503424.247521	243.695793	192.717519	293.195251	251.398176	197.372977	235.993410	188.062060	0.179734	0.126493	1.857283	1.896383
3547503424.937007	236.360963	205.946628	303.364716	227.542201	207.743687	245.179726	204.149568	0.172829	0.133710	1.847507	1.906158
3547503425.602478	226.971291	217.850216	311.179474	228.421156	226.732665	225.521426	208.967768	0.158798	0.111835	1.827957	1.876833
3547503426.882380	203.229972	238.727824	326.327026	206.723208	230.433410	199.736737	247.022238	0.148076	0.104390	1.813294	1.867058
3547503427.593883	189.768811	246.627846	335.476120	184.149698	253.658178	195.387925	239.597515	0.137179	0.108122	1.798631	1.871945
3547503428.313392	175.383601	252.900125	343.817322	184.226575	254.573985	166.540627	251.226264	0.107233	0.096867	1.759531	1.857283
3547503428.958846	159.387685	255.350487	353.310745	150.450725	254.287122	168.324645	256.413852	0.118617	0.085433	1.774194	1.842620
3547503429.649332	142.532499	255.796649	3.146425	142.575992	264.796544	142.489006	246.796754	0.107233	0.096867	1.759531	1.857283
3547503430.309800	126.483136	253.436516	10.475423	134.292831	257.909620	118.673440	248.963413	0.103396	0.081582	1.754643	1.837732
3547503430.965264	110.498494	250.017587	18.092628	116.678714	243.475043	104.318274	256.560131	0.111049	0.108122	1.764418	1.871945
3547503431.633731	96.455535	243.847896	26.354414	87.998479	240.769226	104.912590	246.926565	0.099537	0.104390	1.749756	1.867058
3547503433.035722	68.597788	225.630979	39.147991	59.664592	224.536442	77.530984	226.725515	0.079916	0.065967	1.725318	1.818182
3547503433.752228	55.536554	213.008257	47.831135	61.384232	219.849650	49.688876	206.166863	0.095657	0.077709	1.744868	1.832845
3547503434.460726	44.808921	199.033820	56.300755	47.017355	190.308981	42.600487	207.758659	0.087831	0.073816	1.735093	1.827957
3547503435.111186	36.570988	183.899645	66.737137	42.795318	190.400238	30.346658	177.399051	0.083885	0.054034	1.730205	1.803519
3547503435.801672	30.733829	167.064758	75.964134	25.908168	159.467851	35.559491	174.661664	0.063815	0.065967	1.705767	1.818182
3547503436.459137	27.725130	149.958882	84.788597	27.415550	158.953556	28.034710	140.964208	0.063815	0.050013	1.705767	1.798631
3547503437.078573	27.318223	132.857328	92.662804	36.317318	132.984940	18.319127	132.729716	0.051495	0.058033	1.691105	1.808407
3547503438.406510	33.831242	99.756725	108.069687	25.274799	96.966155	42.387685	102.547295	0.063815	0.054034	1.705767	1.803519
3547503439.072980	40.711237	83.353754	116.253204	40.839718	92.352837	40.582756	74.354672	0.051495	0.045970	1.691105	1.793744
3547503440.480975	62.308679	53.433902	132.411636	58.274926	45.388479	66.342432	61.479325	0.047340	0.037818	1.686217	1.783969
3547503441.140439	77.115958	39.495996	140.329788	69.345763	44.037369	84.886154	34.954623	0.067875	0.029576	1.710655	1.774194
3547503441.792899	93.607413	28.434638	151.078629	91.101352	19.790585	96.113474	37.078692	0.047340	0.077709	1.686217	1.832845
3547503443.095819	130.788060	16.071665	172.767349	130.605852	25.069820	130.970268	7.073509	0.083885	0.054034	1.730205	1.803519
3547503443.757286	151.372007	16.190896	182.281441	150.750900	7.212353	151.993115	25.169438	0.118617	0.089265	1.774194	1.847507
3547503444.411751	170.530192	19.083976	194.346169	174.303090	10.912976	166.757294	27.254976	0.140831	0.104390	1.803519	1.867058
3547503445.078216	189.447803	26.698315	209.002632	180.481624	27.477823	198.413982	25.918806	0.158798	0.140853	1.827957	1.915934
3547503445.775711	204.865156	37.739234	222.956375	203.996182	46.697185	205.734129	28.781283	0.193328	0.185563	1.876833	1.979472
3547503446.418161	217.019362	52.079330	234.578842	209.254961	56.630601	224.783764	47.528059	0.229292	0.224359	1.930596	2.038123
3547503447.764112	231.049950	81.993653	253.998001	226.965921	90.013672	235.133979	73.973634	0.289797	0.252022	2.028348	2.082111
3547503448.419574	234.427362	96.606839	261.394775	239.820765	103.811782	229.033959	89.401896	0.269295	0.255024	1.994135	2.086999
3547503449.088047	235.730005	110.803114	267.599213	240.539905	118.410011	230.920106	103.196218	0.272267	0.245976	1.999022	2.072336
3547503449.768528	235.044871	125.141426	274.246979	242.250929	130.533340	227.838813	119.749513	0.275224	0.255024	2.003910	2.086999
3547503450.431994	232.984162	138.994880	281.552887	241.340993	135.653717	224.627330	142.336043	0.254215	0.249006	1.969697	2.077224
3547503451.110474	229.281872	153.633764	287.319244	238.198177	154.858305	220.365566	152.409223	0.235617	0.239873	1.940371	2.062561
3547503451.810968	224.439675	166.836607	292.720825	229.164624	174.496559	219.714726	159.176655	0.226106	0.218049	1.925709	2.028348
3547503453.157917	210.593064	192.297033	302.929657	201.838415	190.209902	219.347713	194.384165	0.216448	0.214871	1.911046	2.023460
3547503453.818386	202.004404	203.747566	309.958649	194.157502	208.155075	209.851305	199.340057	0.186567	0.195476	1.867058	1.994135
3547503454.485858	193.118366	213.358977	317.247192	192.635607	222.346020	193.601125	204.371934	0.186567	0.195476	1.867058	1.994135
3547503455.142318	182.435758	222.171035	324.035217	186.359959	230.270458	178.511557	214.071612	0.186567	0.188883	1.867058	1.984360
3547503457.149734	145.252895	241.780322	344.634659	152.523747	236.476105	137.982043	247.084539	0.165851	0.195476	1.837732	1.994135
3547503457.897262	131.167514	244.599715	350.972107	138.139983	238.908962	124.195044	250.290468	0.129815	0.137291	1.788856	1.911046
3547503458.610768	116.054805	246.535427	357.437042	121.883820	239.678126	110.225789	253.392728	0.151669	0.151432	1.818182	1.930596
3547503459.935701	85.218885	242.879286	14.750802	77.860844	248.061874	92.576927	237.696697	0.114843	0.133710	1.769306	1.906158
3547503461.979142	44.080858	223.840182	33.644844	36.960574	229.344865	51.201143	218.335498	0.107233	0.122857	1.759531	1.891496
3547503462.650614	32.105363	214.320924	41.232544	35.542365	222.638797	28.668361	206.003050	0.087831	0.130111	1.735093	1.901271
3547503463.343103	21.459879	202.820214	51.325451	13.608818	198.420118	29.310939	207.220311	0.095657	0.089265	1.744868	1.847507
3547503464.013577	17.675318	195.172605	96.148705	9.161312	198.090088	26.189324	192.255123	0.083885	0.089265	1.730205	1.847507
3547503464.766110	19.230170	191.678885	129.990234	27.568444	195.066096	10.891897	188.291674	0.083885	0.054034	1.730205	1.803519
3547503465.416564	26.568068	186.854747	152.883774	18.742225	191.299540	34.393911	182.409954	0.071911	0.085433	1.715543	1.842620
3547503469.433400	127.328160	186.101973	210.935783	131.235357	194.209613	123.420963	177.994334	0.075925	0.045970	1.720430	1.793744
3547503470.131893	140.905509	196.048021	220.970711	133.057721	191.642089	148.753296	200.453953	0.229292	0.172115	1.930596	1.959922
3547503470.850399	153.614719	209.680648	231.554390	160.793991	204.253120	146.435447	215.108176	0.394848	0.269823	2.223851	2.111437
3547503471.526876	164.378940	226.067082	241.348366	159.642046	233.719653	169.115833	218.414511	0.451615	0.331070	2.346041	2.218964
3547503472.181339	169.978527	239.902161	252.006538	164.325508	232.899063	175.631547	246.905258	0.460153	0.333713	2.365591	2.223851
3547503472.851814	172.749732	252.844448	264.159164	170.389235	244.159515	175.110229	261.529380	0.470630	0.346757	2.390029	2.248289
3547503473.517283	172.869221	265.210039	274.432022	180.944313	269.184067	164.794130	261.236011	0.458032	0.349332	2.360704	2.253177
3547503474.148727	170.304969	276.453922	287.155986	178.903683	279.111388	161.706256	273.796456	0.442933	0.338965	2.326491	2.233627
3547503474.799185	164.994886	286.623818	296.910889	155.999040	286.897222	173.990733	286.350414	0.422855	0.341574	2.282502	2.238514
3547503475.457655	159.258559	296.953777	310.037704	151.784242	301.967217	166.732876	291.940336	0.420576	0.333713	2.277615	2.223851
3547503476.184162	151.761125	304.858287	317.130989	150.239647	313.728749	153.282604	295.987824	0.399618	0.317677	2.233627	2.194526
3547503476.863642	142.429822	311.382852	330.241577	145.720818	319.759566	139.138825	303.006137	0.385182	0.306747	2.204301	2.174976
3547503477.532113	129.873105	316.747341	343.097626	135.419740	323.834995	124.326470	309.659687	0.365325	0.309498	2.165200	2.179863
3547503478.188576	118.065036	319.889047	351.062683	124.494181	313.590945	111.635890	326.187149	0.362792	0.272742	2.160313	2.116325
3547503478.840035	106.244403	320.966598	358.858917	100.327860	314.184672	112.160945	327.748524	0.339472	0.284285	2.116325	2.135875
3547503479.493496	94.926040	320.466295	6.775247	90.674047	312.534047	99.178033	328.398543	0.320653	0.260985	2.082111	2.096774
3547503480.151960	83.262263	318.391584	15.022566	77.565437	325.359092	88.959090	311.424076	0.306827	0.249006	2.057674	2.077224
3547503482.162380	49.695008	302.159015	36.767017	56.920841	296.793632	42.469175	307.524399	0.254215	0.211677	1.969697	2.018573
3547503482.847863	39.030677	292.239023	44.390991	35.453976	283.980257	42.607379	300.497788	0.248077	0.192188	1.959922	1.989247
3547503484.198816	22.247643	270.316353	58.703587	14.739876	275.279561	29.755410	265.353145	0.229292	0.178872	1.930596	1.969697
3547503485.487725	18.677023	258.200482	147.146896	14.299473	266.064137	23.054572	250.336828	0.206642	0.161851	1.896383	1.945259
3547503486.159204	21.616928	257.803089	181.227295	29.116770	252.827913	14.117086	262.778265	0.189956	0.144397	1.871945	1.920821
3547503486.827671	34.045626	260.082586	195.783417	26.449751	255.255302	41.641502	264.909870	0.183159	0.140853	1.862170	1.915934
3547503487.483133	47.728470	265.636154	208.784607	38.805942	264.457806	56.650997	266.814502	0.179734	0.140853	1.857283	1.915934
3547503488.164615	60.719910	274.224714	220.355728	56.851945	266.098285	64.587876	282.351143	0.172829	0.158396	1.847507	1.940371
3547503488.860106	71.817798	285.398780	230.997604	80.780931	284.584994	62.854665	286.212566	0.169349	0.115528	1.842620	1.881720
3547503489.528582	80.670515	299.002617	242.427254	85.178468	306.792248	76.162562	291.212985	0.148076	0.093076	1.813294	1.852395
3547503490.824493	89.150410	328.026332	262.541473	97.936449	326.075558	80.364371	329.977106	0.137179	0.104390	1.798631	1.867058
3547503491.468945	89.901052	343.168635	270.155640	90.092994	334.170682	89.709109	352.166588	0.137179	0.108122	1.798631	1.871945
3547503492.134416	88.806360	357.342673	278.171661	79.895312	358.604902	97.717408	356.080444	0.122370	0.108122	1.779081	1.871945
3547503492.804888	85.730038	372.915615	284.754974	77.590493	376.755903	93.869583	369.075328	0.122370	0.096867	1.779081	1.857283
3547503493.438334	80.892135	388.387414	290.274597	72.356758	385.533060	89.427512	391.241768	0.099537	0.104390	1.749756	1.867058
3547503494.158843	74.154350	404.086775	296.054687	68.052749	397.470850	80.255952	410.702700	0.111049	0.077709	1.764418	1.832845
3547503495.530815	55.471327	433.733315	306.292786	64.470624	433.845795	46.472030	433.620835	0.079916	0.081582	1.725318	1.837732
3547503496.180270	44.625978	446.788902	312.089386	52.528174	451.096488	36.723782	442.481316	0.083885	0.062011	1.730205	1.813294
3547503496.846744	33.812340	457.310044	319.064026	42.646322	455.589359	24.978358	459.030729	0.087831	0.077709	1.735093	1.832845
3547503497.650308	21.862092	466.651256	325.953033	28.144103	460.206387	15.580081	473.096125	0.075925	0.096867	1.720430	1.857283
3547503498.330786	15.461984	469.716894	11.933778	20.783125	462.458419	10.140844	476.975369	0.063815	0.062011	1.705767	1.813294
3547503498.999260	14.137663	468.312059	76.103973	8.300222	461.461929	19.975105	475.162188	0.071911	0.058033	1.715543	1.808407
3547503499.693748	14.714178	465.061080	115.978882	12.400050	473.758482	17.028306	456.363677	0.067875	0.065967	1.710655	1.818182
3547503500.390241	17.268475	462.377454	149.433228	26.075275	460.522653	8.461676	464.232256	0.067875	0.054034	1.710655	1.803519
3547503501.068721	26.587889	459.456846	168.474594	34.879585	455.957162	18.296194	462.956531	0.067875	0.058033	1.710655	1.808407
3547503502.476716	62.551191	458.339989	184.442947	55.440031	463.856456	69.662350	452.823522	0.034731	0.037818	1.671554	1.783969
3547503503.106156	82.346680	461.532922	192.346481	88.208606	468.362111	76.484754	454.703733	0.071911	0.058033	1.715543	1.808407
3547503503.779631	100.334951	467.269153	202.135406	92.425172	462.975508	108.244731	471.562797	0.038959	0.041905	1.676442	1.788856
3547503505.087553	131.969287	488.237126	222.763153	129.396361	496.861513	134.542213	479.612739	0.034731	0.069902	1.671554	1.823069
3547503505.785044	143.996364	501.452330	231.281517	152.372722	498.160426	135.620007	504.744235	0.051495	0.041905	1.691105	1.788856
3547503506.484540	154.763242	516.417008	237.859047	161.824329	510.836592	147.702154	521.997424	0.030479	0.029576	1.666667	1.774194
3547503507.934562	169.652295	552.343729	258.837677	161.178717	549.310828	178.125872	555.376629	0.043162	0.037818	1.681329	1.783969
3547503508.610038	171.674747	572.875784	271.582489	162.797389	571.395067	180.552104	574.356501	0.030479	0.037818	1.666667	1.783969
3547503512.609861	176.768682	573.425477	106.944107	175.602360	564.501370	177.935004	582.349585	0.034731	0.033708	1.671554	1.779081
3547503518.102736	195.551904	539.697562	130.246597	204.476546	540.859788	186.627262	538.535337	0.051495	0.033708	1.691105	1.779081
3547503519.484712	219.414651	514.508445	134.492081	214.359617	521.954694	224.469685	507.062195	0.055625	0.029576	1.695992	1.774194
3547503520.169196	232.968429	500.890064	134.033279	225.138419	505.327511	240.798440	496.452617	0.026202	0.050013	1.661779	1.798631
3547503520.847672	246.527109	487.142292	134.243668	239.796465	493.117108	253.257753	481.167475	0.043162	0.058033	1.681329	1.808407
3547503522.173609	272.120547	460.389669	133.027832	264.178940	456.155182	280.062154	464.624157	0.021899	0.021243	1.656891	1.764418
3547503522.789044	284.733775	446.789907	132.630875	279.046808	439.814350	290.420742	453.765465	0.030479	0.029576	1.666667	1.774194
3547503523.439501	290.329998	443.037735	184.798798	285.586216	450.686037	295.073780	435.389432	0.034731	0.058033	1.671554	1.808407
3547503526.254486	286.863145	444.409841	358.365692	284.862825	435.634950	288.863466	453.184733	0.034731	0.021243	1.671554	1.764418
3547503526.884931	273.303322	444.664890	2.334203	266.800957	450.887369	279.805688	438.442411	0.004432	0.041905	1.637341	1.788856
3547503527.561408	257.344569	443.471806	5.617008	262.906434	436.396096	251.782704	450.547515	0.017571	0.033708	1.652004	1.779081
3547503528.200861	241.979884	441.358291	8.775782	236.540400	448.528509	247.419368	434.188074	0.017571	0.033708	1.652004	1.779081
3547503528.864327	226.858917	438.399484	12.122265	230.725772	430.272526	222.992062	446.526441	0.047340	0.029576	1.686217	1.774194
3547503529.501777	210.562641	434.216629	16.228535	215.039024	442.024445	206.086257	426.408813	0.030479	0.012817	1.666667	1.754643
3547503532.231705	145.576746	408.525597	23.489603	154.553207	409.176106	136.600286	407.875088	0.013217	0.008568	1.647116	1.749756
3547503532.884167	129.025859	401.037659	25.073342	129.560135	392.053531	128.491584	410.021786	0.013217	0.021243	1.647116	1.764418
3547503533.569650	114.671511	393.617030	30.754023	120.203090	386.517619	109.139933	400.716441	0.004432	0.025421	1.637341	1.769306
3547503534.220108	100.511267	384.605357	34.471760	99.740378	393.572281	101.282155	375.638432	0.008838	0.029576	1.642229	1.774194
3547503534.862559	88.131487	375.313474	38.645168	80.831449	370.049498	95.431525	380.577451	0.017571	0.025421	1.652004	1.769306
3547503536.178490	64.813225	353.089350	46.169315	57.468614	358.290955	72.157835	347.887746	0.021899	0.017041	1.656891	1.759531
3547503536.836954	53.845604	341.789851	46.889530	51.755623	350.543820	55.935585	333.035881	0.008838	0.004296	1.642229	1.744868
3547503537.544451	42.031527	329.036847	48.235554	50.099463	333.025381	33.963591	325.048312	0.013217	0.017041	1.647116	1.759531
3547503538.937435	17.931092	301.258116	52.460785	10.629825	306.520387	25.232360	295.995846	-0.004459	0.008568	1.627566	1.749756
3547503539.601904	17.369279	297.102562	115.086102	9.144045	300.755714	25.594514	293.449410	0.000000	0.017041	1.632454	1.759531
3547503540.244358	20.192038	295.141388	164.094208	14.180896	288.443166	26.203179	301.839610	0.013217	0.017041	1.647116	1.759531
3547503540.896815	31.563241	292.861048	173.237717	35.478910	300.964599	27.647573	284.757497	0.008838	-0.013035	1.642229	1.725318
3547503541.546274	48.662158	291.842864	177.666489	39.786626	293.334483	57.537690	290.351245	0.021899	0.012817	1.656891	1.754643
3547503542.226756	66.294948	291.631358	180.046082	73.745781	296.679633	58.844114	286.583082	0.013217	-0.013035	1.647116	1.725318
3547503542.881216	85.603569	291.798633	178.936768	84.401053	300.717935	86.806085	282.879331	0.004432	0.017041	1.637341	1.759531
3547503543.580710	105.738305	290.914321	174.415573	114.723596	290.399974	96.753014	291.428668	-0.027160	0.012817	1.603128	1.754643
3547503544.320235	126.524204	286.970991	166.826530	129.373407	295.508089	123.675002	278.433893	0.004432	-0.017429	1.637341	1.720430
3547503544.960683	146.246704	280.615269	160.479218	148.542962	289.317407	143.950447	271.913132	-0.004459	-0.008665	1.627566	1.730205
3547503545.624152	166.431443	273.485421	154.717717	172.758893	279.885684	160.103992	267.085158	0.008838	0.017041	1.642229	1.759531
3547503546.309635	184.379321	263.858686	148.215444	189.164489	271.481164	179.594154	256.236208	-0.013457	-0.004320	1.617791	1.735093
3547503547.638574	215.451905	239.076994	135.005386	214.704886	248.045938	216.198924	230.108049	0.008838	0.012817	1.642229	1.754643
3547503548.281026	229.728020	223.921636	131.151611	236.154558	217.620873	223.301482	230.222399	-0.017997	-0.008665	1.612903	1.730205
3547503548.952500	241.660786	209.630184	126.281517	236.447517	202.293848	246.874055	216.966520	0.008838	-0.004320	1.642229	1.735093
3547503549.648991	252.762275	192.994424	121.350708	244.470593	196.494139	261.053957	189.494710	0.000000	0.025421	1.632454	1.769306
3547503551.028965	271.282919	156.844404	114.060341	263.894715	151.704905	278.671122	161.983903	0.021899	-0.013035	1.656891	1.725318
3547503551.706444	279.561028	137.253857	110.583473	284.846811	144.538121	274.275244	129.969594	-0.017997	-0.004320	1.612903	1.735093
3547503553.023373	290.411987	105.092503	121.771263	284.271641	111.672484	296.552334	98.512523	-0.008944	-0.000000	1.622678	1.739980
3547503557.674656	282.283406	100.536274	13.183666	277.073918	93.197253	287.492894	107.875296	-0.013457	-0.004320	1.617791	1.735093
3547503558.344127	268.060636	95.858265	22.203444	269.956971	104.656215	266.164301	87.060316	0.004432	-0.008665	1.637341	1.730205
3547503559.008595	253.166705	88.923428	28.109219	251.687411	97.801023	254.646000	80.045834	-0.004459	-0.013035	1.627566	1.725318
3547503559.680069	238.484491	80.462378	32.870514	229.545193	79.418850	247.423789	81.505906	-0.004459	-0.000000	1.627566	1.739980
3547503560.403577	224.999777	71.358551	34.964054	228.558638	79.625020	221.440915	63.092082	0.004432	-0.017429	1.637341	1.720430
3547503561.820579	195.112376	48.657230	39.150665	186.176285	47.586586	204.048467	49.727875	0.000000	-0.000000	1.632454	1.739980
3547503562.521075	180.119344	35.804929	41.629183	186.502876	42.149258	173.735811	29.460600	0.000000	0.004296	1.632454	1.744868
3547503563.214561	165.326511	21.910244	44.200541	163.377876	13.123731	167.275146	30.696758	0.013217	0.012817	1.647116	1.754643
3547503567.302448	160.308516	27.530989	270.224731	159.878811	18.541253	160.738222	36.520725	0.165851	0.224359	1.837732	2.038123
3547503568.032961	160.138506	42.822495	271.064865	153.156789	37.143091	167.120222	48.501899	0.235617	0.233712	1.940371	2.052786
3547503568.743469	159.653629	58.810846	269.072845	167.691258	54.761584	151.616000	62.860109	0.304022	0.275648	2.052786	2.121212
3547503569.391922	160.433240	75.239447	267.498047	164.450302	83.293217	156.416179	67.185676	0.360248	0.292804	2.155425	2.150538
3547503570.055389	160.304046	88.831504	269.537842	165.672497	81.607950	154.935595	96.055059	0.367846	0.295617	2.170088	2.155425
3547503570.726865	160.487029	102.332338	274.868774	169.485123	102.517570	151.488935	102.147107	0.390036	0.320380	2.214076	2.199413
3547503571.374319	158.733405	114.575927	280.724548	166.845265	118.474354	150.621545	110.677501	0.401988	0.325749	2.238514	2.209189
3547503572.082821	155.051909	126.501000	291.112076	147.218190	130.931897	162.885628	122.070102	0.440739	0.356990	2.321603	2.267840
3547503572.773305	149.911861	137.037483	303.503662	141.426983	140.038621	158.396740	134.036344	0.468551	0.389060	2.385142	2.331378
3547503573.462791	142.120005	146.360478	313.611755	146.805070	138.676067	137.434940	154.044888	0.484942	0.419429	2.424242	2.394917
3547503574.238338	133.303352	153.610176	327.704605	125.834047	148.589271	140.772656	158.631082	0.480894	0.407941	2.414467	2.370479
3547503574.882793	122.978462	159.744763	336.225494	123.653552	168.719408	122.303373	150.770118	0.474760	0.405615	2.399804	2.365591
3547503575.564273	112.703925	162.796715	350.494965	121.511081	160.943611	103.896768	164.649818	0.455902	0.389060	2.355816	2.331378
3547503576.196721	102.525102	163.279799	2.703723	98.709000	171.430711	106.341204	155.128887	0.447292	0.374478	2.336266	2.302053
3547503576.850181	92.672960	162.169519	12.373660	94.396640	153.336121	90.949281	171.002918	0.425124	0.356990	2.287390	2.267840
3547503577.502642	83.438377	158.760442	25.231508	82.550919	149.804303	84.325836	167.716580	0.404347	0.354448	2.243402	2.262952
3547503578.114074	74.388008	153.626110	36.727722	81.819043	148.548736	66.956974	158.703484	0.399618	0.333713	2.233627	2.223851
3547503578.770537	67.631573	146.860903	50.263714	67.647490	137.860917	67.615655	155.860889	0.377819	0.344171	2.189638	2.243402
3547503579.451016	61.903552	138.400097	61.875324	69.258315	133.212856	54.548790	143.587338	0.367846	0.317677	2.170088	2.194526
3547503580.148509	58.638780	129.633017	75.578430	57.025685	120.778757	60.251874	138.487277	0.349955	0.289977	2.135875	2.145650
3547503581.486453	60.671967	107.920096	119.007782	63.949475	99.538095	57.394458	116.302097	0.309618	0.263945	2.062561	2.101662
3547503582.138912	67.877380	98.828871	133.955734	59.727142	102.646411	76.027618	95.011330	0.301204	0.263945	2.047898	2.101662
3547503582.807387	77.345804	91.393867	149.606522	85.700876	88.048308	68.990731	94.739426	0.286910	0.245976	2.023460	2.072336
3547503583.474857	88.947226	86.649547	164.235291	82.053937	80.863134	95.840514	92.435959	0.263307	0.239873	1.984360	2.062561
3547503584.808797	114.071249	85.900320	190.417709	105.621081	88.997843	122.521418	82.802797	0.241878	0.323070	1.950147	2.204301
3547503585.466260	125.843708	89.847387	208.361137	118.193533	85.106626	133.493884	94.588148	0.248077	0.230609	1.959922	2.047898
3547503586.179763	136.331960	96.841509	219.491531	140.001429	88.623541	132.662491	105.059477	0.286910	0.278540	2.023460	2.126100
3547503586.926291	145.662459	106.866470	232.794884	142.856768	98.314973	148.468150	115.417967	0.326092	0.289977	2.091887	2.145650
3547503588.199188	157.467415	132.333430	257.113220	161.761516	124.423898	153.173314	140.242962	0.372855	0.344171	2.179863	2.243402
3547503588.877668	158.132102	142.202719	271.102005	150.944316	136.786472	165.319888	147.618966	0.387614	0.393840	2.209189	2.341153
3547503589.531129	156.757999	153.849457	281.167084	165.757865	153.898585	147.758133	153.800328	0.399618	0.410258	2.233627	2.375367
3547503590.187592	153.148695	163.494034	298.512482	153.698968	172.477196	152.598422	154.510872	0.401988	0.463127	2.238514	2.492669
3547503592.206015	132.359191	184.459897	331.036423	140.643114	187.977939	124.075268	180.941855	0.375342	0.516957	2.184751	2.624633
3547503592.883497	124.130592	188.086419	338.556198	130.171273	181.414824	118.089912	194.758015	0.360248	0.489739	2.155425	2.556207
3547503593.578983	114.340716	191.708555	348.801514	115.102366	200.676268	113.579066	182.740841	0.347352	0.487739	2.130987	2.551320
3547503594.220435	105.484908	193.321852	350.374359	114.451042	192.541827	96.518774	194.101876	0.326092	0.475576	2.091887	2.521994
3547503594.884904	96.245091	193.851451	0.885831	89.275119	188.157639	103.215062	199.545263	0.309618	0.463127	2.062561	2.492669
3547503596.238863	77.577947	192.315875	12.165203	81.092388	184.030423	74.063506	200.601326	0.289797	0.423959	2.028348	2.404692
3547503596.928346	67.769505	189.800831	14.366397	59.004930	191.845881	76.534080	187.755782	0.269295	0.414862	1.994135	2.385142
3547503597.570799	57.882085	185.986117	25.831535	52.092431	179.095551	63.671740	192.876684	0.254215	0.396214	1.969697	2.346041
3547503599.641261	30.085647	170.661000	34.861626	32.780614	179.248034	27.390680	162.073966	0.203339	0.341574	1.891496	2.238514
3547503600.282713	22.010945	163.785617	44.616592	16.677455	156.536211	27.344435	171.035023	0.209928	0.344171	1.901271	2.243402
3547503600.948184	19.393814	161.241435	19.961817	11.323498	157.257718	27.464129	165.225153	0.200020	0.325749	1.886608	2.209189
3547503601.616655	19.090645	161.375077	338.104095	27.438960	158.012693	10.742329	164.737462	0.193328	0.323070	1.876833	2.204301
3547503602.294133	19.090256	161.385862	338.054626	27.594625	158.440405	10.585888	164.331320	0.169349	0.301207	1.842620	2.165200
3547503602.940588	19.093281	161.380563	338.115906	27.401304	157.919819	10.785258	164.841307	0.176291	0.295617	1.852395	2.155425
3547503603.616066	19.080578	161.380334	338.068726	27.542574	158.315269	10.618582	164.445398	0.176291	0.295617	1.852395	2.155425
3547503604.320561	19.088738	161.378653	338.082672	27.507166	158.195875	10.670311	164.561431	0.186567	0.289977	1.867058	2.145650
3547503605.009047	19.087546	161.381224	338.013458	27.705933	158.788273	10.469158	163.974175	0.179734	0.278540	1.857283	2.126100
3547503605.699534	19.087904	161.378222	337.998871	27.743198	158.911263	10.432610	163.845182	0.200020	0.284285	1.886608	2.135875
3547503606.337984	19.104141	161.373842	337.997925	27.761765	158.915073	10.446517	163.832612	0.186567	0.272742	1.867058	2.116325
3547503607.012461	19.110515	161.373081	338.059204	27.601311	158.388725	10.619719	164.357437	0.196683	0.272742	1.881720	2.116325
3547503607.680936	19.078040	161.379414	338.042938	27.616254	158.533557	10.539827	164.225272	0.203339	0.263945	1.891496	2.101662
3547503608.330391	19.088289	161.373067	338.040649	27.632994	158.546760	10.543584	164.199374	0.183159	0.255024	1.862170	2.086999
3547503608.999863	19.079594	161.378869	338.079346	27.508562	158.224111	10.650626	164.533626	0.216448	0.230609	1.911046	2.047898
3547503609.715368	19.102998	161.372579	338.010468	27.729102	158.805415	10.476894	163.939743	0.193328	0.236800	1.876833	2.057674
3547503610.421868	19.103224	161.372177	338.176392	27.186856	157.415550	11.019592	165.328803	0.203339	0.227492	1.891496	2.043011
3547503611.228435	19.102680	161.380334	337.991364	27.776250	158.978421	10.429110	163.782246	0.200020	0.224359	1.886608	2.038123
3547503611.891908	19.688101	160.990709	336.678131	24.220162	168.766339	15.156039	153.215080	0.196683	0.202004	1.881720	2.003910
3547503612.538359	22.134368	159.069171	304.427979	19.418780	167.649706	24.849957	150.488636	0.165851	0.188883	1.837732	1.984360
3547503613.195823	23.302264	155.233031	268.264282	31.781369	158.250443	14.823159	152.215619	0.183159	0.205244	1.862170	2.008798
3547503613.852287	22.419076	152.141098	238.882111	21.332116	143.206977	23.506037	161.075219	0.176291	0.188883	1.852395	1.984360
3547503614.520758	21.082339	150.527327	219.694656	23.018548	141.738067	19.146130	159.316587	0.193328	0.165290	1.876833	1.950147
3547503615.158206	26.477654	156.167433	228.985153	23.382187	164.618355	29.573121	147.716511	0.165851	0.151432	1.837732	1.930596
3547503615.847694	35.264370	166.561022	231.034531	44.191350	165.416891	26.337391	167.705153	0.169349	0.178872	1.842620	1.969697
3547503617.211656	53.527673	190.211178	231.658371	60.104825	184.067802	46.950521	196.354554	0.140831	0.151432	1.803519	1.930596
3547503617.873122	64.290389	202.960362	226.897247	58.474716	196.091742	70.106063	209.828982	0.151669	0.147924	1.818182	1.925709
3547503618.513577	75.824236	214.111643	223.012390	75.458143	223.104194	76.190330	205.119092	0.129815	0.147924	1.788856	1.925709
3547503619.167036	87.151668	223.977529	220.017639	86.198081	215.028189	88.105255	232.926868	0.137179	0.133710	1.798631	1.906158
3547503620.509994	110.975094	244.172264	219.566452	114.019150	235.702688	107.931039	252.641841	0.122370	0.130111	1.779081	1.901271
3547503621.167447	123.244669	254.531114	219.289917	128.485470	247.214421	118.003868	261.847808	0.103396	0.115528	1.754643	1.881720
3547503621.855933	135.944688	262.762399	216.809565	136.301643	271.755317	135.587732	253.769480	0.095657	0.100639	1.744868	1.862170
3547503622.579445	149.154984	272.200039	214.907944	140.533762	269.616526	157.776205	274.783551	0.114843	0.119202	1.769306	1.886608
3547503623.261928	162.955216	281.283049	212.718124	170.061722	275.760588	155.848710	286.805509	0.091755	0.108122	1.739980	1.871945
3547503623.908380	177.430393	290.936896	211.348724	184.262804	296.795067	170.597983	285.078725	0.075925	0.096867	1.720430	1.857283
3547503624.576853	192.443399	300.369970	210.622772	193.664204	309.286788	191.222594	291.453152	0.075925	0.089265	1.720430	1.847507
3547503625.247326	207.790467	309.652973	209.915344	202.923451	317.223453	212.657482	302.082494	0.083885	0.108122	1.730205	1.871945
3547503625.916800	222.484130	317.680833	208.114174	216.224997	311.213743	228.743263	324.147923	0.083885	0.096867	1.730205	1.857283
3547503626.593277	238.570803	325.466827	204.823502	243.799966	332.791843	233.341640	318.141812	0.079916	0.077709	1.725318	1.832845
3547503627.237731	254.479530	332.264475	202.180023	246.386117	328.327895	262.572943	336.201055	0.079916	0.077709	1.725318	1.832845
3547503627.909203	270.472141	338.615415	200.960373	271.384583	329.661787	269.559699	347.569042	0.067875	0.081582	1.710655	1.837732
3547503628.605695	286.358881	344.642029	202.435608	277.533166	342.879431	295.184597	346.404627	0.087831	0.100639	1.735093	1.862170
3547503629.316197	289.108786	347.670645	258.126312	284.670376	339.841180	293.547197	355.500109	0.055625	0.081582	1.695992	1.837732
3547503629.990673	288.559696	348.998133	310.938263	287.845759	357.969771	289.273633	340.026494	0.079916	0.065967	1.725318	1.818182
3547503630.682159	280.896177	355.745187	322.577972	273.293557	360.561842	288.498797	350.928532	0.063815	0.073816	1.705767	1.827957
3547503633.394073	230.184242	395.104555	318.394562	238.179246	399.237340	222.189239	390.971770	0.043162	0.045970	1.681329	1.793744
3547503634.045532	216.964274	407.318740	315.449646	208.315810	404.827944	225.612739	409.809536	0.059732	0.065967	1.700880	1.818182
3547503635.472542	192.538267	432.952085	311.411560	195.992296	441.262903	189.084238	424.641268	0.055625	0.058033	1.695992	1.808407
3547503636.150016	180.406549	447.303552	310.233215	174.048578	453.673497	186.764520	440.933606	0.051495	0.045970	1.691105	1.793744
3547503636.807481	169.548480	460.605240	309.647675	160.729311	462.400304	178.367649	458.810176	0.055625	0.033708	1.695992	1.779081
3547503638.095389	149.034421	486.619668	304.034073	143.233609	493.500844	154.835233	479.738492	0.047340	0.054034	1.686217	1.803519
3547503638.737848	140.582296	499.391793	301.303818	143.147905	490.765227	138.016687	508.018360	0.051495	0.050013	1.691105	1.798631
3547503639.404314	132.361898	513.247986	300.544418	140.161875	508.757958	124.561921	517.738015	0.043162	0.041905	1.681329	1.788856
3547503640.107810	125.043846	526.505451	298.533325	125.781226	535.475193	124.306465	517.535709	0.051495	0.050013	1.691105	1.798631
3547503640.805302	117.709885	540.894054	295.442291	116.520141	531.973039	118.899629	549.815069	0.047340	0.050013	1.686217	1.798631
3547503641.478778	110.898357	555.082439	293.550568	119.739196	556.767544	102.057519	553.397334	0.030479	0.045970	1.666667	1.793744
3547503642.118228	104.696771	568.540958	292.130096	104.354670	577.534454	105.038871	559.547463	0.043162	0.050013	1.681329	1.798631
3547503642.775696	99.366370	581.188615	305.651978	106.513077	586.658951	92.219663	575.718279	0.030479	0.041905	1.666667	1.788856
3547503643.424149	98.594661	581.735348	356.101868	106.623261	585.802483	90.566062	577.668212	0.043162	0.058033	1.681329	1.808407
3547503644.075610	97.771311	581.031754	52.614117	91.359419	587.347420	104.183203	574.716087	0.017571	0.045970	1.652004	1.793744
3547503644.746081	92.487590	572.973157	58.199257	83.516226	573.690531	101.458955	572.255784	0.034731	0.017041	1.671554	1.759531
3547503645.428563	84.795405	559.291218	60.219994	89.343133	567.057695	80.247677	551.524740	0.026202	0.041905	1.661779	1.788856
3547503646.108044	76.797413	545.041509	60.149315	80.785319	553.109756	72.809508	536.973262	0.034731	0.041905	1.671554	1.788856
3547503647.558067	56.486323	510.795686	57.382198	49.823537	504.745289	63.149108	516.846082	0.030479	0.041905	1.666667	1.788856
3547503648.319603	44.926368	494.367002	51.608040	36.159770	492.330640	53.692965	496.403365	0.038959	0.045970	1.676442	1.793744
3547503649.684566	17.146649	463.624047	52.599102	10.640656	469.842733	23.652642	457.405362	0.034731	0.025421	1.671554	1.769306
3547503650.997492	18.132612	455.102265	137.360840	25.007142	449.293579	11.258082	460.910952	0.030479	0.041905	1.666667	1.788856
3547503651.675972	27.476727	447.585326	142.093704	33.424945	454.339488	21.528509	440.831164	0.034731	0.037818	1.671554	1.783969
3547503652.345445	41.561611	436.206166	139.684967	32.621997	435.165346	50.501225	437.246987	0.034731	0.037818	1.671554	1.783969
3547503653.707405	67.800115	410.596646	129.690918	74.768878	416.291938	60.831352	404.901354	0.038959	0.065967	1.676442	1.818182
3547503654.379880	79.835220	394.577268	122.736671	81.751460	403.370904	77.918980	385.783633	0.059732	0.037818	1.700880	1.783969
3547503655.062360	89.846588	377.261393	115.713898	85.335434	385.049171	94.357742	369.473615	0.021899	0.037818	1.656891	1.783969
3547503656.414316	103.354750	342.193103	106.000656	109.894977	336.010432	96.814522	348.375775	0.030479	0.041905	1.666667	1.788856
3547503657.762269	110.959829	302.442024	92.329464	119.421813	305.507123	102.497845	299.376926	0.030479	0.025421	1.666667	1.769306
3547503658.419732	111.002969	281.589070	84.367058	107.040179	289.669682	114.965758	273.508457	0.026202	0.037818	1.661779	1.783969
3547503659.088202	107.948353	261.701828	77.092796	99.017207	262.812973	116.879498	260.590684	0.026202	0.012817	1.661779	1.754643
3547503659.764678	103.017349	243.840471	70.361595	94.486309	240.973179	111.548388	246.707764	0.034731	0.025421	1.671554	1.769306
3547503660.456166	95.186618	225.457586	62.758675	95.844636	216.481673	94.528599	234.433499	0.034731	0.021243	1.671554	1.764418
3547503661.101621	85.155374	208.087872	56.261040	87.708481	199.457597	82.602268	216.718147	0.034731	0.050013	1.671554	1.798631
3547503661.740070	74.162105	192.969580	51.195328	66.948358	187.587958	81.375852	198.351202	0.038959	0.033708	1.676442	1.779081
3547503663.107037	50.753668	168.267478	40.428146	47.145080	176.512361	54.362255	160.022595	0.034731	0.029576	1.671554	1.774194
3547503663.790520	36.897625	157.140266	36.422306	45.511482	154.532301	28.283769	159.748230	0.026202	0.004296	1.661779	1.744868
3547503664.489010	22.701460	146.859007	33.852627	16.869893	153.714139	28.533027	140.003876	0.034731	0.029576	1.671554	1.774194
3547503665.223530	17.982127	142.590950	80.855530	24.598424	136.489752	11.365830	148.692148	0.021899	0.033708	1.656891	1.779081
3547503665.929026	17.953127	142.700767	152.916245	10.275710	147.397284	25.630544	138.004251	0.017571	0.012817	1.652004	1.754643
3547503666.630522	27.282800	140.446589	167.245468	33.358416	147.086385	21.207184	133.806793	-0.013457	0.029576	1.617791	1.774194
3547503667.276977	44.775266	137.079502	170.904785	36.209812	134.316714	53.340720	139.842290	0.030479	0.029576	1.666667	1.774194
3547503667.908422	62.883077	134.499993	173.320023	67.451707	142.254193	58.314447	126.745793	0.034731	0.021243	1.671554	1.764418
3547503668.563887	81.074654	132.164863	173.521835	87.104859	138.845928	75.044450	125.483797	0.017571	0.025421	1.652004	1.769306
3547503669.285399	99.383840	129.959827	173.858292	107.281649	134.275452	91.486031	125.644202	0.038959	0.029576	1.676442	1.774194
3547503669.956868	118.598355	128.003427	174.003448	127.037349	131.131266	110.159360	124.875589	0.087831	0.133710	1.735093	1.906158
3547503670.603324	137.583870	124.978926	175.121780	144.086349	118.756566	131.081390	131.201286	0.244985	0.289977	1.955034	2.145650
3547503673.362269	202.372472	109.538764	146.803696	195.604069	115.470772	209.140876	103.606757	0.355125	0.437330	2.145650	2.434018
3547503674.042751	212.805496	102.065381	142.157074	219.169498	108.429301	206.441494	95.701461	0.370356	0.437330	2.174976	2.434018
3547503674.739242	222.653416	93.279647	133.469513	213.663858	92.846241	231.642974	93.713052	0.344738	0.428452	2.126100	2.414467
3547503675.450744	231.427712	83.428869	128.552536	229.176993	92.142896	233.678431	74.714842	0.339472	0.419429	2.116325	2.394917
3547503676.095198	239.485477	71.754680	121.341911	231.163330	75.181321	247.807624	68.328039	0.317913	0.403280	2.077224	2.360704
3547503677.429141	251.201729	48.530378	111.439133	260.167371	49.316035	242.236086	47.744720	0.312396	0.381815	2.067449	2.316716
3547503678.127632	255.022636	36.049652	102.569672	246.990022	40.108852	263.055250	31.990451	0.298373	0.396214	2.043011	2.346041
3547503678.786098	257.250150	23.407019	94.248169	257.246646	14.407020	257.253654	32.407018	0.281095	0.356990	2.013685	2.267840
3547503681.457982	250.588747	17.271972	303.237061	241.612960	17.931705	259.564534	16.612239	0.229292	0.303983	1.930596	2.170088
3547503682.108442	244.563131	27.416033	296.866791	235.563977	27.292602	253.562284	27.539464	0.229292	0.303983	1.930596	2.170088
3547503682.777915	240.193147	38.746333	288.874939	241.552195	29.849536	238.834100	47.643129	0.206642	0.289977	1.896383	2.145650
3547503683.517435	236.171986	51.994938	281.693878	243.976378	47.512589	228.367593	56.477288	0.193328	0.292804	1.876833	2.150538
3547503684.919424	233.210797	80.775775	268.392517	242.006160	82.684072	224.415435	78.867478	0.196683	0.258011	1.881720	2.091887
3547503685.593899	234.673435	95.848457	259.071075	225.728145	94.857603	243.618725	96.839311	0.186567	0.249006	1.867058	2.077224
3547503686.247361	238.178605	110.445932	251.213928	239.197770	101.503823	237.159439	119.388040	0.176291	0.255024	1.852395	2.086999
3547503687.565290	252.560002	137.491228	232.144608	255.504036	128.986366	249.615969	145.996089	0.172829	0.230609	1.847507	2.047898
3547503688.218751	262.585598	149.194483	223.700623	268.014664	156.372591	257.156533	142.016374	0.179734	0.227492	1.857283	2.043011
3547503688.948267	274.142735	158.799762	215.663513	266.095987	162.830872	282.189483	154.768652	0.158798	0.211677	1.827957	2.018573
3547503689.613736	285.925727	165.774479	190.936539	280.123548	172.654502	291.727906	158.894456	0.144463	0.192188	1.808407	1.989247
3547503690.279205	288.270163	165.063775	118.866356	292.696435	157.227442	283.843892	172.900109	0.126103	0.185563	1.783969	1.979472
3547503690.931666	287.631178	162.586774	65.816353	286.223151	171.475950	289.039206	153.697597	0.137179	0.185563	1.798631	1.979472
3547503691.589131	282.747308	153.520213	60.056034	285.966355	161.924839	279.528261	145.115587	0.137179	0.185563	1.798631	1.979472
3547503692.287629	276.008929	142.231283	56.934189	272.624551	133.891859	279.393307	150.570706	0.129815	0.175502	1.788856	1.964809
3547503692.976108	266.804710	129.177233	52.042179	257.994814	131.017270	275.614606	127.337196	0.126103	0.154923	1.783969	1.935484
3547503694.326060	244.457955	107.587923	34.653397	245.319531	116.546588	243.596380	98.629257	0.111049	0.130111	1.764418	1.901271
3547503695.039563	231.188604	99.351670	27.199461	223.272837	103.634266	239.104371	95.069074	0.114843	0.168711	1.769306	1.955034
3547503695.740057	215.317976	91.994789	21.165348	208.702159	98.096508	221.933793	85.893071	0.095657	0.133710	1.744868	1.906158
3547503697.105021	183.069969	83.559545	9.695463	185.476491	92.231838	180.663448	74.887253	0.099537	0.115528	1.749756	1.881720
3547503697.761489	166.679695	82.243970	1.948922	158.315471	85.566584	175.043918	78.921356	0.137179	0.168711	1.798631	1.955034
3547503698.435967	149.985324	82.211561	355.061752	150.541013	91.194390	149.429636	73.228733	0.209928	0.239873	1.901271	2.062561
3547503699.130449	133.846273	83.702608	350.162201	142.775625	84.828073	124.916921	82.577143	0.301204	0.284285	2.047898	2.135875
3547503699.789916	119.490967	87.877607	345.141296	123.274644	79.711593	115.707291	96.043621	0.342111	0.333713	2.121212	2.223851
3547503700.450381	105.453867	92.006500	342.776337	108.478466	100.483044	102.429268	83.529956	0.367846	0.349332	2.170088	2.253177
3547503701.133863	93.563814	95.818292	341.738434	87.799201	102.729822	99.328426	88.906762	0.377819	0.356990	2.189638	2.267840
3547503701.837359	81.149718	99.633207	343.832336	90.016827	101.174110	72.282610	98.092304	0.382738	0.356990	2.199413	2.267840
3547503702.530851	68.359398	103.012278	347.442322	59.751676	105.640418	76.967120	100.384138	0.372855	0.349332	2.179863	2.253177
3547503703.193318	56.438698	105.398612	349.833679	64.527387	109.344891	48.350010	101.452333	0.370356	0.338965	2.174976	2.233627
3547503703.878800	43.658686	107.183055	353.300598	34.732975	106.029062	52.584396	108.337047	0.355125	0.333713	2.145650	2.223851
3547503704.523257	31.758217	108.531552	355.586212	36.737329	116.028781	26.779105	101.034323	0.342111	0.317677	2.121212	2.194526
3547503705.836187	16.667898	108.465176	52.857681	11.968364	116.140747	21.367431	100.789606	0.334157	0.301207	2.106549	2.165200
3547503706.511660	16.634590	108.646331	112.914230	18.273344	99.796784	14.995837	117.495878	0.320653	0.284285	2.082111	2.135875
3547503707.175125	19.867305	102.818550	119.315514	20.451958	93.837560	19.282652	111.799540	0.317913	0.281419	2.077224	2.130987
3547503707.902638	26.462634	93.190760	127.308975	17.487580	93.860396	35.437688	92.521125	0.312396	0.269823	2.067449	2.111437
3547503708.542089	35.240766	82.345817	131.426392	39.716591	74.537681	30.764942	90.153953	0.336821	0.249006	2.111437	2.077224
3547503709.241586	45.050729	72.376419	135.021317	44.446675	81.356125	45.654783	63.396713	0.306827	0.255024	2.057674	2.086999
3547503710.549505	66.229175	53.328393	138.906235	60.596967	46.308548	71.861384	60.348238	0.315161	0.245976	2.072336	2.072336
3547503711.204967	77.506150	43.840492	140.676422	71.740972	50.751550	83.271328	36.929434	0.292669	0.239873	2.033236	2.062561
3547503711.908467	89.003836	35.338720	144.583969	88.368003	26.361208	89.639670	44.316232	0.295528	0.227492	2.038123	2.043011
3547503712.568930	100.489129	27.798153	146.957718	94.710903	34.698305	106.267356	20.898001	0.286910	0.224359	2.023460	2.038123
3547503713.280433	113.607322	19.908641	149.834839	120.988339	14.758827	106.226305	25.058455	0.298373	0.224359	2.043011	2.038123
3547503715.921296	127.638649	21.131410	287.202728	136.352142	23.384192	118.925155	18.878628	0.317913	0.269823	2.077224	2.111437
3547503716.586772	123.642302	32.724070	292.679016	128.042960	40.574816	119.241645	24.873324	0.315161	0.314963	2.072336	2.189638
3547503717.220212	118.432688	46.149296	292.895782	124.418843	52.869857	112.446533	39.428734	0.328793	0.386655	2.096774	2.326491
3547503717.892686	113.150044	57.732796	292.612000	117.015087	65.860615	109.285002	49.604976	0.317913	0.421699	2.077224	2.399804
3547503719.247643	103.577386	82.124366	286.751617	110.437076	87.950570	96.717696	76.298161	0.328793	0.443895	2.096774	2.448680
3547503719.999171	100.250804	94.101704	280.590576	107.769255	99.048713	92.732353	89.154696	0.309618	0.448228	2.062561	2.458456
3547503720.680653	98.835213	107.016117	274.155060	105.515928	113.046709	92.154497	100.985525	0.298373	0.437330	2.043011	2.434018
3547503722.037610	100.947140	134.381847	257.306946	103.638202	125.793588	98.256078	142.970105	0.281095	0.407941	2.013685	2.370479
3547503722.708082	104.705523	146.708233	250.054687	113.308665	144.065137	96.102382	149.351329	0.269295	0.393840	1.994135	2.341153
3547503723.357542	109.983923	158.517988	240.711639	101.625279	161.854612	118.342568	155.181363	0.263307	0.398579	1.984360	2.350929
3547503724.006999	117.174735	169.979018	234.275314	108.404937	172.001550	125.944534	167.956486	0.251154	0.359520	1.964809	2.272727
3547503725.320927	134.908987	187.507878	219.771080	136.168491	178.596445	133.649484	196.419312	0.232463	0.349332	1.935484	2.253177
3547503725.981394	146.069668	195.864719	214.325386	140.291795	188.964271	151.847541	202.765167	0.516186	0.477623	2.502444	2.526882
3547503726.673882	158.162188	202.943373	205.192711	165.682411	207.887687	150.641964	197.999059	0.674450	0.549933	2.991202	2.712610
3547503727.344354	170.176764	208.169349	200.554008	174.554023	200.305532	165.799506	216.033165	0.686194	0.574139	3.035191	2.781036
3547503728.022833	180.792738	212.085364	204.111183	179.962865	221.047022	181.622611	203.123706	0.670458	0.585801	2.976540	2.815249
3547503728.698309	189.219864	216.594841	208.679787	180.469598	214.489411	197.970131	218.700272	0.670458	0.579172	2.976540	2.795699
3547503729.354774	196.991902	221.014628	216.346603	193.295044	229.220311	200.688760	212.808945	0.666427	0.570754	2.961877	2.771261
3547503730.027246	202.605017	226.101914	228.596664	196.539090	232.750562	208.670945	219.453266	0.647075	0.555222	2.893451	2.727273
3547503731.380203	212.222970	240.390666	237.863022	219.261820	234.782227	205.184120	245.999105	0.608594	0.524474	2.766373	2.644184
3547503732.066686	216.326509	247.828234	244.705750	219.314971	239.338882	213.338047	256.317585	0.600785	0.503527	2.741935	2.590420
3547503732.752170	220.694898	257.223600	245.250534	218.851278	248.414454	222.538519	266.032747	0.583106	0.489739	2.688172	2.556207
3547503733.403628	224.069765	265.770920	252.900970	215.069799	265.795777	233.069731	265.746064	0.566409	0.467309	2.639296	2.502444
3547503734.059092	226.743855	275.507601	255.342514	233.643137	281.286865	219.844572	269.728337	0.550843	0.458912	2.595308	2.482893
3547503734.739571	228.339506	284.840632	263.764496	229.499850	275.915745	227.179161	293.765518	0.531087	0.439527	2.541544	2.438905
3547503735.430058	229.342833	295.061618	264.383575	225.108848	287.119743	233.576819	303.003492	0.514291	0.417150	2.497556	2.390029
3547503736.802027	228.788623	316.983657	276.069839	232.212933	308.660550	225.364314	325.306764	0.470630	0.403280	2.390029	2.360704
3547503737.495518	226.459521	327.382966	284.385529	217.482447	328.024961	235.436594	326.740971	0.453763	0.389060	2.350929	2.331378
3547503738.167990	223.520560	338.023087	289.819763	217.106896	331.709221	229.934224	344.336954	0.447292	0.354448	2.336266	2.262952
3547503738.832458	219.378871	347.782415	293.443970	227.990238	350.398586	210.767503	345.166244	0.429633	0.323070	2.297165	2.204301
3547503739.496929	214.405086	357.869903	302.478729	207.435097	352.176112	221.375075	363.563694	0.404347	0.336345	2.243402	2.228739
3547503740.878905	199.345084	376.667946	313.373779	205.709605	370.304544	192.980564	383.031347	0.382738	0.298419	2.199413	2.160313
3547503741.544374	190.460870	385.675096	316.764709	185.863411	393.412238	195.058329	377.937953	0.352546	0.287137	2.140762	2.140762
3547503742.241865	180.156520	394.717832	321.054901	174.982651	387.353656	185.330388	402.082008	0.344738	0.269823	2.126100	2.111437
3547503742.909335	169.836889	402.603127	324.178650	174.878535	410.058448	164.795243	395.147807	0.323379	0.269823	2.086999	2.111437
3547503743.592817	158.524900	410.348196	328.208069	149.560013	409.553959	167.489786	411.142433	0.312396	0.252022	2.067449	2.082111
3547503744.247279	147.656365	416.397579	333.316742	144.928665	407.820887	150.384064	424.974272	0.304022	0.236800	2.052786	2.057674
3547503745.591229	122.322696	427.604322	339.672333	118.981686	419.247430	125.663706	435.961215	0.278167	0.205244	2.008798	2.008798
3547503746.239685	110.772169	431.535345	343.794800	119.575204	433.407926	101.969133	429.662764	0.260291	0.218049	1.979472	2.028348
3547503746.940180	98.887536	434.820359	345.245422	101.801961	426.305306	95.973111	443.335412	0.244985	0.202004	1.955034	2.003910
3547503748.270118	71.370013	439.465791	355.190826	73.077312	448.302370	69.662713	430.629212	0.222903	0.182226	1.920821	1.974585
3547503750.324567	29.704833	439.455882	6.582762	27.048789	430.856729	32.360877	448.055035	0.213196	0.168711	1.906158	1.955034
3547503750.978027	16.410040	437.784308	13.443051	9.492462	432.026955	23.327618	443.541662	0.200020	0.161851	1.886608	1.945259
3547503751.656507	14.960732	436.747125	68.083206	22.684899	432.127900	7.236565	441.366350	0.172829	0.154923	1.847507	1.935484
3547503752.336986	15.051421	436.079633	125.229935	18.834085	427.913149	11.268757	444.246117	0.186567	0.151432	1.867058	1.930596
3547503753.003457	22.020070	428.629873	136.376266	30.662034	431.143132	13.378107	426.116615	0.183159	0.137291	1.862170	1.911046
3547503754.287362	46.742289	409.824822	145.872177	37.943556	407.932127	55.541022	411.717517	0.162334	0.126493	1.832845	1.896383
3547503754.963840	59.519821	401.170475	146.093628	50.520233	401.256600	68.519409	401.084351	0.158798	0.133710	1.827957	1.906158
3547503755.710370	72.587618	392.371845	144.377625	73.804617	383.454507	71.370620	401.289182	0.151669	0.133710	1.818182	1.906158
3547503756.392848	88.121700	380.953667	140.920135	84.194584	389.051676	92.048816	372.855657	0.144463	0.119202	1.808407	1.886608
3547503757.719784	113.355993	358.166986	133.587448	104.377884	358.794320	122.334103	357.539652	0.140831	0.115528	1.803519	1.881720
3547503758.401264	125.290722	345.005358	133.262123	116.583036	342.730232	133.998409	347.280484	0.144463	0.115528	1.808407	1.881720
3547503759.061731	137.802769	331.494734	130.752304	146.173346	328.188159	129.432192	334.801309	0.133507	0.108122	1.793744	1.871945
3547503759.725198	149.029882	317.458385	123.806908	157.664296	319.997456	140.395467	314.919313	0.129815	0.104390	1.788856	1.867058
3547503760.406680	158.079792	302.668674	116.245333	158.137433	311.668490	158.022152	293.668859	0.122370	0.111835	1.779081	1.876833
3547503761.121186	164.543625	286.301560	109.590309	161.327436	294.707280	167.759815	277.895841	0.126103	0.108122	1.783969	1.871945
3547503761.792665	171.423271	270.127953	105.592789	179.879368	267.046652	162.967174	273.209254	0.122370	0.100639	1.779081	1.862170
3547503762.484145	175.705998	252.085491	100.358627	177.249370	243.218812	174.162626	260.952171	0.137179	0.100639	1.798631	1.862170
3547503764.531590	180.347020	200.158181	91.756081	185.792936	207.323514	174.901105	192.992847	0.099537	0.100639	1.749756	1.862170
3547503765.169039	180.137212	183.193694	87.572426	183.576950	174.876952	176.697474	191.510436	0.095657	0.089265	1.744868	1.847507
3547503765.860527	178.775309	165.982259	82.979706	170.107398	163.560003	187.443219	168.404515	0.083885	0.089265	1.730205	1.847507
3547503766.548014	176.553320	150.194127	78.683086	177.838344	159.101916	175.268296	141.286337	0.091755	0.085433	1.739980	1.842620
3547503767.245505	173.067530	132.954056	76.947659	164.069584	132.761817	182.065477	133.146294	0.114843	0.108122	1.769306	1.871945
3547503768.635486	164.102967	98.938921	72.864285	169.241450	106.327831	158.964484	91.550011	0.209928	0.252022	1.901271	2.082111
3547503769.283945	158.593473	82.787783	70.440815	149.862280	80.604604	167.324666	84.970962	0.241878	0.289977	1.950147	2.145650
3547503769.919390	152.605872	69.006327	65.022423	145.279782	74.233984	159.931963	63.778671	0.284010	0.314963	2.018573	2.189638
3547503770.577859	145.964123	56.286684	57.534512	138.460478	51.317245	153.467768	61.256122	0.298373	0.341574	2.043011	2.238514
3547503771.266346	138.649994	45.315399	54.385696	146.117552	50.338902	131.182437	40.291896	0.344738	0.356990	2.126100	2.267840
3547503771.919804	130.928671	35.369493	51.760002	121.954840	34.683668	139.902502	36.055317	0.377819	0.356990	2.189638	2.267840
3547503772.587274	122.853056	25.684643	50.377865	121.843742	16.741417	123.862370	34.627868	0.404347	0.384241	2.243402	2.321603
3547503775.963655	115.048785	16.997133	269.135773	122.815864	12.450433	107.281706	21.543833	0.427383	0.393840	2.292278	2.341153
3547503776.622120	112.943291	21.731158	299.720459	121.536948	24.404932	104.349635	19.057384	0.436325	0.393840	2.311828	2.341153
3547503777.264573	107.308599	29.613832	309.560944	98.367086	30.638213	116.250111	28.589452	0.411362	0.384241	2.258065	2.321603
3547503777.933044	99.336183	38.008828	315.362030	90.938848	34.770812	107.733519	41.246844	0.409034	0.386655	2.253177	2.326491
3547503778.626533	90.624177	46.085498	320.035675	94.185029	37.819886	87.063326	54.351110	0.394848	0.386655	2.223851	2.326491
3547503779.315020	81.179122	53.812838	320.844635	77.656258	45.530964	84.701986	62.094712	0.385182	0.369535	2.204301	2.292278
3547503781.304426	50.327398	74.229075	325.768494	57.685342	69.046348	42.969455	79.411803	0.342111	0.336345	2.121212	2.228739
3547503781.948878	39.700636	81.093142	327.802338	31.777050	76.825029	47.624222	85.361255	0.317913	0.317677	2.077224	2.194526
3547503782.616352	29.506596	87.859419	327.355072	24.208396	80.584182	34.804797	95.134656	0.315161	0.312236	2.072336	2.184751
3547503783.269813	19.487408	93.909456	335.018707	11.341157	97.735497	27.633659	90.083415	0.304022	0.298419	2.052786	2.160313
3547503783.932278	18.166579	94.008546	43.328537	23.640159	86.864322	12.693000	101.152769	0.284010	0.298419	2.018573	2.160313
3547503784.564723	18.336115	94.838466	104.123238	22.256315	102.939826	14.415915	86.737106	0.275224	0.281419	2.003910	2.130987
3547503785.253210	17.789341	95.489177	151.678299	10.842086	89.767671	24.736597	101.210684	0.260291	0.255024	1.979472	2.086999
3547503785.937692	17.266760	95.717536	221.014587	9.233271	91.660069	25.300250	99.775004	0.260291	0.245976	1.979472	2.072336
3547503786.604165	23.330129	103.450183	233.632919	15.096746	99.815434	31.563513	107.084931	0.248077	0.252022	1.959922	2.082111
3547503787.297651	31.123331	114.855335	239.249268	26.901793	106.906838	35.344869	122.803833	0.238755	0.233712	1.945259	2.052786
3547503787.974129	39.176910	127.938495	238.901382	37.917985	119.026979	40.435835	136.850010	0.238755	0.236800	1.945259	2.057674
3547503788.604572	46.869415	140.704739	237.747421	54.508181	135.945617	39.230648	145.463862	0.206642	0.202004	1.896383	2.003910
3547503789.253031	54.363955	153.547613	239.753525	46.827482	148.628103	61.900428	158.467123	0.216448	0.211677	1.911046	2.018573
3547503789.947521	62.386217	167.111789	239.277695	57.940462	159.286493	66.831972	174.937086	0.219684	0.211677	1.915934	2.018573
3547503791.426564	79.297737	193.214145	235.892273	81.722805	201.881270	76.872669	184.547021	0.172829	0.175502	1.847507	1.964809
3547503792.095036	88.008630	206.358540	234.178421	79.084303	207.523179	96.932957	205.193900	0.176291	0.175502	1.852395	1.964809
3547503792.788527	99.273649	222.475384	233.605743	91.142071	218.618256	107.405227	226.332513	0.162334	0.175502	1.832845	1.964809
3547503794.091446	118.152501	248.635428	234.362183	109.591243	251.411193	126.713758	245.859662	0.151669	0.154923	1.818182	1.935484
3547503794.738900	127.666250	259.604197	231.222984	136.220837	256.807941	119.111664	262.400454	0.151669	0.130111	1.818182	1.901271
3547503795.379356	137.274775	270.669623	228.137578	128.890717	273.941867	145.658832	267.397378	0.140831	0.147924	1.803519	1.925709
3547503796.052828	147.142117	281.683343	225.532242	152.677424	274.586838	141.606810	288.779847	0.144463	0.144397	1.808407	1.920821
3547503796.721300	158.691345	294.184396	224.797462	167.556088	292.629940	149.826602	295.738851	0.133507	0.137291	1.793744	1.911046
3547503797.406782	170.898974	305.017637	225.277863	178.041951	299.542431	163.755997	310.492843	0.129815	0.122857	1.788856	1.891496
3547503798.021216	183.222061	316.880647	222.847687	181.386505	325.691477	185.057616	308.069816	0.140831	0.133710	1.803519	1.906158
3547503798.668673	195.540990	327.709761	219.902618	195.620795	318.710115	195.461185	336.709407	0.114843	0.133710	1.769306	1.906158
3547503799.329139	207.847781	337.883615	217.924164	216.078282	341.524885	199.617279	334.242345	0.114843	0.122857	1.769306	1.891496
3547503799.983602	220.373934	347.748136	215.928452	213.663493	353.745634	227.084374	341.750638	0.099537	0.104390	1.749756	1.867058
3547503800.672087	233.895487	357.681891	213.595978	234.186340	348.686592	233.604633	366.677190	0.111049	0.119202	1.764418	1.886608
3547503802.009029	263.213562	375.118167	208.682114	254.458420	373.033104	271.968704	377.203230	0.095657	0.104390	1.744868	1.867058
3547503802.685506	278.351875	382.716360	203.802597	274.839440	391.002662	281.864310	374.430058	0.099537	0.100639	1.749756	1.862170
3547503803.408017	287.746620	388.269598	240.092255	279.003688	386.133917	296.489552	390.405279	0.091755	0.093076	1.739980	1.852395
3547503804.062479	288.364031	393.150145	284.382782	279.385229	393.767481	297.342834	392.532808	0.087831	0.093076	1.735093	1.852395
3547503804.689921	285.380999	399.474029	298.636108	287.034805	408.320775	283.727194	390.627282	0.095657	0.093076	1.744868	1.852395
3547503805.343381	278.309285	410.524339	303.586823	270.103016	414.219899	286.515553	406.828779	0.087831	0.104390	1.735093	1.867058
3547503806.715354	260.967799	436.088407	303.826569	253.873777	441.626895	268.061821	430.549920	0.095657	0.085433	1.744868	1.842620
3547503807.360808	251.576654	450.267773	303.843079	244.575035	455.922623	258.578274	444.612923	0.083885	0.093076	1.730205	1.852395
3547503808.044291	241.948987	463.962920	302.532288	234.684188	458.650416	249.213786	469.275424	0.071911	0.108122	1.715543	1.871945
3547503809.444276	223.509566	492.823197	302.314270	217.565804	486.065114	229.453328	499.581281	0.063815	0.062011	1.705767	1.813294
3547503810.102741	214.313693	507.219362	302.476471	207.356581	501.509845	221.270806	512.928878	0.055625	0.062011	1.695992	1.813294
3547503810.764209	206.005076	521.156977	300.623322	213.426876	516.066113	198.583277	526.247841	0.063815	0.062011	1.705767	1.813294
3547503812.092143	189.878466	547.740683	301.249664	192.907244	539.265631	186.849688	556.215735	0.079916	0.050013	1.725318	1.798631
3547503812.767622	181.815908	560.007851	303.170502	172.816117	560.069146	190.815699	559.946556	0.063815	0.065967	1.705767	1.818182
3547503813.426085	172.819923	573.096399	305.584625	179.582266	579.035316	166.057581	567.157483	0.055625	0.058033	1.695992	1.808407
3547503814.067538	166.324672	581.498143	333.235260	164.304094	572.727894	168.345249	590.268392	0.067875	0.073816	1.710655	1.827957
3547503814.803055	165.008845	581.638796	25.682714	160.304865	573.965949	169.712825	589.311643	0.055625	0.065967	1.695992	1.818182
3547503815.507554	164.610332	580.141655	65.398575	159.716794	587.695017	169.503870	572.588292	0.059732	0.065967	1.700880	1.818182
3547503816.152009	159.906391	565.783955	75.021420	163.217948	557.415348	156.594835	574.152563	0.055625	0.069902	1.695992	1.823069
3547503816.813474	155.820753	548.422143	78.007492	151.252916	556.176811	160.388589	540.667475	0.067875	0.065967	1.710655	1.818182
3547503818.128404	148.343962	513.975643	78.759430	150.304634	522.759479	146.383289	505.191808	0.034731	0.054034	1.671554	1.803519
3547503818.802877	144.993488	495.815645	78.485149	144.501730	504.802201	145.485245	486.829090	0.059732	0.081582	1.700880	1.837732
3547503820.181850	137.215648	459.922920	75.090889	139.938321	451.344631	134.492974	468.501210	0.055625	0.085433	1.695992	1.842620
3547503820.881344	131.981264	441.152816	71.891468	128.767350	449.559407	135.195178	432.746226	0.055625	0.054034	1.695992	1.803519
3547503822.283334	119.831882	405.370756	69.291775	118.249523	396.510952	121.414242	414.230561	0.055625	0.054034	1.695992	1.803519
3547503822.922785	113.194075	388.092069	65.455093	108.735028	395.909799	117.653121	380.274339	0.038959	0.045970	1.676442	1.793744
3547503823.611270	105.896490	372.619308	63.372417	101.264910	364.902543	110.528070	380.336073	0.059732	0.037818	1.700880	1.783969
3547503824.273739	98.273459	357.714045	61.337833	107.246947	357.023733	89.299972	358.404356	0.038959	0.029576	1.676442	1.774194
3547503824.963229	89.139546	343.095223	55.728218	95.722619	336.958191	82.556473	349.232254	0.026202	0.021243	1.661779	1.764418
3547503825.651710	78.401369	329.305136	50.722061	74.433450	321.227041	82.369288	337.383231	0.043162	0.041905	1.681329	1.788856
3547503827.031682	52.680895	302.346568	44.215216	50.603531	293.589596	54.758259	311.103540	0.034731	0.041905	1.671554	1.788856
3547503827.649119	38.192388	288.632986	42.112892	46.794109	291.280703	29.590668	285.985269	0.047340	0.033708	1.686217	1.779081
3547503828.317591	25.709896	278.480062	37.636379	26.274119	269.497765	25.145673	287.462358	0.038959	0.058033	1.676442	1.808407
3547503828.961047	17.627048	271.309721	71.701851	12.886240	278.959868	22.367856	263.659575	0.038959	0.037818	1.676442	1.783969
3547503829.628514	18.104740	269.555544	138.820099	13.097325	262.077189	23.112154	277.033899	0.034731	0.025421	1.671554	1.769306
3547503830.328011	21.810422	268.811308	172.621124	20.319087	277.686888	23.301756	259.935728	0.034731	0.033708	1.671554	1.779081
3547503830.978467	38.166144	267.839739	180.043289	45.602852	272.908800	30.729436	262.770678	0.021899	0.041905	1.656891	1.788856
3547503831.654946	55.129984	268.103749	181.879242	58.073024	259.598544	52.186944	276.608954	0.021899	0.025421	1.656891	1.769306
3547503832.391463	73.888560	268.600605	181.623886	78.884494	261.114576	68.892625	276.086635	0.013217	0.021243	1.647116	1.764418
3547503833.069945	95.096819	268.511396	178.139755	87.876723	273.884497	102.316915	263.138295	0.030479	-0.004320	1.666667	1.735093
3547503833.769437	114.643529	266.864868	172.346756	110.803235	275.004410	118.483822	258.725326	0.034731	0.033708	1.671554	1.779081
3547503834.415895	134.929818	261.985771	167.837189	143.676082	264.107766	126.183554	259.863776	0.034731	0.037818	1.671554	1.783969
3547503835.099375	152.004969	257.343542	162.827553	156.595591	249.602341	147.414346	265.084743	0.026202	0.050013	1.661779	1.798631
3547503835.814879	170.196180	250.764552	157.971382	163.192635	245.112088	177.199725	256.417017	0.038959	0.033708	1.676442	1.779081
3547503836.471342	187.832097	242.844741	154.815475	194.754018	248.596872	180.910176	237.092610	0.043162	0.054034	1.681329	1.803519
3547503837.831302	220.292457	223.286155	146.330429	211.564222	225.481127	229.020693	221.091182	0.034731	0.025421	1.671554	1.769306
3547503838.565823	236.161258	211.773698	142.023087	241.618084	218.930726	230.704432	204.616670	0.051495	0.037818	1.691105	1.783969
3547503839.234292	252.011702	198.219129	137.398010	258.665622	192.158985	245.357782	204.279274	0.021899	0.033708	1.656891	1.779081
3547503839.896760	266.544452	183.819612	134.246887	259.833080	189.816067	273.255825	177.823156	0.043162	0.037818	1.681329	1.783969
3547503841.214693	288.815817	161.688331	160.214539	288.755636	170.688129	288.875997	152.688532	0.030479	0.017041	1.666667	1.759531
3547503843.199092	289.406223	159.523936	229.495209	290.830712	168.410489	287.981733	150.637383	0.026202	0.033708	1.661779	1.779081
3547503843.909591	288.445683	157.616500	262.756226	296.614180	153.838185	280.277187	161.394815	0.030479	0.021243	1.666667	1.764418
3547503844.610087	288.473545	157.258858	306.451477	297.377540	155.947799	279.569550	158.569916	0.026202	0.029576	1.661779	1.774194
3547503845.294567	286.396563	157.088452	5.500089	292.745857	150.709858	280.047269	163.467046	0.043162	0.029576	1.681329	1.774194
3547503845.939023	274.324107	155.358559	9.543545	275.390497	164.295158	273.257717	146.421959	0.017571	0.033708	1.652004	1.779081
3547503847.259954	242.306776	147.916468	13.645000	234.374980	143.663633	250.238573	152.169303	0.059732	0.033708	1.700880	1.779081
3547503847.946437	226.145147	143.599196	16.352777	231.554597	150.792099	220.735698	136.406293	0.043162	0.025421	1.681329	1.769306
3547503849.286386	192.852432	133.502661	17.616215	201.344834	130.522880	184.360029	136.482443	0.034731	0.033708	1.671554	1.779081
3547503850.011897	177.022338	128.570763	17.428905	185.921081	127.224522	168.123595	129.917005	0.091755	0.089265	1.739980	1.847507
3547503854.011720	84.195668	111.410657	11.151562	93.086395	110.012456	75.304940	112.808858	0.418287	0.338965	2.272727	2.233627
3547503854.683197	72.158660	108.410591	13.584449	64.498754	103.685568	79.818566	113.135614	0.409034	0.351895	2.253177	2.258065
3547503855.348662	60.642254	105.689132	16.283653	65.541977	113.238484	55.742531	98.139780	0.390036	0.336345	2.214076	2.228739
3547503856.056160	49.211755	101.864810	18.953150	48.281076	92.913060	50.142433	110.816561	0.382738	0.328415	2.199413	2.214076
3547503856.767665	37.588235	96.530051	28.767910	41.852239	104.455849	33.324231	88.604253	0.365325	0.325749	2.165200	2.209189
3547503857.404112	26.458403	90.238329	32.867851	17.521915	89.171002	35.394891	91.305655	0.357692	0.303983	2.150538	2.170088
3547503858.050567	19.574566	85.106424	56.822876	17.137502	76.442665	22.011629	93.770183	0.342111	0.298419	2.121212	2.160313
3547503858.711032	19.494855	84.218284	120.101059	13.556753	77.455227	25.432957	90.981342	0.320653	0.272742	2.082111	2.116325
3547503859.390513	20.987625	83.640232	162.764267	26.058639	76.204856	15.916611	91.075608	0.315161	0.272742	2.072336	2.116325
3547503860.087004	29.932900	81.715175	171.554367	21.440832	84.695910	38.424968	78.734440	0.320653	0.249006	2.082111	2.077224
3547503861.353899	58.439961	80.038949	180.547043	67.399775	80.888494	49.480147	79.189403	0.301204	0.242932	2.047898	2.067449
3547503862.033379	72.607702	80.610079	185.492477	73.850317	89.523884	71.365086	71.696275	0.298373	0.236800	2.043011	2.057674
3547503862.691842	86.966672	82.257002	187.428192	94.850072	77.915113	79.083272	86.598892	0.304022	0.224359	2.052786	2.038123
3547503863.326288	102.509987	85.017365	189.986588	93.538605	84.300214	111.481369	85.734516	0.281095	0.239873	2.013685	2.062561
3547503863.959736	116.160759	88.367771	194.873734	115.307143	79.408344	117.014375	97.327199	0.275224	0.224359	2.003910	2.038123
3547503864.600188	129.564973	91.737077	197.742638	127.974080	100.595353	131.155865	82.878800	0.295528	0.239873	2.038123	2.062561
3547503865.275664	143.349954	96.068318	198.033142	144.363046	105.011116	142.336861	87.125519	0.278167	0.218049	2.008798	2.028348
3547503865.910114	157.499657	101.405913	200.093529	164.915485	96.306354	150.083830	106.505473	0.298373	0.227492	2.043011	2.043011
3547503866.571578	171.051067	107.104041	202.647095	162.051996	107.233354	180.050138	106.974728	0.323379	0.227492	2.086999	2.043011
3547503867.231046	183.666939	112.510486	204.746147	188.314408	120.217693	179.019470	104.803279	0.328793	0.269823	2.096774	2.111437
3547503868.606013	207.766728	125.754211	210.500763	207.893220	134.753322	207.640236	116.755100	0.352546	0.298419	2.140762	2.160313
3547503869.292500	219.607179	133.788456	216.865112	220.462858	142.747687	218.751501	124.829226	0.347352	0.301207	2.130987	2.165200
3547503869.969976	231.740348	143.692886	222.486282	226.907961	151.285517	236.572734	136.100256	0.352546	0.292804	2.140762	2.150538
3547503870.660463	241.635981	153.405010	226.019577	243.203788	144.542619	240.068175	162.267402	0.323379	0.309498	2.086999	2.179863
3547503871.344945	250.485413	163.634297	230.610657	259.092952	166.263037	241.877875	161.005557	0.334157	0.281419	2.106549	2.130987
3547503872.690896	266.822388	187.746814	238.555603	268.658358	178.936070	264.986419	196.557559	0.298373	0.269823	2.043011	2.111437
3547503873.368373	273.481566	199.569953	241.919312	273.631653	208.568702	273.331478	190.571205	0.292669	0.260985	2.033236	2.096774
3547503874.052857	279.469424	211.951284	245.952057	272.375894	206.412166	286.562953	217.490402	0.275224	0.242932	2.003910	2.067449
3547503874.765362	284.646027	226.043092	251.482605	283.254892	217.151256	286.037161	234.934928	0.260291	0.233712	1.979472	2.052786