Time	X	Y	Theta	LS_X	LS_Y	RS_X	RS_Y	RsRoL	RsRoR	VL	VR
3547666264.652047	42.593894	553.428967	184.090820	34.016463	556.154346	51.171324	550.703588	-0.009754	0.017995	1.392962	1.578690
3547666265.376558	42.596425	553.422311	184.080704	33.991862	556.060777	51.200987	550.783844	-0.014683	0.017995	1.388074	1.578690
3547666266.054035	42.602661	553.425312	184.135132	34.154376	556.527971	51.050945	550.322654	-0.019646	0.013538	1.383187	1.573803
3547666266.757532	42.590648	553.424382	184.068024	33.953322	555.953534	51.227974	550.895231	-0.014683	0.013538	1.388074	1.573803
3547666267.405991	42.586462	553.414915	184.093521	34.016424	556.163450	51.156500	550.666380	-0.024644	0.017995	1.378299	1.578690
3547666268.085469	42.599728	553.424310	184.133133	34.145258	556.510075	51.054197	550.338546	-0.004860	0.017995	1.397849	1.578690
3547666268.750938	42.600428	553.419395	184.096710	34.039198	556.195247	51.161657	550.643544	-0.019646	0.017995	1.383187	1.578690
3547666269.475450	42.597541	553.426824	184.091873	34.022985	556.161232	51.172097	550.692415	-0.024644	0.013538	1.378299	1.573803
3547666270.131915	42.614390	553.425506	184.194397	34.364710	557.023113	50.864070	549.827899	-0.024644	0.009054	1.378299	1.568915
3547666270.830414	42.603314	553.422081	184.197449	34.364651	557.044847	50.841977	549.799315	-0.009754	0.017995	1.392962	1.578690
3547666271.501879	42.591757	553.414635	184.140976	34.161749	556.566613	51.021765	550.262657	-0.029679	0.009054	1.373412	1.568915
3547666272.165349	42.591197	553.420781	184.156937	34.212569	556.706901	50.969826	550.134662	-0.029679	0.013538	1.373412	1.573803
3547666272.843829	42.599085	553.423434	184.123718	34.115939	556.429468	51.082231	550.417401	-0.019646	-0.004570	1.383187	1.554252
3547666273.545321	42.589549	553.426260	184.196075	34.345919	557.037709	50.833180	549.814811	-0.014683	0.004541	1.388074	1.564027
3547666274.304857	42.580254	553.423047	184.099457	34.026681	556.222402	51.133827	550.623692	-0.024644	0.004541	1.378299	1.564027
3547666275.008354	42.599519	553.423065	184.217255	34.434220	557.208284	50.764819	549.637846	-0.029679	0.013538	1.373412	1.573803
3547666275.696840	42.591610	553.418480	184.172241	34.264253	556.832441	50.918967	550.004519	-0.024644	0.039872	1.378299	1.603128
3547666276.439364	42.601017	553.425384	184.188553	34.330452	556.974718	50.871581	549.876050	-0.029679	-0.009168	1.373412	1.549365
3547666277.153870	42.604977	553.420325	184.082123	34.004167	556.071000	51.205786	550.769651	-0.029679	0.013538	1.373412	1.573803
3547666277.871375	42.591467	553.419973	184.056839	33.926394	555.852363	51.256539	550.987584	-0.034749	-0.000000	1.368524	1.559140
3547666278.540846	42.598281	553.420221	184.160675	34.231996	556.737640	50.964566	550.102802	-0.039855	-0.000000	1.363636	1.559140
3547666279.278366	42.588724	553.422785	184.043182	33.891242	555.736615	51.286205	551.108954	-0.029679	0.009054	1.373412	1.568915
3547666279.983864	42.588742	553.418448	184.175522	34.272630	556.859709	50.904854	549.977186	-0.034749	-0.009168	1.368524	1.549365
3547666280.712376	42.595757	553.412071	184.149323	34.192350	556.634300	50.999163	550.189843	-0.024644	0.035550	1.378299	1.598240
3547666281.412872	42.590519	553.417392	184.171082	34.259209	556.821694	50.921829	550.013091	-0.034749	0.009054	1.368524	1.568915
3547666282.125376	42.589844	553.418024	184.209229	34.394427	557.137586	50.785261	549.698462	-0.009754	-0.004570	1.392962	1.554252
3547666282.814862	42.596787	553.417988	184.142899	34.172855	556.586168	51.020720	550.249808	-0.029679	-0.000000	1.373412	1.559140
3547666283.527364	42.594691	553.417252	184.097855	34.036644	556.202899	51.152738	550.631605	-0.050179	-0.004570	1.353861	1.554252
3547666284.211847	42.592677	553.417252	184.180267	34.292989	556.897939	50.892365	549.936566	-0.044998	0.004541	1.358749	1.564027
3547666284.936359	43.482586	553.479032	184.859909	39.214767	561.402777	47.750404	545.555288	-0.034749	0.004541	1.368524	1.564027
3547666285.670876	55.265227	554.753877	187.547195	62.577391	549.506758	47.953063	560.000996	-0.039855	-0.004570	1.363636	1.554252
3547666286.358360	74.027063	558.493301	193.300797	82.988297	557.658866	65.065829	559.327735	-0.029679	0.004541	1.373412	1.564027
3547666287.066861	92.125690	564.409819	202.195099	83.973852	560.595695	100.277528	568.223943	-0.024644	-0.000000	1.378299	1.559140
3547666287.714317	109.418379	573.653710	213.145157	113.599466	565.683860	105.237292	581.623561	-0.039855	-0.000000	1.363636	1.559140
3547666291.794195	124.648157	574.175750	107.158623	121.608855	565.704466	127.687459	582.647033	-0.029679	0.035550	1.373412	1.598240
3547666292.470674	131.588236	558.886720	120.127281	125.474853	552.281680	137.701619	565.491759	-0.034749	-0.023139	1.368524	1.534702
3547666293.120131	143.074606	544.214301	136.218842	151.215688	548.051329	134.933525	540.377272	-0.034749	-0.000000	1.368524	1.559140
3547666294.492098	177.456343	527.908929	170.627701	169.973368	522.908421	184.939319	532.909437	-0.019646	0.004541	1.383187	1.564027
3547666295.353707	198.318162	527.553498	187.960648	202.906047	519.810675	193.730277	535.296321	-0.044998	0.004541	1.358749	1.564027
3547666296.716668	238.494611	546.865142	225.922485	240.914147	538.196472	236.075076	555.533813	-0.050179	0.009054	1.353861	1.568915
3547666297.377135	249.118588	561.563482	244.501572	253.766293	553.856418	244.470883	569.270546	-0.044998	0.017995	1.358749	1.578690
3547666298.066622	253.823832	575.954074	259.891785	247.000868	581.823245	260.646796	570.084904	-0.050179	-0.018452	1.353861	1.539589
3547666304.184937	275.321728	574.445540	165.823898	269.659006	581.440795	280.984450	567.450286	-0.065946	-0.042188	1.339198	1.515152
3547666304.860414	289.156647	573.157693	195.354111	284.259368	565.606755	294.053925	580.708631	-0.060652	-0.004570	1.344086	1.554252
3547666307.553314	291.014613	572.661379	190.611191	283.317699	577.325874	298.711527	567.996884	-0.044998	-0.013795	1.358749	1.544477
3547666310.260224	290.776074	572.792413	158.082626	283.188312	567.952386	298.363836	577.632441	-0.050179	-0.023139	1.353861	1.534702
3547666312.965132	291.194396	573.598215	87.678871	293.731058	564.963092	288.657733	582.233338	-0.044998	-0.023139	1.358749	1.534702
3547666314.984558	286.991003	575.224013	358.209381	286.381104	566.244702	287.600903	584.203324	-0.050179	-0.004570	1.353861	1.554252
3547666315.662035	275.506922	573.549698	14.232277	266.547598	574.404397	284.466246	572.694998	-0.071279	-0.023139	1.334311	1.534702
3547666316.320499	263.487380	568.377403	33.523502	255.753140	572.979742	271.221621	563.775063	-0.055396	-0.000000	1.348974	1.559140
3547666316.992976	253.217557	558.992259	50.841564	248.314877	551.444827	258.120237	566.539691	-0.044998	-0.032602	1.358749	1.524927
3547666322.367768	240.252436	521.311988	82.773964	232.262185	517.170021	248.242687	525.453955	-0.050179	-0.018452	1.353861	1.539589
3547666323.045245	238.636443	504.732379	87.186844	244.951548	498.319935	232.321337	511.144824	-0.039855	-0.004570	1.363636	1.554252
3547666323.731730	238.272708	486.533894	91.139374	238.571334	495.528939	237.974081	477.538850	-0.034749	-0.027855	1.368524	1.529814
3547666324.475254	239.235179	469.289443	96.755127	233.902051	476.539116	244.568307	462.039771	-0.050179	-0.009168	1.353861	1.549365
3547666326.536706	252.269878	415.717450	110.513214	257.031255	423.354811	247.508500	408.080089	-0.065946	-0.018452	1.339198	1.539589
3547666327.253211	259.608789	399.723146	117.208824	267.032231	404.811614	252.185347	394.634678	-0.055396	-0.013795	1.348974	1.544477
3547666327.944700	269.778742	383.140737	124.635834	277.484558	378.490962	262.072927	387.790512	-0.044998	-0.027855	1.358749	1.529814
3547666330.761686	279.140889	360.153909	6.158305	280.261895	351.223996	278.019882	369.083822	-0.055396	-0.032602	1.348974	1.524927
3547666332.103633	249.077925	353.384954	18.863838	248.949389	344.385872	249.206461	362.384036	-0.071279	-0.009168	1.334311	1.549365
3547666332.778111	233.565503	347.017643	22.987999	241.123389	351.904192	226.007617	342.131094	-0.050179	-0.023139	1.353861	1.534702
3547666333.453586	217.724444	339.733895	26.223024	209.743624	335.573786	225.705264	343.894003	-0.050179	-0.018452	1.353861	1.539589
3547666334.133067	201.835549	330.875437	32.990334	192.835608	330.907933	210.835490	330.842941	-0.050179	-0.018452	1.353861	1.539589
3547666334.789531	188.239082	320.238111	41.197950	191.386340	328.669883	185.091825	311.806340	-0.055396	-0.023139	1.348974	1.534702
3547666335.477015	176.367741	307.558099	48.251778	184.499322	311.415221	168.236160	303.700977	-0.044998	-0.013795	1.358749	1.544477
3547666336.211532	164.423758	293.345702	54.209019	170.892138	299.603502	157.955379	287.087901	-0.060652	-0.000000	1.344086	1.559140
3547666336.901018	154.251767	277.588812	59.806983	155.299883	286.527573	153.203650	268.650050	-0.060652	-0.027855	1.344086	1.529814
3547666337.604520	145.794436	260.785274	65.895899	145.097219	269.758227	146.491653	251.812321	-0.055396	-0.018452	1.348974	1.539589
3547666338.261980	139.759398	243.467247	74.038803	148.559087	241.579000	130.959709	245.355494	-0.060652	0.004541	1.344086	1.564027
3547666338.945461	135.758874	225.929943	83.772316	127.948996	230.402728	143.568751	221.457157	-0.050179	-0.004570	1.353861	1.554252
3547666339.604926	134.717282	207.752978	91.740936	140.054063	214.999961	129.380501	200.505994	-0.050179	-0.009168	1.353861	1.549365
3547666340.296414	136.109729	189.677773	98.357986	143.526643	194.775752	128.692815	184.579794	-0.014683	0.009054	1.388074	1.568915
3547666341.715415	146.325047	153.265897	112.340622	152.503867	146.722031	140.146226	159.809762	0.158728	0.322523	1.583578	2.003910
3547666342.405903	154.008824	136.543154	116.831505	159.035325	144.008693	148.982322	129.077614	0.188396	0.418422	1.622678	2.189638
3547666343.761866	167.689430	109.540107	112.448074	173.130813	102.371331	162.248047	116.708883	0.220109	0.485386	1.666667	2.341153
3547666344.452345	172.503128	96.322462	105.980656	179.165695	90.271826	165.840560	102.373098	0.240336	0.497358	1.695992	2.370479
3547666345.119817	174.416576	83.362507	97.502670	175.434079	92.304805	173.399074	74.420210	0.240336	0.493401	1.695992	2.360704
3547666345.774278	176.175803	71.031734	86.085709	184.752035	73.760881	167.599571	68.302587	0.243640	0.479287	1.700880	2.326491
3547666347.155254	171.314114	47.169503	70.786594	162.359762	48.074806	180.268467	46.264199	0.220109	0.458389	1.666667	2.277615
3547666347.857750	166.360391	35.065063	62.491520	169.364602	26.581272	163.356181	43.548855	0.209726	0.436575	1.652004	2.228739
3547666348.532227	159.681931	24.511293	54.511881	167.722324	28.555064	151.641539	20.467521	0.192005	0.429843	1.627566	2.214076
3547666349.200699	152.322042	15.568336	46.410448	146.432082	22.373361	158.212002	8.763310	0.181114	0.416107	1.612903	2.184751
3547666351.254145	149.833305	24.407454	264.062195	148.324752	15.534784	151.341857	33.280124	0.154917	0.362426	1.578690	2.077224
3547666351.916615	152.667173	37.784474	254.205719	150.324881	46.474334	155.009465	29.094614	0.143338	0.354673	1.564027	2.062561
3547666352.590086	157.095823	50.539912	245.055237	156.996737	41.540457	157.194910	59.539366	0.158728	0.349442	1.583578	2.052786
3547666353.940040	173.619626	75.559798	226.715469	169.141471	67.752998	178.097781	83.366598	0.195591	0.325274	1.632454	2.008798
3547666354.643536	183.340678	84.692799	217.928658	191.587459	88.297047	175.093897	81.088551	0.220109	0.341502	1.666667	2.038123
3547666355.314011	194.573364	93.473812	215.063736	185.655689	92.259282	203.491038	94.688343	0.230311	0.333447	1.681329	2.023460
3547666356.014502	206.556482	101.169767	211.576263	214.534274	105.335681	198.578691	97.003853	0.216668	0.316981	1.661779	1.994135
3547666356.668967	219.334661	108.578182	207.669678	216.464613	100.048069	222.204709	117.108294	0.230311	0.322523	1.681329	2.003910
3547666358.686387	259.452159	125.618199	197.889877	259.178063	134.614024	259.726256	116.622374	0.206223	0.288434	1.647116	1.945259
3547666359.372873	272.457582	129.763988	194.186584	277.480973	122.296355	267.434190	137.231621	0.188396	0.270607	1.622678	1.915934
3547666360.043345	286.035392	133.362327	182.451141	283.906845	124.617655	288.163939	142.106999	0.184766	0.273616	1.617791	1.920821
3547666361.422318	287.619754	131.591807	56.103249	291.497279	123.469936	283.742228	139.713679	0.173743	0.258417	1.603128	1.896383
3547666362.744250	274.074523	110.701009	57.848709	265.402400	108.293878	282.746646	113.108140	0.131541	0.230046	1.549365	1.852395
3547666363.408719	266.455959	98.826860	54.683277	275.068239	101.440025	257.843679	96.213695	0.131541	0.220288	1.549365	1.837732
3547666364.099207	257.986312	87.269246	51.382999	249.895169	83.328001	266.077455	91.210490	0.143338	0.210372	1.564027	1.823069
3547666364.771681	247.641457	75.575577	47.747826	252.899562	82.879845	242.383351	68.271309	0.098961	0.196900	1.510264	1.803519
3547666366.263733	226.295398	54.205866	42.300091	235.239601	55.206483	217.351195	53.205248	0.094769	0.183134	1.505376	1.783969
3547666366.933207	213.420305	42.779915	39.333298	204.438381	43.350039	222.402229	42.209791	0.086304	0.210372	1.495601	1.823069
3547666367.615686	201.162514	33.045957	38.043617	198.122933	24.574774	204.202094	41.517141	0.094769	0.203673	1.505376	1.813294
3547666368.293164	188.709132	24.166938	35.948957	197.564757	25.772520	179.853506	22.561357	0.094769	0.196900	1.505376	1.803519
3547666368.960637	176.253749	15.962250	32.093768	170.609730	8.951897	181.897768	22.972603	0.107263	0.213695	1.520039	1.827957
3547666371.012089	170.333125	17.392271	246.265320	161.877856	14.308698	178.788394	20.475844	0.111374	0.233265	1.524927	1.857283
3547666371.691562	176.662409	30.974368	242.788521	183.632693	36.667797	169.692124	25.280939	0.154917	0.245972	1.578690	1.876833
3547666372.372049	184.174124	44.161294	238.916992	182.776252	35.270515	185.571997	53.052073	0.177440	0.264543	1.608016	1.906158
3547666373.061530	192.280447	56.537273	233.300720	185.682577	50.416153	198.878316	62.658394	0.202700	0.291353	1.642229	1.950147
3547666374.372454	212.450747	79.936089	224.795013	221.319271	78.403348	203.582224	81.468830	0.250190	0.311384	1.710655	1.984360
3547666375.010904	222.663332	89.915475	224.467773	231.553900	91.314688	213.772764	88.516262	0.266243	0.328011	1.735093	2.013685
3547666375.672371	233.447888	99.879273	221.950073	225.414790	103.937516	241.480986	95.821030	0.263069	0.328011	1.730205	2.013685
3547666376.362858	243.409147	109.068281	220.888733	235.948500	104.034522	250.869795	114.102041	0.250190	0.311384	1.710655	1.984360
3547666377.684791	266.185954	128.036666	217.581940	272.717225	134.228798	259.654682	121.844534	0.237014	0.294258	1.691105	1.955034
3547666378.327244	277.626150	136.235702	213.949982	274.780692	127.697355	280.471608	144.774049	0.250190	0.294258	1.710655	1.955034
3547666379.023737	285.615125	141.342820	185.377975	285.831184	150.340227	285.399066	132.345414	0.237014	0.282552	1.691105	1.935484
3547666379.715226	286.851277	141.018596	121.629410	279.842341	146.664374	293.860213	135.372817	0.220109	0.276610	1.666667	1.925709
3547666380.375697	286.134856	138.184325	73.959137	295.056905	137.002363	277.212806	139.366287	0.220109	0.267583	1.666667	1.911046
3547666381.025147	283.303808	127.084405	78.079758	279.307802	135.148643	287.299814	119.020167	0.177440	0.273616	1.608016	1.920821
3547666382.407123	278.308089	100.386096	77.638657	271.251664	105.972406	285.364515	94.799786	0.181114	0.242820	1.612903	1.871945
3547666383.098611	274.903002	85.057568	76.670166	266.301931	82.407741	283.504073	87.707395	0.154917	0.252226	1.578690	1.886608
3547666384.451566	266.876225	54.443764	73.942413	275.816793	53.411169	257.935658	55.476359	0.123551	0.220288	1.539589	1.837732
3547666385.114034	262.973427	41.085910	72.048279	261.111795	49.891268	264.835060	32.280552	0.139430	0.233265	1.559140	1.857283
3547666385.804519	257.864015	26.064733	68.282341	264.521757	20.008787	251.206273	32.120678	0.139430	0.220288	1.559140	1.837732
3547666388.483411	244.933533	20.497146	298.988831	249.541664	28.227937	240.325402	12.766355	0.090550	0.186603	1.500489	1.788856
3547666389.180902	238.971212	32.024788	298.755005	241.662712	40.612910	236.279712	23.436667	0.103125	0.186603	1.515152	1.788856
3547666389.887400	231.416740	45.856536	296.886536	222.416904	45.910804	240.416577	45.802267	0.103125	0.200296	1.515152	1.808407
3547666391.247362	218.167246	73.119607	294.451324	224.978337	67.236662	211.356155	79.002552	0.111374	0.203673	1.524927	1.813294
3547666391.942850	212.140129	88.431720	290.411072	203.295777	86.765156	220.984481	90.098284	0.123551	0.196900	1.539589	1.803519
3547666392.589308	207.322669	102.805259	286.255524	210.582177	111.194276	204.063162	94.416242	0.192005	0.217000	1.627566	1.832845
3547666393.995298	200.142240	134.025152	280.686920	208.101702	138.225981	192.182778	129.824322	0.342926	0.279589	1.862170	1.930596
3547666394.710804	197.097138	150.193882	281.759277	204.591914	145.211078	189.602363	155.176687	0.397621	0.394799	1.964809	2.140762
3547666395.400290	193.759326	164.050187	286.475311	198.769415	171.526751	188.749237	156.573623	0.449110	0.542424	2.072336	2.487781
3547666396.747241	184.912038	188.712854	293.224838	192.748771	193.138419	177.075306	184.287288	0.487424	0.666118	2.160313	2.878788
3547666397.402704	180.996465	198.600424	290.602875	171.996603	198.650412	189.996326	198.550436	0.485378	0.663437	2.155425	2.869013
3547666398.054161	177.788496	208.471673	283.274338	173.230941	200.710958	182.346051	216.232388	0.483322	0.668782	2.150538	2.888563
3547666398.737644	176.809360	217.417998	272.999329	173.984821	225.963288	179.633899	208.872708	0.470788	0.676665	2.121212	2.917889
3547666399.401113	176.664316	227.519257	268.921478	185.220628	224.728287	168.108003	230.310227	0.462238	0.683114	2.101662	2.942326
3547666400.757071	181.306601	243.080740	243.159607	189.867043	245.859020	172.746160	240.302459	0.426384	0.667452	2.023460	2.883675
3547666401.443552	186.285836	252.196931	234.592636	178.584951	256.854868	193.986721	247.538995	0.424051	0.658019	2.018573	2.849462
3547666402.101017	192.963420	258.866653	222.671219	189.609599	267.218413	196.317240	250.514893	0.397621	0.641309	1.964809	2.790811
3547666402.768489	200.953298	265.729030	214.862366	192.458740	262.755398	209.447856	268.702661	0.380036	0.628308	1.930596	2.746823
3547666403.447972	209.738181	270.617346	204.499252	212.361124	279.226653	207.115239	262.008039	0.369704	0.620904	1.911046	2.722385
3547666404.124444	220.121937	274.651235	195.797806	212.457390	269.933745	227.786484	279.368726	0.348394	0.605690	1.871945	2.673509
3547666404.777906	230.428808	276.299827	184.112427	221.912261	279.209883	238.945355	273.389771	0.331817	0.583431	1.842620	2.605083
3547666405.458385	242.353652	276.152015	173.601524	248.896564	282.331846	235.810740	269.972185	0.314705	0.568494	1.813294	2.561095
3547666406.311986	253.285198	273.507322	159.149643	245.383566	277.815942	261.186831	269.198702	0.284920	0.545988	1.764418	2.497556
3547666407.006478	264.040470	268.659891	151.103851	261.317203	260.081790	266.763738	277.237992	0.281850	0.524173	1.759531	2.438905
3547666407.697965	276.396925	259.227043	137.419098	282.921581	253.027941	269.872270	265.426145	0.263069	0.516667	1.730205	2.419355
3547666408.379446	284.291492	250.377183	121.842247	278.633290	257.376093	289.949695	243.378273	0.240336	0.512868	1.695992	2.409580
3547666409.066931	285.496691	247.848267	78.771606	287.564172	256.607577	283.429210	239.088956	0.240336	0.485386	1.695992	2.341153
3547666409.749413	285.495276	247.853035	78.611473	286.139635	256.829938	284.850917	238.876131	0.209726	0.477237	1.652004	2.321603
3547666410.420886	285.487468	247.740776	79.085670	290.159803	255.432934	280.815133	240.048618	0.213207	0.454102	1.656891	2.267840
3547666411.087361	284.658150	243.648812	76.924492	275.667071	243.248191	293.649229	244.049432	0.199156	0.449777	1.637341	2.258065
3547666412.455322	275.441580	220.763644	63.205662	272.155106	212.385154	278.728054	229.142133	0.192005	0.406744	1.627566	2.165200
3547666413.134800	269.335813	209.107808	58.748894	262.060542	214.405962	276.611083	203.809654	0.162517	0.406744	1.588465	2.165200
3547666413.805275	261.128799	196.645367	54.346951	268.396160	201.954365	253.861437	191.336370	0.147222	0.372596	1.568915	2.096774
3547666414.491775	252.822741	187.067273	44.717613	246.785347	180.392705	258.860136	193.741842	0.151081	0.364987	1.573803	2.082111
3547666415.851719	230.439241	169.177381	30.923489	234.694221	161.246735	226.184261	177.108027	0.139430	0.333447	1.559140	2.023460
3547666416.510181	217.813043	162.714140	23.400539	226.696065	164.160490	208.930022	161.267790	0.147222	0.346808	1.568915	2.047898
3547666417.173651	203.482271	157.534011	14.317019	194.627439	159.143963	212.337103	155.924059	0.184766	0.385045	1.617791	2.121212
3547666417.882152	189.842831	155.038499	6.483262	188.054130	146.218037	191.631532	163.858961	0.240336	0.401998	1.695992	2.155425
3547666418.521603	175.633573	154.402134	358.246490	174.690953	145.451633	176.576192	163.352635	0.266243	0.420727	1.735093	2.194526
3547666419.247112	162.887757	155.569405	351.017792	169.593061	149.566164	156.182453	161.572646	0.300016	0.454102	1.788856	2.267840
3547666419.923590	149.185842	157.655913	348.268646	145.286246	165.767211	153.085438	149.544615	0.345667	0.466855	1.867058	2.297165
3547666420.629088	136.990319	160.947182	343.307541	143.892101	166.723461	130.088537	155.170902	0.348394	0.481329	1.871945	2.331378
3547666421.265535	124.605656	164.706283	338.661697	129.910207	157.435676	119.301105	171.976891	0.359159	0.483362	1.891496	2.336266
3547666421.939012	112.808795	170.290174	337.542908	121.666110	171.886408	103.951479	168.693941	0.364459	0.483362	1.901271	2.336266
3547666423.909407	83.092798	187.369871	324.779724	91.466986	190.667291	74.718610	184.072451	0.326174	0.468949	1.832845	2.302053
3547666424.615901	73.257939	194.316024	321.833954	64.402209	192.711017	82.113669	195.921031	0.329003	0.456250	1.837732	2.272727
3547666425.297381	64.233219	201.665703	321.415497	56.793784	196.600645	71.672654	206.730761	0.317595	0.445414	1.818182	2.248289
3547666425.988870	54.514529	209.829699	318.387512	62.480200	214.018742	46.548857	205.640656	0.308877	0.441014	1.803519	2.238514
3547666426.638327	45.571457	217.262053	319.731049	51.447524	210.445029	39.695389	224.079078	0.297029	0.420727	1.783969	2.194526
3547666427.292789	37.729156	224.466803	316.553314	31.610600	231.067051	43.847712	217.866554	0.275660	0.399609	1.749756	2.150538
3547666428.628733	21.922693	241.022572	309.399811	12.932659	240.599138	30.912727	241.446006	0.263069	0.389944	1.730205	2.130987
3547666429.296206	18.598441	245.291434	274.309326	26.126452	250.223882	11.070430	240.358985	0.243640	0.364987	1.700880	2.082111
3547666429.945662	18.608035	245.481040	218.707718	27.008615	242.251449	10.207455	248.710630	0.230311	0.352064	1.681329	2.057674
3547666431.352653	35.305435	245.639253	178.565674	30.950322	253.515356	39.660548	237.763151	0.213207	0.330735	1.656891	2.018573
3547666432.675587	59.087079	244.134409	179.705688	64.425004	251.380550	53.749153	236.888269	0.192005	0.311384	1.627566	1.984360
3547666433.332050	70.369729	244.266069	183.315552	62.335931	240.209214	78.403528	248.322925	0.166282	0.297148	1.593353	1.959922
3547666433.987514	84.142403	244.874825	180.616394	93.139550	245.101453	75.145257	244.648198	0.166282	0.288434	1.593353	1.945259
3547666434.634970	99.511192	244.831987	177.641434	90.601077	246.100785	108.421307	243.563189	0.154917	0.273616	1.578690	1.920821
3547666435.312447	114.275805	243.388277	173.466492	119.927211	250.392676	108.624399	236.383878	0.287972	0.302885	1.769306	1.969697
3547666435.987924	128.747959	239.606844	165.329361	120.443578	243.076319	137.052340	236.137369	0.395147	0.294258	1.959922	1.955034
3547666440.086818	210.565226	239.401333	210.589813	211.491532	248.353538	209.638920	230.449129	0.446886	0.267583	2.067449	1.911046
3547666440.769298	220.908150	247.058765	222.321411	214.895150	253.755319	226.921150	240.362212	0.435605	0.270607	2.043011	1.915934
3547666441.431764	229.093544	256.139098	233.694763	220.651256	253.020158	237.535831	259.258038	0.419351	0.261488	2.008798	1.901271
3547666442.091230	235.853431	267.364917	245.433403	232.438596	259.037918	239.268267	275.691915	0.414605	0.255329	1.999022	1.891496
3547666442.783719	239.529217	280.280518	259.438049	230.824017	282.565140	248.234417	277.995896	0.387648	0.252226	1.945259	1.886608
3547666443.549259	240.432984	293.446445	273.685730	243.663756	301.846571	237.202212	285.046319	0.382586	0.255329	1.935484	1.891496
3547666444.212726	238.357358	306.290669	284.532471	229.571024	308.240114	247.143692	304.341224	0.364459	0.236467	1.901271	1.862170
3547666444.869191	232.992301	319.126855	299.473877	240.673376	323.817386	225.311226	314.436323	0.353804	0.233265	1.881720	1.857283
3547666445.520648	225.618787	329.554469	311.155426	226.854649	338.469212	224.382924	320.639726	0.331817	0.223558	1.842620	1.842620
3547666446.200129	216.753981	337.865262	323.114502	212.681685	345.891245	220.826277	329.839279	0.311799	0.223558	1.808407	1.842620
3547666447.556084	194.527574	349.580393	342.811981	197.852330	357.943765	191.202818	341.217021	0.287972	0.207031	1.769306	1.818182
3547666448.985094	167.785830	352.027495	6.080791	169.594968	343.211202	165.976692	360.843788	0.243640	0.190054	1.700880	1.793744
3547666449.721613	152.738313	349.136111	17.001549	161.394715	351.599178	144.081910	346.673045	0.240336	0.179645	1.695992	1.779081
3547666450.414101	137.868204	343.059909	26.895118	129.032863	344.773603	146.703546	341.346215	0.233672	0.176136	1.686217	1.774194
3547666451.074566	125.308688	335.490380	34.642668	126.074099	344.457774	124.543276	326.522987	0.206223	0.161908	1.647116	1.754643
3547666451.882139	113.274754	326.226286	41.618294	119.588826	332.639748	106.960682	319.812824	0.192005	0.154674	1.627566	1.744868
3547666453.226086	93.456578	301.202612	59.997780	96.180836	309.780398	90.732319	292.624826	0.170024	0.143671	1.598240	1.730205
3547666453.876544	85.656015	286.840437	67.454643	94.619913	287.645747	76.692116	286.035126	0.166282	0.139961	1.593353	1.725318
3547666454.532006	81.221451	271.691633	73.401924	89.418931	275.406646	73.023971	267.976621	0.143338	0.136230	1.564027	1.720430
3547666455.198478	78.085359	256.935206	80.819588	84.916625	251.075701	71.254092	262.794711	0.151081	0.124910	1.573803	1.705767
3547666455.936996	77.142031	241.667159	89.628723	68.181201	242.505932	86.102860	240.828385	0.151081	0.139961	1.573803	1.725318
3547666457.305963	81.867359	207.621418	104.624321	89.197318	212.843648	74.537399	202.399188	0.123551	0.132479	1.539589	1.715543
3547666457.971433	87.030283	190.806923	109.110138	80.294931	196.776431	93.765635	184.837415	0.127558	0.105605	1.544477	1.681329
3547666459.358413	100.099735	158.960273	114.254036	91.860411	155.339011	108.339059	162.581535	0.127558	0.124910	1.544477	1.705767
3547666460.085925	107.518468	142.834496	114.987450	98.973420	145.659766	116.063516	140.009225	0.119518	0.143671	1.534702	1.730205
3547666460.745389	114.632500	127.642841	115.085663	106.405664	131.292384	122.859336	123.993298	0.127558	0.147359	1.544477	1.735093
3547666461.485913	122.266100	111.343204	114.947556	113.615169	113.825420	130.917031	108.860989	0.139430	0.158301	1.559140	1.749756
3547666462.193413	129.059414	96.710596	115.347176	122.055851	102.363038	136.062976	91.058153	0.154917	0.158301	1.578690	1.749756
3547666462.874896	137.315513	80.087722	116.202980	136.992049	89.081907	137.638977	71.093536	0.158728	0.176136	1.583578	1.774194
3547666464.199830	153.558977	50.450990	119.287048	154.399005	41.490278	152.718949	59.411701	0.202700	0.172609	1.642229	1.769306
3547666464.867299	162.017040	35.979244	120.725491	153.245556	33.964036	170.788525	37.994453	0.184766	0.190054	1.617791	1.793744
3547666465.537774	169.711344	23.411523	122.322727	167.928733	32.233218	171.493954	14.589828	0.202700	0.193487	1.642229	1.798631
3547666468.259691	185.641081	23.709588	256.441704	193.923947	20.189058	177.358215	27.230118	0.230311	0.249107	1.681329	1.881720
3547666468.956182	187.657146	38.531443	268.156540	195.762610	42.443150	179.551682	34.619736	0.243640	0.217000	1.700880	1.832845
3547666469.640665	186.401390	51.803691	277.883209	177.499434	50.478858	195.303346	53.128525	0.240336	0.252226	1.695992	1.886608
3547666470.968601	180.038901	79.307231	290.135361	171.982275	75.295902	188.095528	83.318561	0.237014	0.242820	1.691105	1.871945
3547666471.672098	174.096097	91.758262	300.919968	179.705596	84.720257	168.486598	98.796268	0.230311	0.230046	1.681329	1.852395
3547666472.307548	166.353814	103.133408	309.728897	157.709359	105.638082	174.998270	100.628734	0.240336	0.230046	1.695992	1.852395
3547666473.005040	156.020433	113.619373	318.509964	164.438133	116.804074	147.602733	110.434671	0.240336	0.226811	1.695992	1.847507
3547666474.368000	132.871543	128.505429	335.977142	131.319890	137.370663	134.423196	119.640195	0.240336	0.223558	1.695992	1.842620
3547666475.006450	119.048624	133.997536	344.686310	126.035933	128.325013	112.061316	139.670059	0.233672	0.230046	1.686217	1.852395
3547666475.670920	105.631669	136.523034	352.825562	98.222052	131.414455	113.041285	141.631613	0.223529	0.226811	1.671554	1.847507
3547666476.315375	92.538083	137.270128	0.269527	90.141601	128.595056	94.934565	145.945200	0.223529	0.220288	1.671554	1.837732
3547666476.994853	78.827771	136.207139	8.428165	71.271048	141.095485	86.384494	131.318792	0.213207	0.220288	1.656891	1.837732
3547666477.707355	66.463655	133.503882	16.593067	73.429482	139.202764	59.497828	127.805000	0.206223	0.203673	1.647116	1.813294
3547666478.380833	53.569865	128.496292	24.670559	57.582988	120.440558	49.556742	136.552025	0.188396	0.196900	1.622678	1.803519
3547666479.775818	31.009669	113.293802	42.046619	39.417163	116.505348	22.602174	110.082255	0.177440	0.193487	1.608016	1.798631
3547666480.474310	19.988198	102.395996	49.931690	22.936853	93.892736	17.039544	110.899257	0.173743	0.190054	1.603128	1.793744
3547666481.138780	18.080066	98.953882	91.447205	21.090083	107.435615	15.070049	90.472148	0.188396	0.196900	1.622678	1.803519
3547666481.821259	19.876038	97.037513	166.869904	23.092726	105.443043	16.659351	88.631984	0.147222	0.176136	1.568915	1.774194
3547666482.540765	27.402357	97.581531	191.141434	23.121386	105.498177	31.683329	89.664885	0.143338	0.161908	1.564027	1.754643
3547666483.208237	40.390955	102.238559	205.349808	48.592116	105.945436	32.189793	98.531681	0.135498	0.165495	1.554252	1.759531
3547666483.895723	53.567862	110.214578	218.208679	62.489555	111.399223	44.646168	109.029934	0.135498	0.161908	1.554252	1.754643
3547666485.236670	76.648463	132.951262	229.017120	73.824683	141.496803	79.472242	124.405721	0.127558	0.139961	1.544477	1.725318
3547666485.941166	86.087436	145.553391	236.393524	92.378932	151.989002	79.795941	139.117780	0.123551	0.139961	1.539589	1.725318
3547666486.674684	93.832132	159.985307	245.415665	90.565532	151.599048	97.098731	168.371565	0.111374	0.132479	1.524927	1.715543
3547666488.009625	103.093081	191.347537	261.228302	107.218022	199.346591	98.968139	183.348484	0.103125	0.147359	1.515152	1.735093
3547666488.691112	104.324767	206.836871	269.211090	111.727705	201.718617	96.921830	211.955124	0.111374	0.132479	1.524927	1.715543
3547666489.364580	103.389208	222.218153	277.557281	95.380100	218.112769	111.398317	226.323537	0.115459	0.147359	1.529814	1.735093
3547666490.707529	96.660392	251.055359	289.709991	90.977024	244.076869	102.343760	258.033850	0.127558	0.136230	1.544477	1.720430
3547666491.401020	89.872739	265.249301	297.777191	84.254912	272.280661	95.490566	258.217941	0.094769	0.151027	1.505376	1.739980
3547666492.131534	82.038123	277.461016	305.913086	90.354765	280.900999	73.721482	274.021034	0.090550	0.158301	1.500489	1.749756
3547666492.843034	72.055786	289.027938	313.918823	74.198974	280.286843	69.912597	297.769033	0.119518	0.132479	1.534702	1.715543
3547666493.479483	61.568584	299.688017	318.718063	70.462637	301.064907	52.674531	298.311126	0.111374	0.151027	1.524927	1.739980
3547666495.522925	26.772855	320.765116	338.449890	33.487342	314.772148	20.058368	326.758084	0.098961	0.132479	1.510264	1.715543
3547666496.222417	16.792202	324.436207	322.850922	10.769468	331.124008	22.814935	317.748406	0.107263	0.161908	1.520039	1.754643
3547666496.873880	16.467337	324.804907	251.690231	13.273137	316.390807	19.661537	333.219007	0.119518	0.158301	1.534702	1.749756
3547666497.562366	18.678730	325.921147	208.570541	10.210178	322.874242	27.147282	328.968051	0.107263	0.176136	1.520039	1.774194
3547666498.259857	29.970387	331.607179	205.105759	37.032822	337.185890	22.907952	326.028469	0.115459	0.151027	1.529814	1.739980
3547666498.960350	44.128256	339.181663	207.317886	44.373285	330.184999	43.883228	348.178327	0.098961	0.139961	1.510264	1.725318
3547666499.631830	58.530880	347.501977	210.687790	60.328448	356.320636	56.733312	338.683318	0.094769	0.147359	1.505376	1.735093
3547666500.306306	71.876943	356.116846	215.172455	62.880137	355.877097	80.873749	356.356595	0.090550	0.143671	1.500489	1.730205
3547666501.606217	99.303139	375.576608	216.264755	94.947786	383.452578	103.658492	367.700638	0.073396	0.143671	1.480938	1.730205
3547666502.297705	113.022053	386.288649	218.718689	121.386696	382.967091	104.657410	389.610206	0.098961	0.117255	1.510264	1.695992
3547666502.944161	125.492672	397.322774	222.193878	118.676787	403.200164	132.308557	391.445384	0.094769	0.128705	1.505376	1.710655
3547666503.627645	137.852407	410.136639	227.927742	128.970646	411.590709	146.734169	408.682569	0.082030	0.117255	1.490714	1.695992
3547666505.072663	159.245232	437.224027	233.527176	151.441472	432.740576	167.048992	441.707478	0.069037	0.121094	1.476051	1.700880
3547666505.743135	169.249444	451.570804	237.404282	178.044078	449.659152	160.454810	453.482457	0.064649	0.117255	1.471163	1.695992
3547666506.412611	178.666237	466.984442	240.879990	170.984835	471.674437	186.347640	462.294447	0.069037	0.089752	1.476051	1.661779
3547666507.841617	192.580351	496.449303	250.460373	199.442100	490.625524	185.718603	502.273083	0.046800	0.101676	1.451613	1.676442
3547666509.827018	206.418482	545.789605	257.287659	209.274676	537.254843	203.562288	554.324366	0.028463	0.073521	1.432063	1.642229
3547666511.358098	213.118096	579.016075	259.451294	204.443918	581.415790	221.792274	576.616359	0.033094	0.061092	1.436950	1.627566
3547666513.401553	222.367937	575.113492	111.240997	231.003519	577.648589	213.732354	572.578395	0.028463	0.061092	1.432063	1.627566
3547666514.070010	228.552348	559.818573	111.249321	237.208732	562.281703	219.895964	557.355443	0.028463	0.048437	1.432063	1.612903
3547666514.773515	235.589280	542.551317	111.635345	244.536058	541.573992	226.642502	543.528642	0.009619	0.061092	1.412512	1.627566
3547666515.466995	242.329395	525.546505	111.451683	251.304191	526.219582	233.354599	524.873429	0.014379	0.061092	1.417400	1.627566
3547666516.177496	249.296447	506.515565	107.281418	245.242410	498.480344	253.350483	514.550787	0.004826	0.073521	1.407625	1.642229
3547666516.890000	254.412174	487.935068	103.795128	255.512547	496.867547	253.311802	479.002589	0.014379	0.048437	1.417400	1.612903
3547666517.599499	258.553447	470.026054	100.692390	257.106919	461.143062	259.999975	478.909047	-0.000000	0.044168	1.402737	1.608016
3547666518.257968	261.394176	451.316847	97.218208	259.861211	460.185332	262.927141	442.448363	-0.029679	0.048437	1.373412	1.612903
3547666518.900423	263.193288	433.456467	94.885399	257.835731	426.224830	268.550846	440.688104	0.004826	0.048437	1.407625	1.612903
3547666519.576894	264.355379	415.387280	92.687157	273.354913	415.295721	255.355844	415.478839	-0.019646	0.031202	1.383187	1.593353
3547666520.892825	264.781440	378.723758	88.140495	263.206482	369.862635	266.356397	387.584882	-0.029679	0.044168	1.373412	1.608016
3547666521.540280	264.214445	360.079721	88.892441	257.011469	354.683691	271.417421	365.475751	-0.009754	0.039872	1.392962	1.603128
3547666522.248780	264.087204	343.093815	89.247200	255.458367	340.535854	272.716041	345.651776	-0.014683	0.039872	1.388074	1.603128
3547666522.934266	264.122255	323.743066	90.030632	256.203569	328.020263	272.040942	319.465870	-0.014683	0.026827	1.388074	1.588465
3547666523.670784	263.934096	302.374590	86.948814	271.583122	297.631975	256.285070	307.117205	-0.029679	0.022425	1.373412	1.583578
3547666524.377282	262.474086	282.899046	83.239311	253.474835	282.783002	271.473338	283.015089	-0.014683	0.035550	1.388074	1.598240
3547666525.073773	259.364678	260.772586	80.111603	268.364674	260.763674	250.364683	260.781497	-0.014683	0.017995	1.388074	1.578690
3547666525.793282	255.540926	244.672079	79.231438	261.281007	251.603996	249.800845	237.740162	-0.009754	0.026827	1.392962	1.588465
3547666527.198273	251.256354	210.860894	78.426285	250.236763	219.802954	252.275944	201.918834	-0.000000	0.035550	1.402737	1.598240
3547666529.315765	234.364225	156.643725	69.318657	232.544295	147.829654	236.184154	165.457797	-0.000000	0.035550	1.402737	1.598240
3547666529.983236	226.937809	138.524821	66.057098	227.689805	147.493349	226.185812	129.556292	0.009619	0.035550	1.412512	1.598240
3547666531.291160	211.255738	107.214024	61.393330	220.177121	106.027036	202.334356	108.401011	0.077727	0.113394	1.485826	1.691105
3547666531.947622	203.383483	92.505848	60.008305	206.197868	101.054488	200.569098	83.957209	0.090550	0.101676	1.500489	1.676442
3547666532.642113	194.907684	77.092376	60.208138	199.363014	84.912225	190.452353	69.272528	0.115459	0.128705	1.529814	1.710655
3547666534.020084	178.367612	45.141051	63.175436	175.335846	36.667068	181.399377	53.615035	0.147222	0.154674	1.568915	1.744868
3547666534.741595	171.141906	30.233444	65.386703	166.159047	37.728182	176.124766	22.738705	0.162517	0.165495	1.588465	1.759531
3547666535.458100	164.194058	15.201079	66.723804	170.331169	21.784078	158.056947	8.618080	0.166282	0.179645	1.593353	1.779081
3547666541.670483	167.205340	18.341874	295.511627	165.400404	9.524720	169.010277	27.159028	0.209726	0.226811	1.652004	1.847507
3547666542.323945	159.485324	29.387371	310.974396	159.095953	38.378944	159.874695	20.395798	0.202700	0.213695	1.642229	1.827957
3547666543.000420	149.169025	39.160398	323.884735	151.834655	47.756585	146.503396	30.564212	0.202700	0.210372	1.642229	1.823069
3547666543.663887	138.172884	46.055685	332.826904	139.801121	37.204196	136.544647	54.907173	0.202700	0.239652	1.642229	1.867058
3547666544.309351	125.360667	51.137815	343.337708	132.433533	56.703294	118.287801	45.572335	0.206223	0.223558	1.647116	1.842620
3547666545.006836	112.753965	54.420496	351.173279	118.448708	47.451284	107.059222	61.389707	0.230311	0.245972	1.681329	1.876833
3547666545.682312	98.772384	55.179700	2.560485	93.831830	62.702394	103.712938	47.657005	0.250190	0.276610	1.710655	1.925709
3547666546.367797	85.888316	53.751313	12.478915	86.674411	44.785709	85.102220	62.716917	0.266243	0.308565	1.735093	1.979472
3547666547.158354	73.112091	50.072581	19.707830	66.301650	44.188884	79.922532	55.956279	0.297029	0.357270	1.783969	2.067449
3547666547.851843	62.113652	44.991604	28.228018	61.696956	53.981952	62.530347	36.001255	0.311799	0.385045	1.808407	2.121212
3547666548.482287	50.613714	37.905315	40.473427	47.382030	46.305090	53.845398	29.505540	0.329003	0.394799	1.837732	2.140762
3547666549.136748	42.556555	30.037095	48.018108	49.574036	35.672250	35.539075	24.401940	0.337401	0.406744	1.852395	2.165200
3547666549.818231	35.683841	21.182698	55.966225	40.634434	13.666606	30.733249	28.698789	0.331817	0.387500	1.842620	2.126100
3547666557.126386	45.145245	25.645411	236.009491	48.567290	33.969449	41.723200	17.321373	0.275660	0.359854	1.749756	2.072336
3547666557.820878	52.107364	36.970661	240.063385	43.429722	34.583500	60.785005	39.357823	0.287972	0.372596	1.769306	2.096774
3547666558.547389	59.068528	49.143553	243.053360	67.286069	52.813978	50.850987	45.473128	0.308877	0.377610	1.803519	2.106549
3547666559.927361	71.962505	75.922922	243.062088	80.211768	79.521485	63.713242	72.324360	0.412214	0.409101	1.994135	2.170088
3547666560.595834	78.202249	89.011568	244.830917	80.107510	80.215547	76.296988	97.807589	0.475004	0.427579	2.130987	2.209189
3547666561.257301	83.985719	101.308529	247.572342	78.804289	108.667386	89.167150	93.949672	0.487424	0.423021	2.160313	2.199413
3547666561.915764	88.019329	112.153802	250.232697	96.018511	108.029110	80.020147	116.278494	0.497520	0.427579	2.184751	2.209189
3547666563.285733	92.597429	136.169628	267.474701	96.425390	144.314977	88.769468	128.024279	0.499512	0.436575	2.189638	2.228739
3547666563.984225	91.862635	148.144820	277.939178	82.900507	147.320036	100.824763	148.969603	0.495519	0.441014	2.179863	2.238514
3547666564.802802	89.125272	159.699282	287.580048	98.055812	158.583284	80.194731	160.815280	0.511280	0.456250	2.218964	2.272727
3547666565.568344	83.814115	171.491904	300.495361	91.824887	167.389767	75.803342	175.594041	0.539382	0.489410	2.292278	2.350929
3547666566.934306	68.513224	190.452656	316.977356	65.652224	198.985807	71.374224	181.919504	0.532065	0.535210	2.272727	2.468231
3547666567.634799	60.008872	197.330997	326.873322	58.684529	188.428969	61.333216	206.233026	0.522740	0.533389	2.248289	2.463343
3547666568.303273	50.782070	202.603409	331.822357	59.125511	199.228947	42.438629	205.977870	0.513211	0.529725	2.223851	2.453568
3547666568.956732	42.101130	206.391728	341.300171	33.948303	210.203738	50.253956	202.579717	0.493509	0.516667	2.174976	2.419355
3547666569.664232	33.518684	208.993051	342.625977	35.239420	217.827023	31.797948	200.159078	0.481257	0.514771	2.145650	2.414467
3547666570.324698	24.054333	211.520430	347.740295	16.597504	216.559844	31.511163	206.481016	0.455720	0.497358	2.086999	2.370479
3547666571.029195	18.713962	212.913231	317.295532	18.666030	221.913103	18.761894	203.913358	0.451324	0.493401	2.077224	2.360704
3547666571.744699	18.287209	213.956848	249.166138	25.763279	218.967673	10.811138	208.946022	0.428706	0.491409	2.028348	2.355816
3547666572.421180	21.359484	216.513380	219.973251	20.803947	207.530542	21.915021	225.496218	0.424051	0.485386	2.018573	2.341153
3547666573.094657	29.142710	222.926099	217.186310	32.783084	231.156997	25.502337	214.695202	0.421707	0.475178	2.013685	2.316716
3547666575.121081	55.147698	245.866772	223.880905	61.775865	251.955073	48.519532	239.778471	0.402534	0.443219	1.974585	2.243402
3547666575.786551	64.447443	253.217528	218.184860	73.338392	254.614322	55.556495	251.820734	0.400084	0.423021	1.969697	2.199413
3547666576.444016	73.579256	260.904543	219.762253	74.917373	252.004574	72.241139	269.804512	0.387648	0.413782	1.945259	2.179863
3547666577.138504	82.428659	269.047199	226.791901	77.367475	261.605128	87.489843	276.489270	0.361816	0.392377	1.896383	2.135875
3547666577.842000	90.781256	278.273409	229.006165	87.864025	286.787501	93.698488	269.759317	0.345667	0.382578	1.867058	2.116325
3547666578.503468	97.740557	288.909145	233.529572	89.926079	284.444402	105.555036	293.373888	0.342926	0.352064	1.862170	2.057674
3547666579.201960	105.312782	299.158776	238.617577	106.599543	290.251238	104.026022	308.066315	0.320470	0.354673	1.823069	2.062561
3547666580.522893	117.407647	321.135396	243.315140	126.295130	322.554072	108.520164	319.716719	0.300016	0.344161	1.788856	2.043011
3547666581.196367	122.833686	331.935454	248.417717	124.902107	340.694543	120.765266	323.176365	0.278763	0.319759	1.754643	1.999022
3547666581.893858	126.950746	343.380975	250.922989	130.492145	335.107010	123.409348	351.654940	0.266243	0.311384	1.735093	1.984360
3547666582.535312	130.336667	355.885220	258.768784	122.091972	352.276202	138.581362	359.494238	0.246924	0.285501	1.705767	1.940371
3547666583.967321	134.569727	383.639475	261.679550	141.770076	389.039009	127.369377	378.239941	0.223529	0.282552	1.671554	1.935484
3547666584.611777	136.247554	398.716710	264.498688	131.129400	391.313704	141.365709	406.119715	0.220109	0.261488	1.666667	1.901271
3547666585.309269	137.282907	412.891904	266.804153	135.220401	421.652387	139.345412	404.131420	0.199156	0.233265	1.637341	1.857283
3547666585.978745	137.895293	427.608530	269.267365	144.998637	422.082003	130.791949	433.135057	0.188396	0.239652	1.622678	1.867058
3547666586.655221	137.547749	441.663711	273.120514	135.776956	450.487785	139.318543	432.839636	0.195591	0.242820	1.632454	1.871945
3547666587.329694	136.397697	455.037785	275.850769	141.548963	447.657781	131.246432	462.417789	0.192005	0.223558	1.627566	1.842620
3547666588.040196	134.539681	469.784555	278.693268	127.442561	475.319073	141.636801	464.250038	0.177440	0.213695	1.608016	1.827957
3547666588.718675	131.913509	483.362252	281.462341	140.538222	480.790417	123.288797	485.934087	0.181114	0.207031	1.612903	1.818182
3547666589.451192	128.319238	497.242036	287.459686	137.319167	497.206410	119.319308	497.277662	0.162517	0.193487	1.588465	1.798631
3547666590.189711	123.614589	510.472312	292.049530	122.549808	519.409103	124.679370	501.535520	0.139430	0.183134	1.559140	1.783969
3547666590.849179	116.975809	524.139092	297.251495	108.588088	527.401933	125.363530	520.876252	0.147222	0.186603	1.568915	1.788856
3547666592.160103	102.554743	546.307044	306.728241	110.761655	542.612914	94.347831	550.001174	0.143338	0.179645	1.564027	1.779081
3547666592.877607	94.812080	555.824686	307.983582	93.846429	546.876641	95.777731	564.772732	0.154917	0.154674	1.578690	1.744868
3547666593.580105	85.747508	565.817534	314.587738	82.008169	557.631121	89.486846	574.003946	0.139430	0.154674	1.559140	1.744868
3547666594.262586	76.051655	575.362329	318.010010	81.912367	582.192559	70.190942	568.532098	0.123551	0.158301	1.539589	1.749756
3547666594.917047	69.080901	581.430194	291.242584	61.890431	586.842877	76.271372	576.017512	0.119518	0.147359	1.534702	1.735093
3547666595.627548	68.933365	581.718664	226.977127	62.588155	575.336007	75.278575	588.101321	0.111374	0.154674	1.524927	1.744868
3547666597.020530	70.549499	579.779039	81.987129	67.840678	571.196365	73.258319	588.361712	0.131541	0.151027	1.549365	1.739980
3547666597.723028	67.343128	576.423725	38.935081	58.842922	573.466276	75.843333	579.381175	0.090550	0.151027	1.500489	1.739980
3547666598.360476	58.115496	569.576890	35.437611	65.052670	575.310616	51.178322	563.843164	0.119518	0.154674	1.534702	1.744868
3547666599.043957	45.743140	559.987331	36.421329	54.359540	557.387780	37.126741	562.586882	0.103125	0.128705	1.515152	1.710655
3547666599.730442	33.499331	550.385919	38.123928	29.789951	542.185888	37.208711	558.585949	0.098961	0.151027	1.510264	1.739980
3547666600.372901	20.888381	540.099594	39.910770	13.674156	545.480576	28.102606	534.718613	0.094769	0.136230	1.505376	1.720430
3547666603.847348	17.981756	526.920910	101.224037	12.231623	519.997329	23.731889	533.844491	0.094769	0.124910	1.505376	1.705767
3547666604.484799	21.352693	511.516334	102.174194	12.376292	512.167662	30.329094	510.865006	0.086304	0.132479	1.495601	1.715543
3547666605.178289	25.349566	494.694810	101.977478	16.418985	493.579139	34.280147	495.810482	0.098961	0.132479	1.510264	1.715543
3547666606.567267	32.920264	458.937300	100.587891	32.408209	449.951878	33.432319	467.922721	0.086304	0.147359	1.495601	1.735093
3547666607.249748	36.628334	440.556985	99.866920	42.175097	433.469430	31.081572	447.644540	0.098961	0.121094	1.510264	1.700880
3547666608.622716	42.770805	405.663710	98.634789	51.298569	408.540731	34.243041	402.786690	0.115459	0.109511	1.529814	1.686217
3547666609.315211	45.321075	388.356524	98.750984	54.124881	390.225483	36.517270	386.487565	0.082030	0.109511	1.490714	1.686217
3547666610.661154	50.486775	356.686742	100.072815	54.467382	348.614891	46.506168	364.758592	0.090550	0.113394	1.500489	1.691105
3547666611.332629	53.981648	339.754632	100.078041	57.920016	331.662088	50.043280	347.847175	0.086304	0.113394	1.495601	1.691105
3547666611.972086	57.166187	324.030082	99.941994	62.165739	316.546469	52.166634	331.513696	0.090550	0.128705	1.500489	1.710655
3547666612.617535	61.376007	306.805448	99.707367	67.978368	300.689172	54.773646	312.921723	0.086304	0.109511	1.495601	1.686217
3547666614.008517	66.112170	271.209741	93.477463	72.379434	264.750530	59.844906	277.668952	0.094769	0.128705	1.505376	1.710655
3547666614.697003	66.588918	252.411913	90.470467	61.245102	259.653711	71.932733	245.170116	0.086304	0.117255	1.495601	1.695992
3547666615.988913	67.430348	221.796016	93.011177	75.932424	218.843947	58.928273	224.748085	0.090550	0.109511	1.500489	1.686217
3547666616.670397	68.366051	205.423720	91.057709	67.929918	214.413147	68.802184	196.434294	0.094769	0.109511	1.505376	1.686217
3547666617.345873	68.783395	188.727100	89.063744	60.766004	184.637913	76.800785	192.816287	0.086304	0.113394	1.495601	1.691105
3547666618.675809	67.881469	155.586552	87.415634	72.577673	147.908943	63.185265	163.264160	0.073396	0.128705	1.480938	1.710655
3547666619.364295	66.555913	139.153050	84.541893	64.059124	147.799786	69.052701	130.506314	0.086304	0.124910	1.495601	1.705767
3547666621.473785	60.528936	88.837838	81.183075	64.830602	80.932417	56.227270	96.743258	0.326174	0.285501	1.832845	1.940371
3547666622.135251	58.653948	72.560740	83.829208	51.111037	77.470372	66.196860	67.651108	0.407398	0.359854	1.984360	2.072336
3547666623.502214	59.146385	45.383066	98.251762	65.980984	51.238684	52.311787	39.527447	0.435605	0.423021	2.043011	2.199413
3547666624.188698	61.775346	33.842679	103.276154	58.300413	42.144778	65.250279	25.540581	0.421707	0.425305	2.013685	2.204301
3547666624.847164	65.453819	21.894621	110.896194	72.724238	27.199431	58.183400	16.589812	0.428706	0.434341	2.028348	2.223851
3547666627.574088	78.774780	24.927810	246.446106	69.902873	23.414773	87.646686	26.440847	0.392660	0.413782	1.955034	2.179863
3547666628.256573	83.168264	37.261626	254.836914	86.405252	45.659359	79.931277	28.863894	0.400084	0.416107	1.969697	2.184751
3547666628.916033	86.385136	49.651636	257.207733	89.913632	41.372161	82.856641	57.931112	0.409812	0.427579	1.989247	2.209189
3547666630.219954	90.106821	74.857132	265.639313	81.243865	76.421744	98.969777	73.292521	0.409812	0.418422	1.989247	2.189638
3547666630.883421	90.871773	86.683740	266.288330	84.756507	93.287036	96.987039	80.080443	0.424051	0.449777	2.018573	2.258065
3547666631.572910	90.993043	98.693613	270.179260	90.972415	89.693637	91.013671	107.693589	0.431017	0.447600	2.033236	2.253177
3547666632.264396	90.812412	111.339284	274.267212	98.126083	116.584302	83.498741	106.094265	0.433316	0.464752	2.038123	2.292278
3547666633.695405	87.643010	136.150011	278.889008	81.757836	142.959176	93.528183	129.340846	0.431017	0.471034	2.033236	2.306940
3547666634.368884	85.752326	149.357895	278.946472	80.267937	156.493823	91.236714	142.221966	0.424051	0.468949	2.018573	2.302053
3547666635.042355	83.649791	161.234959	278.679626	76.477835	166.672150	90.821747	155.797768	0.416984	0.464752	2.003910	2.292278
3547666636.396311	79.735893	185.024759	278.865570	73.692761	191.694133	85.779026	178.355385	0.387648	0.436575	1.945259	2.228739
3547666637.042766	77.694047	196.602960	278.196228	68.816693	198.083700	86.571401	195.122219	0.374896	0.409101	1.920821	2.170088
3547666637.725247	75.906007	209.593506	278.669312	68.678349	214.956431	83.133665	204.230581	0.359159	0.413782	1.891496	2.179863
3547666638.439753	74.351589	220.930258	275.977966	78.525052	212.956413	70.178126	228.904103	0.351106	0.397210	1.876833	2.145650
3547666639.798714	71.557852	245.466406	278.246307	62.765752	247.389676	80.349953	243.543136	0.320470	0.377610	1.823069	2.106549
3547666640.505209	69.538933	257.600142	278.663116	62.278191	262.918188	76.799676	252.282095	0.311799	0.372596	1.808407	2.096774
3547666641.186693	67.182922	270.753727	281.008209	76.061671	272.226078	58.304173	269.281375	0.308877	0.359854	1.803519	2.072336
3547666641.888185	63.860343	283.873601	281.648468	71.860165	279.750149	55.860522	287.997053	0.300016	0.367535	1.788856	2.086999
3547666642.597686	61.865130	296.007960	282.271790	65.953533	287.990170	57.776727	304.025750	0.275660	0.344161	1.749756	2.043011
3547666643.888597	54.923963	320.415486	285.046722	48.232944	326.434645	61.614982	314.396328	0.275660	0.322523	1.749756	2.003910
3547666644.664143	51.579269	331.920160	285.812134	50.924668	340.896322	52.233870	322.943997	0.259877	0.300023	1.725318	1.964809
3547666645.361638	47.802557	344.654236	288.008850	55.460553	339.926117	40.144562	349.382354	0.253437	0.294258	1.715543	1.955034
3547666646.038112	43.386095	358.520492	288.533356	47.646867	350.592956	39.125323	366.448028	0.233672	0.297148	1.686217	1.959922
3547666646.725598	38.522749	372.230948	289.911133	31.559745	366.528617	45.485753	377.933278	0.230311	0.297148	1.681329	1.959922
3547666647.388065	33.120829	386.127534	291.840271	30.222791	394.648178	36.018868	377.606890	0.237014	0.273616	1.691105	1.920821
3547666648.048532	27.658959	399.405398	293.497131	36.397175	401.560295	18.920743	397.250502	0.216668	0.261488	1.661779	1.901271
3547666648.723006	22.009805	412.197751	295.087799	23.990647	403.418442	20.028963	420.977060	0.202700	0.264543	1.642229	1.906158
3547666652.171441	41.186707	410.751370	141.244171	40.042329	419.678317	42.331085	401.824422	0.173743	0.217000	1.603128	1.832845
3547666652.832908	52.758531	401.503891	140.844833	48.233323	409.283511	57.283740	393.724271	0.173743	0.226811	1.603128	1.847507
3547666653.491371	65.208115	391.005884	139.205704	57.755633	385.960043	72.660598	396.051725	0.173743	0.213695	1.603128	1.827957
3547666654.160845	76.953609	380.507002	135.829849	83.031268	387.144928	70.875951	373.869075	0.143338	0.213695	1.564027	1.827957
3547666655.501789	98.359050	357.658109	130.745270	106.752679	354.410497	89.965421	360.905721	0.154917	0.193487	1.578690	1.798631
3547666656.201282	109.479571	345.454250	133.249481	100.801341	343.069227	118.157800	347.839273	0.151081	0.186603	1.573803	1.788856
3547666656.917790	122.082427	331.496615	130.262398	131.024318	332.517688	113.140537	330.475542	0.135498	0.193487	1.554252	1.798631
3547666657.690335	135.000318	316.437212	128.403221	131.478338	324.719462	138.522298	308.154963	0.143338	0.176136	1.564027	1.774194
3547666658.355803	146.268706	301.135489	124.037476	155.254881	301.634142	137.282530	300.636837	0.119518	0.179645	1.534702	1.779081
3547666659.039283	155.857035	285.803253	121.415924	147.811056	289.835896	163.903015	281.770611	0.127558	0.158301	1.544477	1.749756
3547666659.686743	165.150398	271.550670	119.982081	160.057032	264.130588	170.243764	278.970753	0.098961	0.169062	1.510264	1.764418
3547666660.427263	173.617479	256.875824	117.383881	181.813693	260.593629	165.421265	253.158019	0.115459	0.158301	1.529814	1.749756
3547666661.137764	181.516517	241.022716	115.930809	178.787115	249.598867	184.245920	232.446565	0.107263	0.158301	1.520039	1.749756
3547666661.810240	189.797996	224.430699	118.193157	198.144469	221.063745	181.451523	227.797654	0.115459	0.147359	1.529814	1.735093
3547666662.465702	197.174428	209.138454	116.600227	200.355837	217.557400	193.993020	200.719509	0.094769	0.151027	1.505376	1.739980
3547666663.156190	205.053419	193.209593	116.691521	208.989105	201.303441	201.117733	185.115745	0.103125	0.139961	1.515152	1.725318
3547666664.531164	220.222857	162.758213	115.491577	214.105574	169.359641	226.340141	156.156786	0.094769	0.143671	1.505376	1.730205
3547666665.233655	227.700362	146.989432	113.874931	221.386248	140.576012	234.014476	153.402853	0.086304	0.121094	1.495601	1.700880
3547666665.882113	234.524815	131.847632	112.810043	237.075023	123.216500	231.974607	140.478764	0.086304	0.128705	1.495601	1.710655
3547666667.247076	247.066520	100.256389	112.049591	254.863209	95.760652	239.269832	104.752125	0.069037	0.097725	1.476051	1.671554
3547666667.892530	253.795864	84.013212	112.526840	258.656305	76.438509	248.935423	91.587914	0.055784	0.121094	1.461388	1.700880
3547666669.263498	267.170145	50.769151	112.265312	273.823803	44.708719	260.516487	56.829582	0.060231	0.109511	1.466276	1.686217
3547666669.993013	274.398452	33.191361	111.441063	283.365594	33.959711	265.431309	32.423011	0.042262	0.085730	1.446725	1.656891
3547666673.335371	262.805531	21.423773	322.616486	255.394007	26.529585	270.217055	16.317961	0.069037	0.093750	1.476051	1.666667
3547666673.996836	250.772684	30.521125	323.312378	248.357659	39.191054	253.187709	21.851197	0.055784	0.128705	1.461388	1.710655
3547666674.651302	237.575245	40.358917	323.333832	235.346764	49.078658	239.803725	31.639177	0.064649	0.093750	1.471163	1.666667
3547666675.350795	225.428936	49.449141	323.455811	224.278002	58.375246	226.579871	40.523036	0.064649	0.089752	1.471163	1.661779
3547666677.462285	185.833427	79.677443	322.202698	176.994456	81.372319	194.672397	77.982567	0.202700	0.165495	1.642229	1.759531
3547666678.104736	171.649813	90.753273	321.696793	163.096710	87.952482	180.202916	93.554063	0.311799	0.245972	1.808407	1.876833
3547666678.781213	158.092408	100.701184	325.584808	166.273218	96.949602	149.911599	104.452765	0.369704	0.294258	1.911046	1.955034
3547666679.454688	145.348538	108.243721	332.834183	146.912308	99.380617	143.784769	117.106826	0.414605	0.338830	1.999022	2.033236
3547666680.099145	132.167531	113.680923	344.029816	141.164623	113.452167	123.170439	113.909680	0.440149	0.354673	2.052786	2.062561
3547666683.008195	81.858354	112.325421	19.805162	74.508379	107.131399	89.208330	117.519443	0.433316	0.380100	2.038123	2.111437
3547666683.677669	69.478955	106.440764	28.665249	72.908266	114.761811	66.049644	98.119717	0.437883	0.375109	2.047898	2.101662
3547666684.328125	59.126618	99.641055	39.227600	50.134671	99.260396	68.118564	100.021714	0.419351	0.375109	2.008798	2.101662
3547666684.963573	50.909967	91.528514	50.157070	51.883768	82.581352	49.936167	100.475676	0.397621	0.370072	1.964809	2.091887
3547666685.643054	44.580842	82.967082	57.492153	37.294362	77.684354	51.867322	88.249810	0.400084	0.382578	1.969697	2.116325
3547666686.305525	39.218137	72.454671	65.627914	36.169867	80.922732	42.266406	63.986610	0.409812	0.370072	1.989247	2.091887
3547666687.720522	32.307198	51.011666	75.551865	30.929863	42.117682	33.684533	59.905650	0.464390	0.394799	2.106549	2.140762
3547666689.122508	29.904980	26.111984	92.249954	38.096783	29.839500	21.713178	22.384467	0.493509	0.401998	2.174976	2.155425
3547666691.792393	38.988747	18.710541	239.997040	30.488458	15.753334	47.489037	21.667748	0.511280	0.441014	2.218964	2.238514
3547666692.467869	43.501984	28.140331	247.645126	38.869409	35.856499	48.134558	20.424163	0.517048	0.454102	2.233627	2.267840
3547666693.854847	47.297106	51.020900	270.044250	48.488062	42.100046	46.106150	59.941753	0.544788	0.477237	2.306940	2.321603
3547666695.257839	43.897445	75.010693	286.510956	49.170794	82.303963	38.624096	67.717423	0.535739	0.481329	2.282502	2.331378
3547666695.926309	40.000569	85.947940	292.840302	45.604842	92.990108	34.396297	78.905772	0.526495	0.495384	2.258065	2.365591
3547666696.596782	35.231297	95.600373	298.953308	39.561962	103.489945	30.900632	87.710802	0.522740	0.475178	2.248289	2.316716
3547666697.242238	29.143080	105.064349	304.775360	29.510832	114.056832	28.775328	96.071866	0.518954	0.479287	2.238514	2.326491
3547666697.895698	23.326981	113.308514	306.137146	32.200064	114.814634	14.453898	111.802395	0.518954	0.475178	2.238514	2.316716
3547666702.629041	33.814936	128.764588	214.006760	30.489533	120.401473	37.140338	137.127704	0.493509	0.466855	2.174976	2.297165
3547666703.322525	42.783823	135.232956	215.474503	34.122989	137.680393	51.444657	132.785519	0.479182	0.449777	2.140762	2.258065
3547666704.012015	52.511658	143.101205	222.946655	51.555656	152.050287	53.467659	134.152124	0.470788	0.454102	2.121212	2.267840
3547666704.651464	61.129198	151.414583	225.244156	68.452633	146.183207	53.805762	156.645959	0.455720	0.451944	2.086999	2.262952
3547666705.314932	69.402577	160.445127	226.461884	67.026182	151.764531	71.778972	169.125723	0.455720	0.416107	2.086999	2.184751
3547666706.043448	77.718360	169.254470	228.525635	71.195874	175.455855	84.240846	163.053086	0.426384	0.413782	2.023460	2.179863
3547666707.415414	93.623325	189.897839	235.352966	91.253265	198.580167	95.993384	181.215511	0.392660	0.389944	1.955034	2.130987
3547666708.081884	100.391763	199.635022	237.772903	107.906790	194.682814	92.876736	204.587231	0.382586	0.367535	1.935484	2.086999
3547666708.741349	107.094565	210.931621	239.404617	101.694028	203.732024	112.495101	218.131219	0.369704	0.364987	1.911046	2.082111
3547666709.402815	112.763264	222.139140	244.970123	113.429587	213.163839	112.096941	231.114440	0.353804	0.354673	1.881720	2.062561
3547666710.751769	123.438016	243.660867	245.379372	120.477864	235.161603	126.398168	252.160132	0.320470	0.336145	1.823069	2.028348
3547666711.416240	128.167763	255.939166	251.181938	129.472417	247.034231	126.863109	264.844102	0.317595	0.328011	1.818182	2.013685
3547666712.134745	132.440589	268.946092	253.957845	128.037886	276.795691	136.843292	261.096493	0.294027	0.314189	1.779081	1.989247
3547666712.869262	134.855465	282.765504	257.385452	136.864697	273.992649	132.846232	291.538359	0.294027	0.302885	1.779081	1.969697
3547666713.524724	137.948377	295.263383	262.164978	146.836260	296.679550	129.060493	293.847216	0.281850	0.291353	1.759531	1.950147
3547666714.196202	139.978167	309.017190	266.605408	136.226593	317.198002	143.729741	300.836378	0.266243	0.276610	1.735093	1.925709
3547666714.898695	139.593376	323.151253	269.510691	145.155947	316.076099	134.030805	330.226407	0.263069	0.267583	1.730205	1.911046
3547666716.218624	137.410847	350.296913	277.762070	128.734226	347.906045	146.087468	352.687781	0.223529	0.252226	1.671554	1.886608
3547666717.581587	131.481514	377.746223	285.167099	125.561731	384.525321	137.401296	370.967124	0.223529	0.236467	1.671554	1.862170
3547666718.264069	127.485404	391.398890	286.832489	134.793335	396.651903	120.177473	386.145877	0.213207	0.226811	1.656891	1.847507
3547666718.941546	122.563311	405.966638	289.043121	122.413943	396.967878	122.712679	414.965398	0.206223	0.226811	1.647116	1.847507
3547666720.370554	112.381804	431.949555	294.480286	119.019685	425.871847	105.743922	438.027262	0.184766	0.196900	1.617791	1.803519
3547666721.037026	105.258394	446.290423	297.328491	97.146501	450.188779	113.370288	442.392067	0.188396	0.210372	1.622678	1.823069
3547666721.691485	98.234764	458.437413	300.320557	106.836883	455.790991	89.632645	461.083836	0.177440	0.203673	1.608016	1.813294
3547666722.372968	90.631308	470.279853	305.960114	99.100469	473.325065	82.162147	467.234642	0.173743	0.220288	1.603128	1.837732
3547666723.743936	74.874044	491.830597	307.090179	81.241202	485.469835	68.506886	498.191360	0.154917	0.186603	1.578690	1.788856
3547666724.456437	66.195829	501.545880	314.576324	62.550169	493.317323	69.841490	509.774438	0.147222	0.176136	1.568915	1.774194
3547666725.145923	55.972962	511.697101	318.456726	64.209269	515.325220	47.736655	508.068983	0.154917	0.176136	1.578690	1.774194
3547666725.834408	45.431618	520.299125	321.213654	39.158633	513.845470	51.704603	526.752780	0.143338	0.176136	1.564027	1.774194
3547666726.490871	34.227004	527.874739	327.377869	28.764343	520.722164	39.689665	535.027315	0.151081	0.169062	1.573803	1.764418
3547666735.158988	24.133876	518.879836	132.100967	22.752672	509.986452	25.515080	527.773219	0.111374	0.128705	1.524927	1.710655
3547666735.816451	35.922935	507.310316	136.216080	44.053389	511.169814	27.792482	503.450818	0.098961	0.136230	1.510264	1.720430
3547666736.545966	48.388860	495.350218	135.525024	52.194121	503.506196	44.583599	487.194239	0.098961	0.132479	1.510264	1.715543
3547666737.918934	75.724867	465.539411	126.217384	70.992492	457.884045	80.457242	473.194777	0.103125	0.139961	1.515152	1.725318
3547666738.564389	85.373379	449.994817	119.078796	88.047884	441.401388	82.698874	458.588246	0.090550	0.121094	1.500489	1.700880
3547666739.238865	93.089776	434.031159	113.659775	88.290515	426.417547	97.889038	441.644771	0.073396	0.143671	1.480938	1.730205
3547666743.319743	112.912293	334.462144	95.894402	103.938154	335.143921	121.886433	333.780367	0.090550	0.128705	1.500489	1.710655
3547666744.014234	114.780029	315.866632	96.457504	107.555411	321.233651	122.004646	310.499612	0.073396	0.128705	1.480938	1.710655
3547666744.661691	116.562504	297.258568	95.163506	109.425458	291.775633	123.699549	302.741504	0.082030	0.139961	1.490714	1.725318
3547666745.344172	119.220955	279.407083	95.855980	110.227250	279.743640	128.214660	279.070526	0.086304	0.121094	1.495601	1.700880
3547666745.989635	121.345333	262.190987	97.981895	126.371435	269.656795	116.319230	254.725179	0.094769	0.121094	1.505376	1.700880
3547666746.661103	123.787153	245.327946	97.020447	120.541632	253.722384	127.032674	236.933508	0.086304	0.128705	1.495601	1.710655
3547666748.004048	129.754227	214.419655	103.078194	124.714390	221.876198	134.794064	206.963111	0.103125	0.128705	1.515152	1.710655
3547666748.724557	133.919410	198.344191	104.127377	137.873108	206.429256	129.965713	190.259126	0.098961	0.121094	1.510264	1.700880
3547666749.413043	138.113119	181.788687	104.075340	141.640937	190.068451	134.585300	173.508923	0.115459	0.117255	1.529814	1.695992
3547666750.087519	141.879471	163.262121	102.604561	133.993339	167.599046	149.765603	158.925196	0.107263	0.128705	1.520039	1.710655
3547666750.745988	145.945217	147.252099	103.524467	144.617272	156.153592	147.273162	138.350607	0.284920	0.121094	1.764418	1.700880
3547666751.376428	149.973840	131.440731	102.488396	141.638190	134.834392	158.309490	128.047070	0.372307	0.193487	1.915934	1.798631
3547666752.732385	159.604526	103.014597	120.145557	153.371456	96.522384	165.837597	109.506810	0.513211	0.359854	2.223851	2.072336
3547666753.390851	168.771189	91.751538	138.968132	162.715535	85.093532	174.826844	98.409544	0.548354	0.425305	2.316716	2.204301
3547666754.052316	179.304229	84.302500	151.266296	175.229464	76.277770	183.378994	92.327230	0.558874	0.485386	2.346041	2.341153
3547666754.774829	190.922724	80.285589	164.675613	182.220606	77.989256	199.624841	82.581922	0.562322	0.514771	2.355816	2.414467
3547666755.467314	201.069513	78.213671	176.316040	197.674043	69.878757	204.464982	86.548585	0.553647	0.531561	2.331378	2.458456
3547666756.128781	212.481903	78.694336	187.868286	217.764355	71.407656	207.199451	85.981015	0.539382	0.538831	2.292278	2.478006
3547666756.782244	223.871955	80.943050	192.578171	231.145383	86.243734	216.598527	75.642366	0.533906	0.527882	2.277615	2.448680
3547666757.402680	234.578266	84.422754	200.767273	237.191970	75.810638	231.964562	93.034871	0.515133	0.522308	2.228739	2.434018
3547666758.096169	244.083130	88.141365	203.466446	238.033995	94.805295	250.132266	81.477436	0.499512	0.510957	2.189638	2.404692
3547666758.754636	253.387417	93.160782	211.292343	259.878855	99.394660	246.895979	86.926904	0.472901	0.489410	2.126100	2.350929
3547666759.417103	263.312196	99.579627	216.025162	257.212227	106.197057	269.412165	92.962197	0.460075	0.475178	2.096774	2.316716
3547666760.074565	271.485374	106.345746	218.248123	280.446843	107.177653	262.523905	105.513838	0.451324	0.462640	2.077224	2.287390
3547666764.750864	281.744827	128.242557	292.532776	284.954505	136.650766	278.535150	119.834349	0.353804	0.394799	1.881720	2.140762
3547666765.396320	277.266253	139.232624	292.363556	279.014029	148.061286	275.518477	130.403961	0.345667	0.377610	1.867058	2.106549
3547666766.066792	272.867963	150.755549	289.181152	271.481848	141.862930	274.254077	159.648169	0.331817	0.387500	1.842620	2.126100
3547666766.758280	268.199997	163.591817	287.842346	276.535702	160.198290	259.864292	166.985344	0.314705	0.364987	1.813294	2.082111
3547666768.135251	260.586167	187.729998	286.164093	263.066115	196.381579	258.106219	179.078416	0.297029	0.344161	1.783969	2.043011
3547666768.815732	256.529911	201.083658	286.122772	258.650353	209.830299	254.409468	192.337017	0.275660	0.330735	1.749756	2.018573
3547666769.469192	252.853441	213.335569	286.265472	256.196246	221.691744	249.510636	204.979394	0.263069	0.308565	1.730205	1.979472
3547666770.135663	249.714954	225.209833	283.369995	244.436997	217.919896	254.992911	232.499769	0.243640	0.302885	1.700880	1.969697
3547666770.775114	246.139589	239.178812	282.728699	246.271345	230.179777	246.007833	248.177848	0.243640	0.288434	1.700880	1.945259
3547666771.433579	243.452380	252.382588	282.442535	246.118969	243.786700	240.785792	260.978477	0.223529	0.285501	1.671554	1.940371
3547666772.092044	240.720510	264.869504	280.623428	248.397395	269.566891	233.043625	260.172118	0.220109	0.264543	1.666667	1.906158
3547666772.787535	238.106635	279.211870	278.609131	230.569512	284.130384	245.643758	274.293357	0.223529	0.267583	1.671554	1.911046
3547666773.500036	236.153783	292.862849	276.813538	233.039110	284.418987	239.268456	301.306711	0.184766	0.245972	1.617791	1.876833
3547666774.162505	234.317437	306.421151	277.467682	226.707805	301.615582	241.927069	311.226721	0.209726	0.226811	1.652004	1.847507
3547666774.803957	232.034738	321.762371	277.533646	224.124891	317.468849	239.944584	326.055894	0.202700	0.245972	1.642229	1.876833
3547666775.495444	229.707836	335.683304	279.951569	232.792415	344.138206	226.623257	327.228402	0.192005	0.226811	1.627566	1.847507
3547666777.501859	220.192865	376.373707	286.216187	223.119936	384.884421	217.265794	367.862992	0.162517	0.196900	1.588465	1.803519
3547666778.149317	215.737564	390.864114	287.240723	224.530341	392.784286	206.944786	388.943942	0.143338	0.190054	1.564027	1.793744
3547666778.790771	211.651516	404.210795	288.142975	218.608475	398.501091	204.694557	409.920499	0.147222	0.186603	1.568915	1.788856
3547666780.198763	201.995895	433.750735	288.188599	208.685207	427.729680	195.306583	439.771790	0.151081	0.176136	1.573803	1.774194
3547666780.830213	196.465771	449.137359	290.107391	188.524475	444.902289	204.407067	453.372429	0.135498	0.165495	1.554252	1.759531
3547666781.508685	190.805186	463.507294	293.577484	199.688173	464.953853	181.922198	462.060735	0.135498	0.176136	1.554252	1.774194
3547666782.793593	178.540573	490.577578	293.403351	187.038600	493.541279	170.042545	487.613876	0.127558	0.158301	1.544477	1.749756
3547666783.499093	172.620896	503.264716	295.784393	168.507381	495.259780	176.734412	511.269651	0.131541	0.165495	1.549365	1.759531
3547666784.153553	165.532757	516.199564	301.215881	168.846065	507.831649	162.219450	524.567478	0.111374	0.151027	1.524927	1.739980
3547666784.837035	157.067080	529.350716	303.603226	148.922532	533.180382	165.211628	525.521051	0.111374	0.154674	1.524927	1.744868
3547666785.544535	149.156022	541.352285	303.789551	141.861883	546.624434	156.450160	536.080137	0.098961	0.158301	1.510264	1.749756
3547666786.236022	140.157301	553.484567	307.001816	147.060947	547.710514	133.253656	559.258619	0.119518	0.158301	1.534702	1.749756
3547666786.891485	129.998864	564.772713	313.879044	132.487983	556.123766	127.509745	573.421660	0.098961	0.143671	1.510264	1.730205
3547666787.543944	120.482877	573.880011	319.591660	127.249098	567.945514	113.716656	579.814509	0.115459	0.139961	1.529814	1.725318
3547666788.226426	111.352950	580.911631	333.637848	106.057728	573.634226	116.648171	588.189036	0.111374	0.151027	1.524927	1.739980
3547666788.906909	110.173996	581.144851	46.494129	104.873434	588.418368	115.474558	573.871335	0.107263	0.136230	1.520039	1.720430
3547666789.587386	110.663931	580.032595	101.720963	102.308618	576.687637	119.019244	583.377554	0.094769	0.136230	1.505376	1.720430
3547666790.241846	114.913685	568.597806	114.528778	106.000931	567.347677	123.826439	569.847934	0.107263	0.154674	1.520039	1.744868
3547666790.975365	122.678675	554.165738	121.336319	114.337495	557.545785	131.019855	550.785690	0.090550	0.113394	1.500489	1.691105
3547666791.654848	131.904400	539.969517	125.174706	136.132095	532.024293	127.676705	547.914742	0.086304	0.124910	1.495601	1.705767
3547666792.398368	144.585367	521.904068	127.112007	135.652806	520.804365	153.517928	523.003771	0.103125	0.136230	1.515152	1.720430
3547666793.104867	157.008323	505.762210	128.004925	150.549773	512.030155	163.466872	499.494265	0.077727	0.128705	1.485826	1.710655
3547666793.750323	167.894082	491.762369	126.649483	160.390772	486.792426	175.397393	496.732312	0.094769	0.132479	1.505376	1.715543
3547666795.088271	188.574817	462.165287	122.097771	184.869320	470.367073	192.280315	453.963502	0.098961	0.121094	1.510264	1.700880
3547666795.762743	197.435379	447.541712	121.018318	188.455573	448.144270	206.415186	446.939154	0.086304	0.121094	1.495601	1.700880
3547666796.406197	206.037367	433.373045	119.581604	204.239790	424.554387	207.834944	442.191702	0.086304	0.128705	1.495601	1.710655
3547666797.762153	223.104382	402.587259	115.974396	220.751260	411.274192	225.457504	393.900325	0.090550	0.128705	1.500489	1.710655
3547666798.471654	230.859712	386.881579	115.132385	222.812307	390.911377	238.907117	382.851781	0.107263	0.101676	1.520039	1.676442
3547666799.113107	238.756661	370.605372	114.889832	229.976935	372.584364	247.536387	368.626380	0.073396	0.128705	1.480938	1.710655
3547666799.782580	245.904125	354.142560	113.299339	244.098430	345.325561	247.709820	362.959559	0.090550	0.097725	1.500489	1.671554
3547666800.453051	252.337259	339.005541	114.703491	243.342884	339.323709	261.331633	338.687374	0.077727	0.097725	1.485826	1.671554
3547666801.122525	259.389126	322.381065	111.516289	268.388653	322.473318	250.389599	322.288813	0.060231	0.097725	1.466276	1.671554
3547666801.803005	265.629173	305.401474	109.392784	260.825957	313.012592	270.432389	297.790356	0.060231	0.109511	1.466276	1.686217
3547666802.453464	271.803110	287.785007	107.107422	269.201338	279.169278	274.404881	296.400736	0.064649	0.109511	1.471163	1.686217
3547666803.109927	277.186957	270.566925	106.530914	279.702134	261.925520	274.671780	279.208330	0.073396	0.097725	1.480938	1.671554
3547666803.800414	282.078888	254.606078	106.162254	287.539140	247.451663	276.618637	261.760493	0.069037	0.109511	1.476051	1.686217
3547666804.471887	285.919264	240.105403	101.865906	277.168430	238.002329	294.670097	242.208476	0.060231	0.121094	1.466276	1.700880
3547666805.130352	289.145720	224.911299	93.523407	295.109712	218.171062	283.181729	231.651537	0.037693	0.101676	1.441838	1.676442
3547666805.807830	288.083900	222.443877	23.147762	296.322911	226.065853	279.844890	218.821901	0.060231	0.089752	1.466276	1.661779
3547666806.453286	286.831940	223.192881	319.383942	294.676571	218.781331	278.987310	227.604431	0.051307	0.093750	1.456500	1.666667
3547666807.763209	268.213832	240.229552	314.092834	268.811270	231.249404	267.616394	249.209701	0.055784	0.085730	1.461388	1.656891
3547666808.454696	257.099523	249.410238	324.225403	262.484091	256.621787	251.714955	242.198690	0.051307	0.077615	1.456500	1.647116
3547666809.100153	244.203137	258.777759	322.113342	235.248185	259.677114	253.158088	257.878405	0.055784	0.081685	1.461388	1.652004
3547666809.798644	231.383470	269.227575	320.349152	232.221944	260.266718	230.544996	278.188433	0.051307	0.105605	1.456500	1.681329
3547666810.495136	218.835833	280.506798	317.929672	224.129509	287.785327	213.542157	273.228268	0.060231	0.093750	1.466276	1.666667
3547666811.174616	205.896078	292.814921	316.916412	202.520670	301.157979	209.271485	284.471863	0.037693	0.073521	1.441838	1.642229
3547666811.825076	193.551076	304.586831	316.484543	186.993433	310.751027	200.108719	298.422634	0.033094	0.097725	1.436950	1.671554
3547666812.501554	181.546502	315.764220	315.529922	172.726152	313.974968	190.366852	317.553472	0.046800	0.081685	1.451613	1.652004
3547666813.176028	168.821103	326.982585	318.857880	177.820250	327.106554	159.821957	326.858617	0.046800	0.061092	1.451613	1.627566
3547666813.829488	155.953325	338.056002	320.585083	154.673982	329.147395	157.232668	346.964610	0.042262	0.085730	1.446725	1.656891
3547666814.511969	143.172942	348.639205	323.445145	141.926870	357.552526	144.419014	339.725883	0.023800	0.065260	1.427175	1.632454
3547666815.152423	130.452200	357.998992	327.639984	123.322716	352.506229	137.581684	363.491756	0.051307	0.073521	1.456500	1.642229
3547666817.211874	88.393974	379.109304	336.427856	90.859046	387.765135	85.928903	370.453472	0.046800	0.101676	1.451613	1.676442
3547666817.881347	71.659879	386.322353	337.504303	80.448988	388.259247	62.870770	384.385460	0.055784	0.097725	1.461388	1.671554
3547666818.575842	56.589193	392.694820	338.314941	64.048924	387.659702	49.129462	397.729937	0.055784	0.081685	1.461388	1.652004
3547666819.249313	40.814732	399.151470	339.537994	38.623102	390.422394	43.006363	407.880545	0.037693	0.093750	1.441838	1.666667
3547666819.925791	25.633992	404.815387	340.400848	17.577344	400.804099	33.690640	408.826674	0.060231	0.097725	1.466276	1.671554
3547666820.591259	15.893891	408.529919	310.952820	15.310625	417.510999	16.477158	399.548839	0.055784	0.097725	1.461388	1.671554
3547666821.247722	15.533477	410.091044	246.344742	6.860215	407.688019	24.206739	412.494068	0.077727	0.085730	1.485826	1.656891
3547666821.938211	19.429299	412.054271	201.787674	13.456069	405.322220	25.402529	418.786323	0.064649	0.089752	1.471163	1.661779
3547666824.094734	69.952152	430.351308	199.290512	78.771638	432.144813	61.132666	428.557803	0.064649	0.109511	1.471163	1.686217
3547666824.739185	87.208666	436.491947	198.539398	92.431102	443.821760	81.986230	429.162134	0.046800	0.081685	1.451613	1.652004
3547666825.383640	104.587844	442.401248	197.128479	98.182904	448.723965	110.992783	436.078530	0.060231	0.101676	1.466276	1.676442
3547666826.048110	120.614828	447.670040	197.186378	114.586499	454.352798	126.643157	440.987283	0.069037	0.065260	1.476051	1.632454
3547666826.701570	137.110318	452.869290	197.187935	131.092397	459.561423	143.128239	446.177158	0.082030	0.105605	1.490714	1.681329
3547666827.369040	154.324374	458.230409	196.764420	146.087887	461.858119	162.560861	454.602698	0.077727	0.105605	1.485826	1.681329
3547666828.066534	171.253242	463.180441	193.159897	180.242853	463.612737	162.263630	462.748145	0.077727	0.089752	1.485826	1.661779
3547666828.789043	190.734035	466.602601	185.530899	192.318132	475.462095	189.149938	457.743107	0.055784	0.105605	1.461388	1.681329
3547666829.435503	210.607066	467.304330	179.081711	210.705430	476.303792	210.508702	458.304867	0.046800	0.085730	1.451613	1.656891
3547666830.081955	230.258876	466.422358	175.382706	234.936046	458.733140	225.581705	474.111577	0.064649	0.121094	1.471163	1.700880
3547666830.708402	247.641403	464.577349	172.214706	242.762840	472.140393	252.519965	457.014305	0.060231	0.093750	1.466276	1.666667
3547666832.002310	281.344205	459.378005	167.808365	290.025680	461.751185	272.662729	457.004826	0.051307	0.093750	1.456500	1.666667
3547666834.037745	288.046718	451.700368	26.071918	280.783065	446.386298	295.310372	457.014438	0.060231	0.089752	1.466276	1.661779
3547666834.709223	275.918910	445.147630	30.148125	284.508935	442.462213	267.328884	447.833046	0.069037	0.109511	1.476051	1.686217
3547666835.377690	262.381021	436.645565	33.792980	256.151182	443.140879	268.610860	430.150251	0.051307	0.081685	1.456500	1.652004
3547666836.049166	249.297075	427.798122	34.437115	248.216051	436.732963	250.378099	418.863281	0.028463	0.089752	1.432063	1.661779
3547666837.372097	223.292459	408.988016	36.439743	231.859533	406.230256	214.725385	411.745776	0.042262	0.089752	1.446725	1.661779
3547666838.061584	209.922391	398.885191	36.399567	218.593319	396.473758	201.251464	401.296624	0.046800	0.077615	1.451613	1.647116
3547666838.715048	196.555806	388.943107	36.857697	203.266090	382.945433	189.845523	394.940781	0.051307	0.069403	1.456500	1.637341
3547666839.353496	183.020783	378.682758	37.909359	181.142468	369.880944	184.899097	387.484572	0.046800	0.069403	1.451613	1.637341
3547666840.748479	156.431067	357.295476	40.086025	150.265572	363.851898	162.596563	350.739054	0.033094	0.073521	1.436950	1.642229
3547666841.398939	142.788890	346.055883	37.677269	142.985460	337.058030	142.592320	355.053736	0.037693	0.077615	1.441838	1.647116
3547666842.073416	129.533853	335.917931	36.532225	137.809638	332.380788	121.258068	339.455074	0.060231	0.085730	1.466276	1.656891
3547666842.708870	116.015614	326.082850	36.805428	123.030083	320.443947	109.001146	331.721753	0.037693	0.085730	1.441838	1.656891
3547666844.049808	90.107711	305.512598	36.879036	96.688490	299.373107	83.526933	311.652090	0.051307	0.085730	1.456500	1.656891
3547666844.733293	76.718687	295.662112	36.722086	84.178221	290.626701	69.259154	300.697523	0.055784	0.089752	1.461388	1.661779
3547666845.384749	62.442310	285.370202	37.308365	65.870223	277.048579	59.014398	293.691825	0.046800	0.085730	1.451613	1.656891
3547666846.064230	49.819674	275.106441	36.026634	58.773188	276.019997	40.866160	274.192885	0.055784	0.081685	1.461388	1.652004
3547666846.778735	36.019937	264.772148	34.380619	34.436127	273.631693	37.603748	255.912603	0.060231	0.085730	1.466276	1.656891
3547666847.460216	22.347629	255.135993	33.056858	13.369756	255.766693	31.325503	254.505294	0.055784	0.101676	1.461388	1.676442
3547666848.122684	17.902480	250.359462	93.857155	21.329375	242.037419	14.475584	258.681504	0.055784	0.085730	1.461388	1.656891
3547666848.801160	18.820991	248.854646	136.612595	27.811185	249.274666	9.830798	248.434626	0.069037	0.109511	1.476051	1.686217
3547666849.481642	25.120245	245.039214	154.119034	26.740310	253.892202	23.500180	236.186226	0.086304	0.121094	1.495601	1.700880
3547666850.136105	34.418010	240.488895	153.525040	30.805777	248.732181	38.030243	232.245608	0.082030	0.113394	1.490714	1.691105
3547666852.161532	79.138410	219.941413	156.342651	85.186911	213.276908	73.089910	226.605919	0.073396	0.121094	1.480938	1.700880
3547666852.848018	94.960413	212.335911	154.021240	95.708351	221.304778	94.212474	203.367043	0.115459	0.132479	1.529814	1.715543
3547666853.571527	112.206472	203.599132	152.573090	103.396476	205.438690	121.016468	201.759575	0.094769	0.124910	1.505376	1.705767
3547666854.219985	127.294452	195.258591	154.334778	130.772156	203.559529	123.816747	186.957653	0.094769	0.128705	1.505376	1.710655
3547666854.911475	143.229639	188.247548	156.162895	150.372227	182.771835	136.087051	193.723261	0.115459	0.139961	1.529814	1.725318
3547666855.563935	159.048661	181.766384	157.169518	158.240787	172.802717	159.856536	190.730052	0.206223	0.158301	1.647116	1.749756
3547666856.911884	190.252573	168.244817	157.508804	186.507514	160.061020	193.997633	176.428614	0.451324	0.599448	2.077224	2.653959
3547666857.607374	205.042648	162.471413	161.450302	213.522267	165.487382	196.563030	159.455444	0.475004	0.641309	2.130987	2.790811
3547666858.315874	217.780616	157.872841	158.993820	209.306051	160.902981	226.255181	154.842701	0.487424	0.660737	2.160313	2.859238
3547666859.021371	227.912939	153.702955	152.196426	219.043923	152.173064	236.781954	155.232845	0.470788	0.656653	2.121212	2.844575
3547666859.704854	237.303713	147.401646	143.111282	246.175772	145.889503	228.431655	148.913789	0.470788	0.670107	2.121212	2.893451
3547666860.369324	244.865215	140.769205	131.538467	248.439686	132.509474	241.290743	149.028936	0.449110	0.659380	2.072336	2.854350
3547666861.024786	250.994444	132.227375	121.341202	242.669868	135.648111	259.319021	128.806640	0.435605	0.652526	2.043011	2.829912
3547666862.980165	258.829954	103.266623	92.023460	265.975476	108.738507	251.684432	97.794738	0.392660	0.631233	1.955034	2.756598
3547666864.374147	255.534690	82.108763	72.584450	258.432498	90.629485	252.636882	73.588040	0.367088	0.589909	1.906158	2.624633