Time	X	Y	Theta	LS_X	LS_Y	RS_X	RS_Y	RsRoL	RsRoR	VL	VR
3547663175.824904	36.879994	548.959815	178.620026	32.959182	557.060879	40.800806	540.858751	0.004541	-0.014350	1.564027	1.441838
3547663176.467357	36.876931	548.949877	178.677078	33.424435	557.261331	40.329428	540.638423	-0.013795	-0.009534	1.544477	1.446725
3547663177.172856	36.871867	548.955532	178.633835	33.063295	557.109965	40.680440	540.801099	-0.000000	-0.009534	1.559140	1.446725
3547663177.841330	36.869600	548.958321	178.614288	32.902374	557.036757	40.836826	540.879886	-0.027855	-0.024079	1.529814	1.432063
3547663178.527812	36.876501	548.952897	178.637100	33.094575	557.119722	40.658426	540.786071	0.004541	-0.009534	1.564027	1.446725
3547663179.203287	36.878016	548.958059	178.639404	33.114918	557.133577	40.641114	540.782541	-0.009168	-0.028994	1.549365	1.427175
3547663179.874762	36.881760	548.955460	178.646866	33.179768	557.158829	40.583752	540.752091	-0.004570	-0.028994	1.554252	1.427175
3547663180.522218	36.884476	548.948226	178.657227	33.267674	557.189509	40.501278	540.706943	-0.004570	-0.009534	1.554252	1.446725
3547663181.215708	36.876781	548.955374	178.584366	32.669640	556.911502	41.083921	540.999246	-0.000000	-0.009534	1.559140	1.446725
3547663181.885181	36.877836	548.954214	178.597870	32.778516	556.966428	40.977157	540.942000	-0.009168	-0.024079	1.549365	1.432063
3547663182.537641	36.876766	548.954038	178.697906	33.598119	557.335594	40.155414	540.572483	-0.000000	-0.009534	1.559140	1.446725
3547663183.226129	36.879531	548.950351	178.737961	33.939141	557.456473	39.819921	540.444229	-0.018452	-0.014350	1.539589	1.441838
3547663183.925619	36.874153	548.954828	178.671173	33.372636	557.245750	40.375669	540.663906	-0.000000	-0.014350	1.559140	1.441838
3547663184.610104	36.874481	548.955550	178.678268	33.431879	557.271107	40.317083	540.639993	-0.009168	-0.019198	1.549365	1.436950
3547663185.254558	36.878755	548.955690	178.686325	33.503260	557.298713	40.254251	540.612667	-0.004570	-0.024079	1.554252	1.432063
3547663185.924030	36.885254	548.952283	178.675674	33.421093	557.258882	40.349415	540.645684	-0.004570	-0.019198	1.554252	1.436950
3547663186.576490	36.880430	548.956548	178.681015	33.460680	557.281529	40.300180	540.631567	-0.018452	-0.033942	1.539589	1.422287
3547663187.251966	36.867495	548.944661	178.698593	33.594603	557.328465	40.140386	540.560856	-0.013795	-0.024079	1.544477	1.432063
3547663187.916434	36.885275	548.948190	178.692764	33.563572	557.312775	40.206979	540.583605	-0.009168	-0.033942	1.549365	1.422287
3547663188.593914	36.875542	548.951597	178.666824	33.338003	557.227213	40.413081	540.675981	-0.004570	-0.028994	1.554252	1.427175
3547663189.276393	36.876743	548.952649	178.708115	33.683825	557.367236	40.069661	540.538062	-0.013795	-0.014350	1.544477	1.441838
3547663189.979891	36.878201	548.951615	178.688766	33.523084	557.302854	40.233317	540.600376	-0.004570	-0.014350	1.554252	1.441838
3547663190.651364	36.875249	548.951877	178.669846	33.362730	557.238143	40.387769	540.665611	-0.013795	-0.024079	1.544477	1.432063
3547663191.311830	36.874941	548.953055	178.670837	33.370641	557.242800	40.379240	540.663309	-0.004570	0.014063	1.554252	1.471163
3547663191.972298	36.878999	548.951105	178.686981	33.508979	557.296341	40.249020	540.605869	-0.027855	-0.024079	1.529814	1.432063
3547663192.676792	36.873307	548.949332	178.727844	33.847016	557.425272	39.899598	540.473391	0.013538	-0.048994	1.573803	1.407625
3547663193.355272	36.880812	548.946854	178.812057	34.578189	557.647310	39.183435	540.246399	-0.018452	-0.043942	1.539589	1.412512
3547663194.020741	36.882211	548.954756	178.628418	33.029523	557.088439	40.734899	540.821074	-0.023139	-0.028994	1.534702	1.427175
3547663194.720240	36.883396	548.948998	178.653046	33.232169	557.175087	40.534622	540.722908	-0.018452	-0.024079	1.539589	1.432063
3547663195.426734	36.881031	548.951051	178.672226	33.388246	557.245655	40.373817	540.656448	-0.027855	-0.038925	1.529814	1.417400
3547663196.072188	36.877170	548.953284	178.614731	32.913520	557.033475	40.840821	540.873094	-0.009168	-0.069558	1.549365	1.388074
3547663196.751668	36.878274	548.949525	178.670914	33.374607	557.239538	40.381941	540.659512	-0.004570	0.004719	1.554252	1.461388
3547663197.435150	36.876574	548.948786	178.655090	33.242175	557.182324	40.510973	540.715248	-0.009168	-0.028994	1.549365	1.427175
3547663198.133644	36.877632	548.950893	178.695175	33.576104	557.323462	40.179159	540.578324	-0.000000	-0.038925	1.559140	1.417400
3547663198.832135	36.878062	548.951967	178.641525	33.132313	557.135448	40.623812	540.768486	-0.009168	-0.033942	1.549365	1.422287
3547663199.539637	42.544015	549.165182	185.594299	44.686247	557.906512	40.401782	540.423853	0.009054	-0.059204	1.568915	1.397849
3547663200.168079	59.891972	550.627866	181.675003	64.498884	542.896349	55.285059	558.359384	-0.027855	-0.048994	1.529814	1.407625
3547663200.862568	78.718614	549.318567	167.769836	87.302235	552.024386	70.134994	546.612747	-0.027855	-0.024079	1.529814	1.432063
3547663201.590084	97.201552	541.809339	146.354034	88.527556	544.209714	105.875547	539.408964	-0.047027	-0.019198	1.510264	1.436950
3547663202.287574	113.015490	523.282655	112.606735	117.255890	515.344203	108.775091	531.221106	-0.023139	-0.019198	1.534702	1.436950
3547663202.980065	114.871522	500.214415	74.538101	121.692824	494.343313	108.050219	506.085517	-0.009168	-0.054081	1.549365	1.402737
3547663203.666548	103.387155	482.483002	37.825134	102.255953	473.554375	104.518357	491.411629	-0.056800	-0.028994	1.500489	1.427175
3547663205.733004	53.118306	496.852010	290.480286	44.179873	495.801100	62.056739	497.902920	-0.027855	-0.024079	1.529814	1.432063
3547663206.450511	50.821691	514.451784	264.888153	43.275949	509.546505	58.367434	519.357064	-0.023139	-0.024079	1.534702	1.432063
3547663207.817474	68.397171	545.578773	213.784714	66.995184	536.688642	69.799157	554.468904	-0.018452	-0.043942	1.539589	1.412512
3547663208.476943	87.899495	551.346386	179.864227	94.314465	557.658925	81.484524	545.033847	-0.032602	-0.043942	1.524927	1.412512
3547663213.280329	123.181506	541.684843	170.736221	115.200956	537.524215	131.162055	545.845471	-0.032602	-0.028994	1.524927	1.427175
3547663215.330776	171.456060	516.965686	123.342667	178.039767	523.102036	164.872352	510.829336	-0.023139	-0.043942	1.534702	1.412512
3547663216.045279	179.110203	497.577470	97.445976	179.619367	506.563055	178.601039	488.591884	-0.032602	-0.004751	1.524927	1.451613
3547663217.421251	169.723912	460.635944	54.068115	175.249356	467.740130	164.198468	453.531757	-0.023139	-0.043942	1.534702	1.412512
3547663218.155768	156.158857	447.580005	34.288025	153.762661	456.255156	158.555053	438.904854	-0.032602	-0.064363	1.524927	1.392962
3547663218.845255	138.946876	440.095047	12.891987	136.067842	431.567963	141.825910	448.622131	-0.037379	-0.048994	1.520039	1.407625
3547663219.512725	120.770783	439.453807	350.542480	129.479981	437.184472	112.061586	441.723141	-0.018452	-0.043942	1.539589	1.412512
3547663220.213219	104.775906	444.648978	332.287506	110.719262	437.890537	98.832550	451.407419	-0.023139	-0.028994	1.534702	1.427175
3547663220.904709	90.858403	454.532269	317.270691	90.586940	463.528174	91.129866	445.536364	-0.042188	-0.059204	1.515152	1.397849
3547663221.548162	80.561498	467.060009	303.568481	72.288834	470.604443	88.834163	463.515574	-0.037379	-0.059204	1.520039	1.397849
3547663222.216635	73.030586	482.229325	287.068390	81.363847	485.628849	64.697325	478.829801	-0.047027	-0.048994	1.510264	1.407625
3547663222.908122	69.834178	496.329878	276.574249	68.809542	487.388395	70.858813	505.271362	-0.032602	-0.043942	1.524927	1.412512
3547663223.587603	68.987276	512.515935	268.675446	77.965690	511.892971	60.008862	513.138900	-0.037379	-0.069558	1.520039	1.388074
3547663224.295101	70.555401	527.976403	260.858307	71.508659	536.925777	69.602143	519.027029	-0.023139	-0.074790	1.534702	1.383187
3547663225.634049	80.474012	560.338425	244.878952	81.954724	551.461067	78.993300	569.215783	-0.042188	-0.043942	1.515152	1.412512
3547663226.271496	91.618731	559.025456	189.534485	83.861992	554.461138	99.375469	563.589774	-0.032602	-0.054081	1.524927	1.402737
3547663233.111322	121.743616	548.306587	172.654366	120.548086	557.226828	122.939145	539.386345	-0.042188	-0.048994	1.515152	1.407625
3547663233.747768	139.985237	542.788303	152.118614	131.261982	540.573621	148.708492	545.002986	-0.037379	-0.074790	1.520039	1.383187
3547663234.462274	155.714389	527.812731	119.924263	151.058311	520.110723	160.370468	535.514739	-0.023139	-0.054081	1.534702	1.402737
3547663235.146756	160.124935	506.755549	83.313671	151.141930	507.308393	169.107939	506.202706	-0.037379	-0.038925	1.520039	1.417400
3547663235.863259	150.210488	487.086406	44.270422	147.653094	478.457401	152.767882	495.715412	-0.056800	-0.054081	1.500489	1.402737
3547663237.827648	99.127915	484.800483	317.851624	103.837973	492.469600	94.417858	477.131366	-0.032602	-0.048994	1.524927	1.407625
3547663238.512129	88.930043	497.628537	297.811646	83.557764	504.849244	94.302323	490.407830	-0.027855	-0.054081	1.529814	1.402737
3547663239.214625	83.964458	514.499828	275.385223	91.880470	510.217685	76.048446	518.781972	-0.027855	-0.054081	1.529814	1.402737
3547663250.111317	115.264018	565.929419	217.268890	119.570926	573.831985	110.957110	558.026854	-0.032602	-0.054081	1.524927	1.402737
3547663250.761772	125.121121	574.136434	218.088600	133.836662	576.381284	116.405580	571.891584	-0.047027	-0.048994	1.510264	1.407625
3547663252.826229	140.680847	577.438582	75.969910	135.811391	569.869673	145.550304	585.007492	-0.037379	-0.048994	1.520039	1.407625
3547663253.503707	136.396613	564.285961	65.492027	132.229281	572.263013	140.563945	556.308910	-0.047027	-0.043942	1.510264	1.412512
3547663254.196196	127.927291	548.315083	55.425735	136.039658	544.417712	119.814924	552.212454	-0.004570	-0.074790	1.554252	1.383187
3547663255.536142	100.329580	523.482594	25.254784	99.233923	514.549535	101.425237	532.415652	-0.047027	-0.038925	1.510264	1.417400
3547663256.865077	64.592290	517.298786	354.032898	57.183248	522.408198	72.001333	512.189374	-0.056800	-0.064363	1.500489	1.392962
3547663257.504529	47.889369	520.708208	340.412689	39.785790	516.792597	55.992947	524.623819	-0.037379	-0.064363	1.520039	1.392962
3547663258.186011	33.439421	526.819472	331.265411	42.305674	528.365291	24.573168	525.273653	-0.027855	-0.054081	1.529814	1.402737
3547663259.564982	15.337852	538.321277	10.000891	20.240766	545.868556	10.434937	530.773997	-0.066701	-0.033942	1.490714	1.422287
3547663260.255471	14.951239	537.953883	77.010452	5.958963	538.326667	23.943515	537.581100	-0.013795	-0.048994	1.544477	1.407625
3547663262.989398	41.728681	538.700048	189.152573	36.231889	531.573669	47.225474	545.826426	-0.032602	-0.064363	1.524927	1.392962
3547663263.658871	60.721454	541.420171	187.005295	69.692285	540.696167	51.750622	542.144175	-0.037379	-0.064363	1.520039	1.392962
3547663264.417405	81.401586	542.217122	177.881897	73.050003	545.571381	89.753170	538.862863	-0.009168	-0.064363	1.549365	1.392962
3547663266.447838	142.571201	514.218072	131.953911	142.508027	505.218294	142.634375	523.217850	0.004541	-0.038925	1.564027	1.417400
3547663267.142330	155.827897	495.841430	119.170208	157.706790	487.039739	153.949004	504.643121	-0.027855	-0.054081	1.529814	1.402737
3547663268.527307	168.709807	453.330597	92.406662	177.382973	455.733966	160.036640	450.927227	-0.037379	-0.043942	1.520039	1.412512
3547663269.193776	167.440122	431.246534	78.578178	167.785295	440.239912	167.094948	422.253156	-0.023139	-0.033942	1.534702	1.422287
3547663269.891267	160.719179	410.406573	65.562401	157.123072	418.656907	164.315286	402.156239	-0.018452	-0.064363	1.539589	1.392962
3547663270.639798	150.531640	393.153728	51.408318	142.343316	389.418577	158.719964	396.888879	-0.027855	-0.038925	1.529814	1.417400
3547663271.320275	135.772964	379.087181	34.552055	135.723790	388.087046	135.822139	370.087315	-0.032602	-0.038925	1.524927	1.417400
3547663275.425172	25.838903	381.343119	325.902100	32.440888	375.226436	19.236919	387.459801	-0.027855	-0.043942	1.529814	1.412512
3547663276.080635	15.792247	390.851907	282.685150	16.315649	381.867140	15.268844	399.836675	-0.027855	-0.054081	1.529814	1.402737
3547663276.798141	16.735303	393.750730	213.148132	20.892658	385.768474	12.577948	401.732985	-0.023139	-0.054081	1.534702	1.402737
3547663278.115071	38.598707	387.612647	156.865524	40.510993	378.818150	36.686421	396.407143	-0.037379	-0.059204	1.520039	1.397849
3547663278.784543	55.325367	378.466498	144.593155	54.607096	369.495206	56.043638	387.437790	-0.027855	-0.048994	1.529814	1.407625
3547663280.113480	79.390680	346.526272	110.198395	81.553179	355.262610	77.228181	337.789934	-0.013795	-0.048994	1.544477	1.407625
3547663280.753932	83.870323	325.378824	92.557175	92.805807	326.454523	74.934839	324.303124	-0.042188	-0.043942	1.515152	1.412512
3547663281.419408	81.471825	303.865802	71.991573	79.114140	312.551498	83.829510	295.180105	-0.042188	-0.054081	1.515152	1.402737
3547663282.099881	70.182895	284.336997	49.996857	72.571556	275.659768	67.794234	293.014226	-0.023139	-0.043942	1.534702	1.412512
3547663282.803378	53.670430	270.206062	28.626499	56.774810	278.653714	50.566051	261.758409	-0.027855	-0.033942	1.529814	1.422287
3547663284.156332	13.406309	264.315330	0.244566	11.227091	255.583147	15.585528	273.047512	-0.000000	-0.059204	1.559140	1.397849
3547663285.476263	13.154697	264.754398	71.263229	5.613709	269.666983	20.695686	259.841813	0.013538	-0.064363	1.573803	1.392962
3547663286.162746	13.618733	263.013289	127.737831	5.734896	267.354386	21.502570	258.672193	0.009054	-0.038925	1.568915	1.417400
3547663286.788188	14.975353	262.587691	178.146973	7.794224	268.012762	22.156481	257.162621	0.009054	-0.059204	1.568915	1.397849
3547663287.499689	26.230769	263.471831	191.011658	20.961288	270.767896	31.500251	256.175766	0.017995	-0.024079	1.578690	1.432063
3547663288.199185	42.504368	267.906833	196.694992	34.036063	270.954424	50.972673	264.859242	0.017995	-0.028994	1.578690	1.427175
3547663288.870659	60.605519	273.486222	196.542725	51.772937	275.214081	69.438101	271.758362	0.031202	-0.024079	1.593353	1.432063
3547663289.573154	80.453900	278.824349	192.092102	84.408658	286.908895	76.499142	270.739802	0.013538	-0.014350	1.573803	1.441838
3547663292.320090	156.832886	281.767555	169.061356	161.800037	274.262396	151.865736	289.272714	0.031202	0.004719	1.593353	1.461388
3547663293.003573	177.217272	277.860697	163.170486	178.937604	269.026646	175.496940	286.694748	0.035550	0.018689	1.598240	1.476051
3547663293.718077	195.676693	270.935396	156.795753	198.197428	262.295610	193.155958	279.575181	0.035550	0.018689	1.598240	1.476051
3547663294.421573	213.676011	261.838763	148.021278	216.900520	270.241295	210.451502	253.436232	0.039872	0.036890	1.603128	1.495601
3547663295.104057	230.708205	249.678241	139.049805	224.129563	243.536460	237.286847	255.820021	0.009054	-0.004751	1.568915	1.451613
3547663296.447004	255.596973	220.241297	121.293663	247.119245	223.262576	264.074701	217.220017	0.026827	0.009407	1.588465	1.466276
3547663297.109469	264.731554	203.501335	116.430496	266.445140	212.336697	263.017967	194.665973	0.017995	-0.004751	1.578690	1.451613
3547663298.463425	277.691445	168.218379	104.777870	285.733886	172.258075	269.649004	164.178683	0.004541	0.004719	1.564027	1.461388
3547663299.207952	281.496413	148.918482	98.031845	286.889006	156.124030	276.103819	141.712933	0.044168	-0.024079	1.608016	1.432063
3547663299.875423	282.797493	129.665142	91.278191	284.337905	138.532337	281.257082	120.797948	0.026827	0.009407	1.588465	1.466276
3547663300.561905	282.077491	110.378127	85.467628	287.485593	117.572043	276.669389	103.184210	-0.000000	-0.019198	1.559140	1.436950
3547663301.237382	279.455432	91.813096	78.777206	281.571933	100.560691	277.338932	83.065500	0.009054	0.004719	1.568915	1.461388
3547663301.881840	274.283757	72.324770	72.277237	274.469197	81.322859	274.098317	63.326681	0.009054	0.036890	1.568915	1.495601
3547663302.560316	267.507997	54.232264	66.813049	274.207403	60.242086	260.808590	48.222443	0.009054	-0.014350	1.568915	1.441838
3547663303.208776	259.112073	37.935223	58.465607	250.645877	40.988669	267.578269	34.881778	-0.004570	-0.014350	1.554252	1.441838
3547663303.953299	247.546962	22.882462	46.611855	243.137390	30.728205	251.956535	15.036720	-0.004570	-0.014350	1.554252	1.441838
3547663306.083801	232.291093	16.449971	242.505600	237.394882	23.862888	227.187304	9.037054	-0.023139	-0.019198	1.534702	1.436950
3547663306.860349	239.442445	28.293918	236.880569	248.014337	31.036668	230.870554	25.551169	-0.009168	-0.038925	1.549365	1.417400
3547663307.538828	249.787742	42.522149	229.245026	248.967738	51.484715	250.607746	33.559582	-0.013795	-0.019198	1.544477	1.436950
3547663308.270344	264.633961	57.826292	220.331375	260.965026	49.608085	268.302896	66.044498	-0.018452	-0.038925	1.539589	1.417400
3547663308.951825	282.467206	69.989144	205.779922	291.467064	69.938711	273.467347	70.039577	-0.013795	-0.048994	1.544477	1.407625
3547663309.629302	289.546999	75.302498	248.433517	291.753553	84.027813	287.340444	66.577183	-0.009168	-0.033942	1.549365	1.422287
3547663310.365823	289.609255	79.683209	289.066010	289.253979	70.690224	289.964531	88.676194	-0.013795	-0.024079	1.544477	1.432063
3547663311.048303	284.480690	88.558656	301.643524	284.025220	79.570188	284.936160	97.547123	-0.032602	-0.028994	1.524927	1.427175
3547663311.723780	275.893832	101.910320	304.019867	269.995855	108.708398	281.791809	95.112242	-0.018452	-0.028994	1.539589	1.427175
3547663313.137778	257.207807	133.095618	297.890991	252.424761	140.719427	261.990853	125.471808	0.009054	-0.033942	1.568915	1.422287
3547663313.891309	248.732938	150.867076	291.764465	245.197928	159.143772	252.267949	142.590379	-0.000000	-0.024079	1.559140	1.432063
3547663315.351340	243.011915	192.324146	262.252350	251.989472	192.959348	234.034359	191.688944	0.026827	0.018689	1.588465	1.476051
3547663316.064844	248.719040	214.073788	248.592270	252.277202	222.340558	245.160879	205.807018	0.035550	0.027849	1.598240	1.485826
3547663317.454824	270.159226	245.412481	222.701950	267.063608	253.863348	273.254843	236.961614	0.017995	0.032384	1.578690	1.490714
3547663318.184340	284.560170	256.023350	214.097122	280.493651	247.994438	288.626690	264.052261	0.031202	0.036890	1.593353	1.495601
3547663318.846807	287.727500	260.680762	265.760361	279.118328	263.304150	296.336672	258.057375	0.017995	0.018689	1.578690	1.476051
3547663319.530287	286.348287	265.095846	305.107834	289.630888	273.475854	283.065687	256.715838	0.035550	0.023284	1.598240	1.480938
3547663320.212770	278.618455	273.220421	316.306870	271.074585	278.128580	286.162325	268.312262	0.013538	-0.004751	1.573803	1.451613
3547663320.881240	266.331125	284.521103	317.549622	268.546977	293.244061	264.115273	275.798145	0.035550	0.014063	1.598240	1.471163
3547663321.554716	254.182229	296.629947	313.562057	259.243251	289.187766	249.121206	304.072127	0.031202	0.027849	1.593353	1.485826
3547663322.212179	243.243333	309.321209	307.342499	247.820914	301.572289	238.665753	317.070129	0.035550	-0.014350	1.598240	1.441838
3547663322.953704	233.043221	324.581366	299.917633	241.994157	325.519845	224.092285	323.642887	0.022425	0.063316	1.583578	1.524927
3547663323.626176	225.127028	340.835515	290.884583	216.495819	343.385463	233.758237	338.285567	0.009054	0.014063	1.568915	1.471163
3547663324.305657	219.494160	358.832194	283.190765	215.600338	350.718123	223.387981	366.946266	0.017995	0.004719	1.578690	1.461388
3547663324.967123	215.966648	375.697971	278.420105	207.639579	379.112633	224.293717	372.283310	0.026827	0.014063	1.588465	1.471163
3547663326.323080	214.994361	414.420278	262.160217	223.875402	415.878742	206.113321	412.961814	0.017995	-0.009534	1.578690	1.446725
3547663326.960530	218.729401	432.242688	253.957306	214.322467	440.089913	223.136336	424.395464	0.017995	0.041366	1.578690	1.500489
3547663327.650017	226.175068	451.470393	243.774368	234.770599	448.802651	217.579537	454.138136	0.022425	-0.000000	1.583578	1.456500
3547663328.356514	236.711354	468.716410	233.241989	230.484153	462.218566	242.938554	475.214254	0.013538	-0.009534	1.573803	1.446725
3547663329.024987	250.734369	483.617128	221.322296	241.849304	482.183389	259.619435	485.050867	-0.000000	-0.014350	1.559140	1.441838
3547663329.704465	267.657748	496.091812	210.817978	270.584947	504.602482	264.730549	487.581141	-0.009168	-0.033942	1.549365	1.422287
3547663330.411966	286.981403	505.031236	201.679962	281.766510	497.696054	292.196297	512.366417	0.009054	-0.014350	1.568915	1.441838
3547663331.101451	290.123100	508.487604	267.049774	290.252683	517.486671	289.993517	499.488537	0.004541	-0.009534	1.564027	1.446725
3547663331.731897	289.110419	510.307381	320.890076	285.214987	502.194083	293.005851	518.420679	-0.004570	-0.014350	1.554252	1.441838
3547663332.428387	280.360431	516.077475	328.797913	272.468584	520.403992	288.252278	511.750958	-0.004570	-0.014350	1.554252	1.441838
3547663333.087852	267.401498	523.668696	328.705566	259.144308	527.249031	275.658689	520.088360	0.004541	-0.048994	1.564027	1.407625
3547663335.195340	226.498798	552.329142	318.754181	235.436769	553.383973	217.560826	551.274311	0.004541	-0.043942	1.564027	1.412512
3547663335.924857	213.319198	564.579202	314.532288	210.039314	556.198130	216.599081	572.960274	0.004541	-0.009534	1.564027	1.446725
3547663336.565307	200.686358	578.266493	309.702698	191.979256	580.543854	209.393460	575.989131	-0.000000	-0.009534	1.559140	1.446725
3547663338.657784	208.037610	580.129020	154.798630	214.861654	585.996934	201.213565	574.261106	-0.009168	-0.019198	1.549365	1.436950
3547663339.407311	225.177370	570.884706	148.177475	229.669741	578.683334	220.684999	563.086077	-0.009168	-0.028994	1.549365	1.427175
3547663340.110808	241.927525	558.225889	136.587219	250.904167	558.873879	232.950882	557.577900	-0.027855	-0.033942	1.529814	1.422287
3547663340.787284	253.532738	544.690501	124.314682	262.312320	542.710872	244.753155	546.670130	-0.013795	-0.024079	1.544477	1.432063
3547663344.980242	266.351231	519.748674	111.890213	274.762598	516.547282	257.939864	522.950065	-0.027855	-0.028994	1.529814	1.427175
3547663345.683738	271.939346	506.585093	114.484680	263.090367	504.943274	280.788324	508.226913	-0.018452	-0.033942	1.539589	1.422287
3547663346.377228	280.838219	489.540868	118.043114	289.594213	487.459383	272.082226	491.622354	-0.013795	-0.038925	1.544477	1.417400
3547663349.898712	256.569859	484.454286	339.570038	254.099692	475.799907	259.040026	493.108665	-0.013795	-0.028994	1.544477	1.427175
3547663350.607212	240.171473	489.777485	342.559906	241.305214	498.705790	239.037733	480.849180	-0.027855	-0.028994	1.529814	1.427175
3547663351.274683	222.712662	494.528109	345.737976	221.254066	485.647090	224.171257	503.409128	-0.013795	-0.038925	1.544477	1.417400
3547663351.957164	203.078214	498.383824	349.675629	210.444967	503.554022	195.711461	493.213625	-0.042188	-0.048994	1.515152	1.407625
3547663352.662663	185.108009	501.028904	351.848663	185.195433	492.029329	185.020586	510.028480	-0.032602	-0.043942	1.524927	1.412512
3547663353.353149	167.430916	502.839613	354.730743	165.037044	511.515405	169.824789	494.163821	-0.032602	-0.033942	1.524927	1.422287
3547663354.075658	147.955886	503.291696	358.318909	146.368124	494.432858	149.543648	512.150534	-0.037379	-0.019198	1.520039	1.436950
3547663354.738126	128.714779	502.539593	1.898352	120.193296	505.435162	137.236263	499.644025	-0.013795	-0.038925	1.544477	1.417400
3547663355.395590	110.700788	501.155093	5.561340	116.647724	494.399802	104.753852	507.910384	-0.009168	-0.033942	1.549365	1.422287
3547663356.084076	94.463650	498.872731	9.349907	93.790440	507.847518	95.136860	489.897945	-0.013795	-0.043942	1.544477	1.412512
3547663356.738539	77.250627	495.716153	12.421528	78.549659	486.810396	75.951596	504.621911	-0.032602	-0.028994	1.524927	1.427175
3547663357.459046	58.390330	491.141844	15.470857	56.276309	499.890039	60.504350	482.393649	-0.032602	-0.048994	1.524927	1.407625
3547663358.125518	39.769342	485.565830	19.051060	37.968055	476.747930	41.570628	494.383730	-0.047027	-0.033942	1.510264	1.422287
3547663360.225998	14.081454	467.873888	112.915649	15.707647	459.022024	12.455260	476.725752	-0.037379	-0.064363	1.520039	1.392962
3547663360.901480	20.789345	459.990179	137.323181	27.877697	454.444436	13.700993	465.535923	-0.018452	-0.028994	1.539589	1.427175
3547663361.598968	34.569478	449.134128	144.714828	32.767639	440.316341	36.371316	457.951916	-0.018452	-0.064363	1.539589	1.392962
3547663362.284450	52.548120	437.803049	150.522049	54.986831	429.139754	50.109408	446.466344	-0.032602	-0.000000	1.524927	1.456500
3547663362.993951	71.952603	428.225214	154.578217	77.328636	435.443126	66.576570	421.007301	-0.032602	-0.033942	1.524927	1.422287
3547663364.389937	115.210840	407.835774	155.136795	123.595125	411.107434	106.826555	404.564113	-0.027855	-0.038925	1.529814	1.417400
3547663365.089429	136.032795	398.762671	157.906052	129.413206	392.665045	142.652384	404.860297	-0.023139	-0.043942	1.534702	1.412512
3547663365.789925	158.183173	391.366729	164.205887	151.462982	385.380159	164.903365	397.353299	-0.042188	-0.048994	1.515152	1.407625
3547663366.495426	180.096929	386.368050	168.938522	185.946221	379.528036	174.247637	393.208063	-0.027855	-0.059204	1.529814	1.397849
3547663367.837374	224.591979	379.128863	170.561340	217.457066	373.643152	231.726892	384.614574	-0.027855	-0.048994	1.529814	1.407625
3547663368.525855	246.319279	376.216958	173.084213	248.949861	384.823934	243.688697	367.609982	-0.051897	-0.004751	1.505376	1.451613
3547663369.235355	268.699372	374.649673	176.209946	266.205624	366.002059	271.193121	383.297286	-0.023139	-0.054081	1.534702	1.402737
3547663369.920837	289.327610	373.292616	167.765427	297.899215	376.036261	280.756005	370.548971	-0.032602	-0.038925	1.524927	1.417400
3547663371.312820	290.936159	374.749696	69.465714	287.844372	366.297427	294.027946	383.201965	-0.042188	-0.038925	1.515152	1.417400
3547663372.018321	291.521060	375.553932	20.670849	282.801955	377.784898	300.240165	373.322966	-0.037379	-0.054081	1.520039	1.402737
3547663373.450327	277.224113	376.448053	354.791931	275.365241	385.253994	279.082984	367.642112	-0.009168	-0.043942	1.549365	1.412512
3547663374.161830	260.788928	377.190494	357.853333	263.347229	368.561757	258.230627	385.819230	-0.018452	-0.033942	1.539589	1.422287
3547663374.846313	242.483935	377.581109	358.679749	237.870722	369.853350	247.097149	385.308868	-0.051897	-0.064363	1.505376	1.392962
3547663376.225287	202.176791	374.803980	9.204206	200.207697	383.585931	204.145885	366.022029	-0.027855	-0.024079	1.529814	1.432063
3547663378.333772	145.896476	356.523897	25.332531	144.110307	347.702922	147.682646	365.344872	-0.018452	-0.048994	1.539589	1.407625
3547663379.005247	126.706756	346.456163	25.834810	120.894566	339.584594	132.518945	353.327731	-0.042188	-0.038925	1.515152	1.417400
3547663379.678722	108.832155	338.307547	25.699579	103.999450	330.715119	113.664860	345.899975	-0.027855	-0.080059	1.529814	1.378299
3547663380.363206	90.520069	329.018436	27.881273	87.072912	337.332106	93.967225	320.704766	-0.027855	-0.054081	1.529814	1.402737
3547663381.021669	74.448791	319.836946	30.989601	78.170542	311.642523	70.727040	328.031368	-0.037379	-0.064363	1.520039	1.392962
3547663382.459685	41.502635	296.163291	38.538746	34.803045	290.153674	48.202224	302.172909	-0.032602	-0.043942	1.524927	1.412512
3547663383.859676	16.946207	269.948859	86.129326	25.633283	272.301457	8.259132	267.596261	-0.032602	-0.054081	1.524927	1.402737
3547663384.536154	18.612933	265.322082	131.024033	25.788906	259.890194	11.436960	270.753971	-0.027855	-0.074790	1.529814	1.383187
3547663385.228637	26.110926	261.250151	158.720108	17.132766	261.876755	35.089087	260.623547	-0.061734	-0.048994	1.495601	1.407625
3547663385.942142	42.825670	256.102363	167.334305	49.466410	262.176948	36.184931	250.027778	-0.047027	-0.059204	1.510264	1.397849
3547663386.623623	62.217025	252.531769	174.011078	70.679636	255.595133	53.754413	249.468405	-0.027855	-0.059204	1.529814	1.397849
3547663387.313108	83.955569	251.425122	180.280563	92.375420	254.604132	75.535717	248.246113	-0.032602	-0.048994	1.524927	1.407625
3547663387.995590	108.108139	252.386294	183.441940	99.627045	249.374476	116.589233	255.398111	-0.051897	-0.048994	1.505376	1.407625
3547663389.414591	151.037034	257.865286	194.354149	154.744605	249.664437	147.329462	266.066134	-0.042188	-0.048994	1.515152	1.407625
3547663390.077057	172.996354	264.748494	201.490061	169.259808	256.560806	176.732900	272.936181	-0.023139	-0.038925	1.534702	1.417400
3547663390.766544	194.420076	273.722807	205.535622	203.164897	275.850739	185.675254	271.594874	-0.047027	-0.048994	1.510264	1.407625
3547663391.439018	213.961881	284.465957	210.388504	213.079467	293.422594	214.844295	275.509320	-0.027855	-0.033942	1.529814	1.422287
3547663392.157526	232.583221	295.681743	210.631294	233.879970	304.587834	231.286472	286.775653	-0.032602	-0.043942	1.524927	1.412512
3547663392.859022	251.460723	307.391255	211.882584	260.323386	308.957524	242.598060	305.824987	-0.027855	-0.014350	1.529814	1.441838
3547663393.540503	269.629389	319.553774	214.574348	262.329395	314.289736	276.929382	324.817812	-0.032602	-0.054081	1.524927	1.402737
3547663394.257006	285.704807	331.633259	228.622849	279.815027	338.438440	291.594586	324.828077	-0.032602	-0.059204	1.524927	1.397849
3547663394.967509	286.914786	337.558055	286.353729	290.981113	345.587064	282.848459	329.529045	-0.032602	-0.048994	1.524927	1.407625
3547663396.341482	273.329551	348.054079	333.903839	266.307569	342.424535	280.351533	353.683623	-0.009168	-0.048994	1.549365	1.407625
3547663397.017955	257.983576	354.481261	341.554413	251.051594	360.221263	264.915558	348.741259	-0.027855	-0.043942	1.529814	1.412512
3547663397.729455	239.874513	359.092082	349.470123	246.031214	365.656763	233.717812	352.527402	-0.023139	-0.054081	1.534702	1.402737
3547663399.759889	181.074659	360.095101	3.081433	180.533544	369.078820	181.615773	351.111383	-0.013795	-0.038925	1.544477	1.417400
3547663400.414350	161.130761	358.098851	8.829288	156.082527	365.549712	166.178994	350.647989	-0.013795	-0.054081	1.544477	1.402737
3547663401.147871	140.403927	353.636053	14.653090	132.575386	358.076091	148.232469	349.196015	-0.027855	-0.043942	1.529814	1.412512
3547663401.858374	121.544775	348.135872	14.911353	115.109863	354.428081	127.979688	341.843662	-0.037379	-0.048994	1.520039	1.407625
3547663402.599892	101.719552	342.967468	18.513933	104.683767	334.469620	98.755337	351.465317	-0.000000	-0.033942	1.559140	1.422287
3547663403.308394	83.848473	336.228556	22.909489	90.999827	341.692816	76.697119	330.764297	-0.013795	-0.048994	1.544477	1.407625
3547663404.027902	65.629172	327.413210	28.928183	71.103384	334.556948	60.154959	320.269471	-0.013795	-0.043942	1.544477	1.412512
3547663405.414878	33.454475	306.106764	37.264496	37.244034	297.943478	29.664916	314.270050	-0.004570	-0.043942	1.554252	1.412512
3547663406.099367	19.963978	294.125114	59.629042	19.413353	303.108254	20.514602	285.141974	-0.013795	-0.038925	1.544477	1.417400
3547663406.790850	19.460379	287.920659	114.923325	10.751847	290.192546	28.168911	285.648772	-0.023139	-0.028994	1.534702	1.427175
3547663407.526372	24.521906	283.839480	153.701294	22.411040	292.588437	26.632773	275.090523	-0.013795	-0.038925	1.544477	1.417400
3547663408.182838	39.525717	279.725348	170.265686	34.298725	272.398783	44.752710	287.051913	-0.009168	-0.028994	1.549365	1.427175
3547663409.614847	79.594166	278.658998	186.751984	88.460163	280.206286	70.728169	277.111710	-0.018452	0.004719	1.539589	1.461388
3547663410.323344	104.172822	283.805617	195.128281	101.090664	275.349832	107.254980	292.261402	-0.004570	-0.014350	1.554252	1.441838
3547663410.990813	124.591486	290.019956	200.111847	131.912659	284.785415	117.270312	295.254497	-0.000000	-0.004751	1.559140	1.451613
3547663411.697311	143.635552	298.354885	207.974537	138.337455	291.079573	148.933648	305.630198	-0.000000	0.004719	1.559140	1.461388
3547663412.413819	161.493741	308.651448	216.480209	158.922899	317.276456	164.064584	300.026440	-0.000000	0.018689	1.559140	1.476051
3547663413.109307	177.167489	322.823082	223.014099	176.816765	331.816246	177.518214	313.829918	0.013538	0.014063	1.573803	1.471163
3547663413.798794	191.433681	337.993159	229.412750	192.121389	346.966846	190.745973	329.019472	-0.004570	0.036890	1.554252	1.495601
3547663414.496288	203.717954	353.802036	232.684814	201.868599	344.994091	205.567309	362.609980	0.013538	0.036890	1.573803	1.495601
3547663415.878263	228.832629	384.829773	227.647278	219.895415	383.768542	237.769842	385.891005	0.004541	0.045813	1.564027	1.505376
3547663416.567748	244.071013	400.448914	221.626114	235.163947	401.738942	252.978080	399.158887	0.013538	0.045813	1.573803	1.505376
3547663417.289257	259.444207	413.299601	216.751511	259.278774	422.298080	259.609640	404.301121	-0.009168	0.023284	1.549365	1.480938
3547663421.457198	289.014006	428.759581	28.863743	294.016834	436.241005	284.011178	421.278156	-0.000000	0.009407	1.559140	1.466276
3547663423.563683	247.816820	407.168124	23.129477	255.988226	410.940142	239.645414	403.396105	0.013538	0.023284	1.573803	1.480938
3547663424.274184	231.128396	400.588272	18.799496	231.578750	391.599547	230.678042	409.576997	0.022425	0.004719	1.583578	1.461388
3547663424.964674	213.683848	395.096872	15.365323	210.660073	403.573710	216.707623	386.620034	-0.000000	0.018689	1.559140	1.476051
3547663425.627138	196.015487	391.007421	11.797536	202.273170	384.538928	189.757803	397.475913	-0.004570	0.004719	1.554252	1.461388
3547663426.321629	177.929490	388.046502	8.537730	170.952599	393.731833	184.906382	382.361171	-0.000000	0.014063	1.559140	1.471163
3547663427.041135	159.225867	386.278072	5.169389	167.302289	382.306748	151.149445	390.249396	0.004541	0.032384	1.564027	1.490714
3547663427.745634	141.640621	385.402498	1.287918	132.998316	382.890415	150.282926	387.914582	-0.013795	0.004719	1.544477	1.461388
3547663428.432117	122.687471	386.174631	356.361984	131.492028	388.040047	113.882914	384.309215	-0.000000	0.004719	1.559140	1.461388
3547663429.135614	105.221286	387.995823	353.643860	96.427897	389.913191	114.014675	386.078454	-0.000000	-0.004751	1.559140	1.451613
3547663429.813091	88.321344	390.393782	349.727844	95.947899	395.172449	80.694790	385.615115	0.022425	-0.019198	1.583578	1.436950
3547663430.491570	71.471745	393.863620	345.176849	74.962765	385.568274	67.980724	402.158967	-0.004570	-0.033942	1.554252	1.422287
3547663431.175051	55.575414	398.186924	342.775208	58.590440	406.666878	52.560388	389.706970	-0.004570	0.009407	1.554252	1.466276
3547663431.881551	39.950274	403.291069	341.320892	31.878183	407.271187	48.022366	399.310951	0.004541	-0.019198	1.564027	1.436950
3547663432.595054	24.001780	409.117824	340.382172	16.021451	404.956772	31.982109	413.278875	-0.000000	0.032384	1.559140	1.490714
3547663433.269530	15.289509	412.966257	299.704254	23.838711	415.778933	6.740307	410.153581	0.017995	-0.004751	1.578690	1.451613
3547663433.956015	15.516758	414.738284	226.896851	9.703810	407.867358	21.329706	421.609211	-0.000000	-0.024079	1.559140	1.432063
3547663438.949537	135.869376	412.248552	161.682419	144.815373	413.233004	126.923379	411.264100	0.004541	-0.000000	1.564027	1.456500
3547663439.644027	155.216772	405.562596	160.159790	154.664202	414.545617	155.769341	396.579575	0.009054	-0.000000	1.568915	1.456500
3547663440.332516	175.213510	398.218000	158.729340	166.241516	398.927459	184.185503	397.508542	0.009054	-0.024079	1.568915	1.432063
3547663441.044016	193.979614	390.412379	155.359680	202.879686	391.749813	185.079543	389.074946	-0.009168	-0.004751	1.549365	1.451613
3547663441.787540	212.276701	381.433807	151.306061	207.886143	373.577409	216.667259	389.290206	-0.004570	-0.004751	1.554252	1.451613
3547663442.520057	230.444159	370.725946	145.562363	222.641381	366.240787	238.246938	375.211105	-0.009168	-0.019198	1.549365	1.436950
3547663443.245568	248.213794	356.011638	136.851624	257.047825	354.291205	239.379762	357.732072	-0.013795	-0.028994	1.544477	1.427175
3547663443.953068	262.800131	341.815241	136.902588	271.535050	339.647015	254.065213	343.983466	0.004541	-0.000000	1.564027	1.456500
3547663444.608530	279.521180	326.620750	135.925858	286.207167	332.645497	272.835193	320.596002	-0.000000	-0.004751	1.559140	1.451613
3547663445.315028	287.109162	317.008228	93.975803	289.526882	308.339051	284.691442	325.677405	0.004541	-0.004751	1.564027	1.451613
3547663446.026529	285.932853	314.733524	26.573839	277.008445	313.569508	294.857262	315.897539	-0.009168	-0.004751	1.549365	1.451613
3547663446.718018	280.475591	315.383812	348.826080	281.457296	324.330110	279.493886	306.437513	0.004541	-0.028994	1.564027	1.427175
3547663447.411507	266.275389	317.521614	351.515427	269.301795	309.045715	263.248984	325.997513	0.004541	-0.004751	1.564027	1.451613
3547663448.153030	249.694034	319.844868	352.840988	242.206494	314.851198	257.181574	324.838539	-0.009168	-0.014350	1.549365	1.441838
3547663448.799486	231.558213	321.878881	354.588257	227.956594	330.126811	235.159831	313.630951	-0.013795	-0.009534	1.544477	1.446725
3547663449.531003	212.585251	323.453781	357.457428	218.273274	316.479085	206.897228	330.428478	0.004541	-0.009534	1.564027	1.446725
3547663450.244507	195.105777	324.058028	0.529008	190.563685	316.288254	199.647870	331.827803	-0.004570	-0.009534	1.554252	1.446725
3547663450.937995	176.078126	323.611722	4.234398	184.069415	327.751685	168.086837	319.471759	-0.000000	-0.024079	1.559140	1.432063
3547663451.630484	157.979126	321.822993	7.977404	149.047588	322.930977	166.910664	320.715008	0.004541	-0.014350	1.564027	1.441838
3547663452.352997	140.237723	318.817304	11.621656	147.530690	313.543535	132.944756	324.091072	-0.000000	-0.019198	1.559140	1.436950
3547663453.020464	124.493659	314.401156	14.110150	115.496943	314.158037	133.490375	314.644276	0.022425	-0.009534	1.583578	1.446725
3547663454.468487	85.611220	302.753224	20.699080	76.958565	305.229422	94.263875	300.277025	0.017995	-0.014350	1.578690	1.441838
3547663455.174986	66.803867	294.688260	25.221771	66.003655	285.723905	67.604079	303.652615	0.035550	0.014063	1.598240	1.471163
3547663455.901497	49.616231	285.296273	32.374523	42.250758	280.124251	56.981704	290.468294	0.013538	0.018689	1.573803	1.476051
3547663456.586982	35.064273	274.517244	37.035954	40.604753	267.424777	29.523794	281.609711	0.056899	0.004719	1.622678	1.461388
3547663457.273465	20.707047	262.491215	40.604115	18.597546	271.240501	22.816547	253.741929	0.039872	0.041366	1.603128	1.500489
3547663457.960950	16.517409	260.193193	340.382446	8.535937	256.034334	24.498880	264.352052	0.044168	0.032384	1.608016	1.490714
3547663458.654441	16.477953	259.699898	266.042053	8.937355	264.613082	24.018552	254.786714	0.052681	0.041366	1.617791	1.500489
3547663459.306899	16.428987	261.184493	279.192871	12.850791	269.442611	20.007184	252.926375	0.077615	0.041366	1.647116	1.500489
3547663460.051426	15.144997	264.190735	308.079163	13.329791	255.375689	16.960202	273.005781	0.065260	0.088744	1.632454	1.554252
3547663460.760928	13.754429	265.254299	350.613800	22.279775	262.370124	5.229082	268.138474	0.077615	0.058982	1.647116	1.520039
3547663461.455417	14.959556	265.666139	44.184475	13.152327	256.849455	16.766785	274.482824	0.073521	0.071900	1.642229	1.534702
3547663462.164916	15.209590	265.343509	108.818756	7.043250	269.126483	23.375929	261.560534	0.101676	0.084573	1.676442	1.549365
3547663462.839392	16.982511	264.053129	165.445175	9.134677	268.458979	24.830344	259.647279	0.113394	0.092889	1.691105	1.559140
3547663463.527883	26.427136	263.270980	183.383835	18.135260	259.771725	34.719012	266.770235	0.109511	0.097009	1.686217	1.564027
3547663464.290416	41.939983	265.638653	192.673416	49.684547	270.223598	34.195419	261.053707	0.121094	0.101102	1.700880	1.568915
3547663465.014925	59.328104	271.474038	202.858795	50.557108	273.491373	68.099099	269.456703	0.139961	0.101102	1.725318	1.568915
3547663465.695406	75.461539	280.176480	212.398254	83.944077	277.168731	66.979001	283.184228	0.132479	0.097009	1.715543	1.564027
3547663466.375886	88.891211	291.063415	221.709290	80.122113	293.088980	97.660310	289.037850	0.158301	0.109213	1.749756	1.578690
3547663467.107403	101.314709	303.847305	230.446541	109.377106	307.847024	93.252312	299.847585	0.147359	0.125138	1.735093	1.598240
3547663467.812901	111.059953	317.775590	236.546371	118.257939	323.178274	103.861966	312.372906	0.147359	0.109213	1.735093	1.578690
3547663468.451350	119.383376	332.503899	243.984940	127.231438	328.098457	111.535314	336.909341	0.151027	0.125138	1.739980	1.598240
3547663469.158849	125.212517	347.122391	252.489487	116.953851	343.545459	133.471183	350.699323	0.165495	0.101102	1.759531	1.568915
3547663470.607872	130.478265	380.043333	266.812119	128.485602	388.819966	132.470928	371.266700	0.139961	0.101102	1.725318	1.568915
3547663471.313369	130.813749	398.777571	273.403702	131.579091	407.744970	130.048406	389.810171	0.147359	0.101102	1.735093	1.568915
3547663472.095921	129.362140	415.270849	277.905182	120.433226	414.141919	138.291055	416.399779	0.139961	0.084573	1.725318	1.549365
3547663472.830439	125.936070	434.124167	283.131653	122.528414	425.794228	129.343726	442.454106	0.136230	0.144504	1.720430	1.622678
3547663473.589977	121.330623	451.064204	288.084473	128.609520	445.771033	114.051726	456.357375	0.121094	0.067621	1.700880	1.529814
3547663474.275460	115.172647	467.164922	293.550079	124.012661	468.854343	106.332633	465.475500	0.121094	0.054621	1.700880	1.515152
3547663475.745496	98.516337	494.589373	307.947815	97.871277	485.612519	99.161398	503.566226	0.097725	0.080375	1.671554	1.544477
3547663476.442988	88.482538	505.771745	315.379608	80.029584	502.681831	96.935492	508.861660	0.101676	0.071900	1.676442	1.534702
3547663477.132476	76.044352	516.408212	322.891846	70.300277	523.336820	81.788427	509.479605	0.069403	0.041366	1.637341	1.500489
3547663477.819961	63.316814	524.595961	330.315613	67.218404	532.706300	59.415224	516.485622	0.109511	0.050231	1.686217	1.510264
3547663479.943458	20.226459	538.678481	351.597839	22.544862	529.982217	17.908057	547.374745	0.081685	0.036890	1.652004	1.495601
3547663482.641362	32.675990	517.246175	145.997116	23.709984	516.464679	41.641996	518.027670	0.056899	0.014063	1.622678	1.471163
3547663483.319840	48.642415	508.358062	154.813339	55.552033	514.124966	41.732798	502.591157	0.052681	0.014063	1.617791	1.471163
3547663484.043353	67.735814	500.867381	162.296799	75.613355	496.514870	59.858273	505.219892	0.039872	0.027849	1.603128	1.485826
3547663484.778870	89.262633	495.893826	169.794083	87.934784	486.992319	90.590482	504.795332	0.035550	0.009407	1.598240	1.466276
3547663485.454347	113.658339	492.783583	175.068222	120.484595	486.918241	106.832084	498.648925	0.031202	0.009407	1.593353	1.466276
3547663486.130827	134.732169	492.225836	179.152649	135.468156	501.195693	133.996183	483.255980	0.026827	0.018689	1.588465	1.476051
3547663486.834321	157.256442	491.983928	180.084885	164.897507	496.739360	149.615378	487.228496	0.031202	0.009407	1.593353	1.466276
3547663487.548825	179.184764	493.427581	185.848785	183.458614	501.348073	174.910914	485.507088	0.031202	-0.000000	1.593353	1.456500
3547663488.229306	201.076018	496.833607	191.071213	196.250140	504.430375	205.901897	489.236838	0.039872	0.018689	1.603128	1.476051
3547663488.940807	222.774033	501.672565	195.001801	220.783134	492.895531	224.764931	510.449599	0.017995	-0.000000	1.578690	1.456500
3547663489.660313	243.571274	508.687133	202.213150	235.351919	505.020773	251.790629	512.353494	0.026827	-0.014350	1.588465	1.441838
3547663490.343803	263.140638	518.875664	212.592728	270.882030	514.285364	255.399246	523.465964	0.017995	-0.004751	1.578690	1.451613
3547663492.516328	285.742800	546.925691	319.242889	294.129720	543.660791	277.355880	550.190591	0.017995	-0.009534	1.578690	1.446725
3547663493.220827	277.055579	551.133110	339.062500	279.103053	542.369101	275.008106	559.897119	-0.009168	-0.009534	1.549365	1.446725
3547663493.920319	262.684961	555.751489	346.429565	255.897524	549.841269	269.472398	561.661709	0.017995	-0.024079	1.578690	1.432063
3547663494.599799	246.570568	558.397029	354.644196	243.435722	566.833423	249.705415	549.960635	0.026827	-0.019198	1.588465	1.436950
3547663495.973769	213.226577	556.985814	7.994928	204.315826	558.250134	222.137329	555.721494	0.004541	-0.009534	1.564027	1.446725
3547663496.677265	195.401740	552.985877	15.350773	192.254950	561.417823	198.548530	544.553932	0.009054	-0.014350	1.568915	1.441838
3547663497.357746	178.232576	546.924768	21.849012	176.957653	555.834009	179.507499	538.015528	0.004541	-0.009534	1.564027	1.446725
3547663498.745724	145.689996	528.168074	35.065760	150.069764	536.030493	141.310228	520.305655	-0.009168	-0.024079	1.549365	1.432063
3547663499.546288	130.487190	515.811081	40.936230	131.345610	524.770050	129.628770	506.852113	0.004541	-0.004751	1.564027	1.451613
3547663500.225768	116.521030	501.330446	47.502159	119.844844	509.694193	113.197216	492.966700	-0.004570	-0.004751	1.554252	1.451613
3547663500.875225	102.700699	483.892002	55.984222	107.515225	476.288033	97.886174	491.495971	-0.004570	-0.009534	1.554252	1.446725
3547663501.569717	93.409894	468.122496	63.818588	85.901823	463.159748	100.917965	473.085243	-0.004570	-0.009534	1.554252	1.446725
3547663502.293226	86.432750	449.290848	74.011230	95.281151	447.645919	77.584348	450.935778	-0.013795	-0.043942	1.544477	1.412512
3547663503.664193	81.316591	406.249647	91.625244	85.781147	414.064232	76.852036	398.435062	-0.000000	-0.033942	1.559140	1.422287
3547663504.396709	83.008672	386.642643	98.670418	91.633508	389.214064	74.383836	384.071223	-0.004570	-0.014350	1.554252	1.441838
3547663505.787691	94.998038	345.418520	113.532021	91.207915	337.255495	98.788161	353.581544	-0.004570	-0.033942	1.554252	1.422287
3547663506.444155	104.133050	327.445838	118.491821	111.119323	321.772039	97.146777	333.119636	-0.000000	-0.028994	1.559140	1.427175
3547663507.845144	129.238888	288.637007	127.228832	120.239033	288.585975	138.238744	288.688039	-0.027855	-0.033942	1.529814	1.422287
3547663508.573657	145.337263	270.651011	133.881800	136.927302	273.856093	153.747225	267.445930	0.004541	-0.033942	1.564027	1.422287
3547663509.294164	162.493612	254.471402	137.339020	169.493242	248.814089	155.493983	260.128715	-0.013795	-0.028994	1.544477	1.427175
3547663509.984654	179.613099	239.582373	140.896217	175.493435	247.584146	183.732763	231.580600	-0.013795	-0.019198	1.544477	1.436950
3547663511.394646	216.680102	213.953976	147.449982	214.849116	222.765757	218.511088	205.142194	0.048437	0.307391	1.612903	1.862170
3547663512.106148	236.373217	201.745391	149.437546	245.171924	199.852578	227.574509	203.638205	0.124910	0.455379	1.705767	2.150538
3547663512.794635	253.515990	190.283815	141.804413	257.290256	198.454183	249.741723	182.113447	0.151027	0.504810	1.739980	2.267840
3547663514.208633	271.638640	162.333750	100.209824	274.479488	153.793868	268.797793	170.873632	0.190054	0.525796	1.793744	2.321603
3547663514.898121	271.606079	147.469530	77.676712	264.767300	153.320266	278.444857	141.618794	0.193487	0.512555	1.798631	2.287390
3547663515.620627	266.036951	134.364470	59.157902	261.468848	142.118981	270.605054	126.609959	0.220288	0.506759	1.837732	2.272727
3547663517.702097	234.297698	113.554300	7.574147	225.647787	111.068532	242.947609	116.040069	0.261488	0.480751	1.901271	2.209189
3547663518.358560	221.690248	112.502965	0.650915	216.237017	105.343197	227.143480	119.662732	0.261488	0.463989	1.901271	2.170088
3547663519.084073	209.611623	113.658582	351.361053	213.905299	105.748819	205.317946	121.568344	0.267583	0.451016	1.911046	2.140762
3547663521.184555	173.133044	128.822089	327.479141	166.975250	122.258433	179.290838	135.385744	0.258417	0.412250	1.896383	2.057674
3547663521.915068	161.121369	136.547742	323.653091	161.742308	145.526296	160.500430	127.569188	0.255329	0.392903	1.891496	2.018573
3547663522.628572	150.303855	144.797185	321.621826	141.984544	141.363666	158.623167	148.230704	0.255329	0.392903	1.891496	2.018573
3547663523.299045	140.088111	153.962929	315.992996	131.397428	156.302167	148.778794	151.623691	0.242820	0.397810	1.871945	2.028348
3547663524.009547	130.443756	164.112750	309.935379	122.496427	168.336488	138.391085	159.889012	0.233265	0.367639	1.857283	1.969697
3547663525.382515	114.000802	186.892933	304.098816	108.657340	194.134992	119.344264	179.650874	0.249107	0.341090	1.881720	1.920821
3547663526.110028	106.773061	197.755719	302.044434	102.845905	189.657729	110.700217	205.853709	0.239652	0.341090	1.867058	1.920821
3547663526.810524	98.805529	210.252066	301.779388	97.136798	201.408122	100.474259	219.096010	0.230046	0.318857	1.852395	1.881720
3547663527.494005	91.383162	222.590285	300.319305	99.988586	219.954628	82.777739	225.225943	0.230046	0.324501	1.852395	1.891496
3547663528.861969	77.881255	245.236762	301.592743	77.882621	236.236762	77.879889	254.236762	0.207031	0.280690	1.818182	1.818182
3547663529.543451	70.443314	256.983142	302.477539	63.480107	251.281060	77.406522	262.685225	0.220288	0.271500	1.837732	1.803519
3547663530.220929	63.301157	268.192930	301.371826	65.274608	259.411956	61.327706	276.973903	0.193487	0.252665	1.798631	1.774194
3547663530.910415	56.139228	279.703548	302.036591	52.275705	271.575007	60.002751	287.832090	0.186603	0.255847	1.788856	1.779081
3547663531.633926	48.026691	290.854407	303.189789	39.029755	291.089260	57.023626	290.619554	0.172609	0.239758	1.769306	1.754643
3547663532.305399	40.463927	303.216016	303.858536	33.550549	308.978412	47.377306	297.453621	0.179645	0.233196	1.779081	1.744868
3547663533.688376	24.164644	324.293920	311.081848	24.741827	333.275393	23.587462	315.312446	0.154674	0.219850	1.744868	1.725318
3547663534.423893	17.600337	331.759174	297.394073	9.761361	336.180765	25.439312	327.337584	0.147359	0.192228	1.735093	1.686217
3547663535.072354	17.523953	332.188219	230.319656	25.015394	337.176035	10.032512	327.200403	0.132479	0.206197	1.715543	1.705767
3547663535.782852	19.745486	332.171417	179.305237	21.836307	340.925186	17.654665	323.417648	0.132479	0.177931	1.715543	1.666667
3547663537.245886	49.942513	328.582814	169.999405	46.827693	320.139006	53.057334	337.026622	0.136230	0.174304	1.720430	1.661779
3547663537.965394	67.883785	325.638554	167.240204	73.924363	332.310241	61.843206	318.966867	0.136230	0.163295	1.720430	1.647116
3547663538.638867	84.795671	321.716608	164.415466	76.977030	317.259159	92.614312	326.174056	0.121094	0.155846	1.700880	1.637341
3547663539.355374	102.675819	316.065386	159.258743	95.290306	321.208750	110.061332	310.922021	0.117255	0.152088	1.695992	1.632454
3547663540.762364	137.486059	298.444813	147.397209	135.192818	307.147746	139.779300	289.741880	0.109511	0.125138	1.686217	1.598240
3547663541.432837	152.427910	287.368399	141.511131	153.679002	296.281017	151.176818	278.455780	0.093750	0.277643	1.666667	1.813294
3547663542.170358	167.131002	275.681672	138.696538	163.083444	267.643185	171.178561	283.720159	0.105605	0.109213	1.681329	1.578690
3547663542.868852	181.512112	262.127573	135.110229	181.707805	271.125445	181.316419	253.129701	0.093750	0.105170	1.666667	1.573803
3547663543.582355	195.204401	247.320965	132.111710	193.727744	238.442932	196.681057	256.198999	0.081685	0.092889	1.652004	1.559140
3547663545.032379	220.602099	218.611671	133.039474	212.611731	214.469928	228.592466	222.753414	0.077615	0.092889	1.647116	1.559140
3547663545.732872	233.339514	205.330677	134.886810	231.536728	214.148271	235.142299	196.513083	0.073521	0.076151	1.642229	1.539589
3547663546.412352	247.328796	191.351774	135.383957	249.949526	199.961755	244.708066	182.741793	0.069403	0.076151	1.637341	1.539589
3547663547.770310	274.621188	166.128230	141.402008	274.894194	175.124088	274.348182	157.132371	0.052681	0.058982	1.617791	1.520039
3547663548.467802	286.688351	156.833690	128.208908	281.633412	164.280004	291.743291	149.387377	0.061092	0.067621	1.627566	1.529814
3547663549.160290	287.110662	154.267422	53.304543	286.189485	163.220155	288.031839	145.314689	0.061092	0.076151	1.627566	1.539589
3547663549.877797	284.651022	153.793083	6.120182	286.111564	144.912384	283.190481	162.673782	0.052681	0.071900	1.617791	1.534702
3547663550.570285	272.605904	153.218032	1.866473	263.996458	155.840518	281.215351	150.595546	0.056899	0.041366	1.622678	1.500489
3547663551.289792	255.488635	151.580623	5.907627	258.789765	143.207897	252.187504	159.953349	0.022425	0.050231	1.583578	1.510264
3547663551.982281	238.827119	148.781666	10.661185	247.328618	151.735395	230.325620	145.827937	0.061092	0.045813	1.627566	1.505376
3547663552.629740	222.813216	144.702612	17.155054	231.744440	145.813124	213.881992	143.592100	0.035550	0.058982	1.598240	1.520039
3547663553.319226	205.760633	138.376157	24.176582	213.113476	133.186196	198.407790	143.566118	0.056899	0.058982	1.622678	1.520039
3547663554.000705	190.903938	130.816422	29.468452	199.272964	134.126921	182.534912	127.505924	0.044168	0.088744	1.608016	1.554252
3547663555.485755	162.755238	112.028974	37.300383	166.249466	103.734978	159.261010	120.322970	0.196900	0.155846	1.803519	1.637341
3547663556.218272	147.299021	98.267581	45.174814	138.935307	94.943683	155.662735	101.591478	0.300023	0.209639	1.964809	1.710655
3547663556.936778	136.243340	85.529196	53.036930	132.987584	93.919670	139.499095	77.138722	0.387500	0.259012	2.126100	1.783969
3547663557.641274	127.897532	72.618525	61.936806	134.919680	66.989188	120.875383	78.247862	0.413782	0.249465	2.179863	1.769306
3547663559.022247	119.553875	45.745508	84.761162	118.997671	54.728305	120.110079	36.762712	0.445414	0.239758	2.248289	1.754643
3547663559.763771	120.435408	33.862619	105.723366	128.418313	29.706512	112.452503	38.018727	0.445414	0.249465	2.248289	1.769306
3547663560.449255	125.603965	21.886482	121.489933	117.878189	26.503017	133.329740	17.269947	0.432097	0.243011	2.218964	1.759531
3547663562.554739	137.267648	18.251671	253.430489	129.512778	22.819164	145.022518	13.684178	0.399609	0.223214	2.150538	1.730205
3547663563.279252	137.347071	29.054939	280.428177	143.966732	35.152487	130.727410	22.957391	0.399609	0.229888	2.150538	1.739980
3547663563.983748	132.833048	41.764316	298.379730	132.189451	50.741275	133.476645	32.787358	0.380100	0.213062	2.111437	1.715543
3547663564.740282	124.336768	53.102635	314.690094	119.780534	45.341144	128.893001	60.864126	0.382578	0.229888	2.116325	1.739980
3547663568.887207	51.603578	57.304526	41.643291	58.075983	63.558164	45.131174	51.050889	0.330735	0.252665	2.018573	1.774194
3547663569.707788	43.410555	47.504148	56.246201	46.091442	38.912708	40.729668	56.095588	0.316981	0.223214	1.994135	1.730205
3547663571.113778	34.499530	21.185178	84.782684	34.136772	30.177865	34.862287	12.192492	0.300023	0.216466	1.964809	1.720430
3547663575.355772	26.935686	20.054460	344.050049	35.926308	19.643724	17.945063	20.465197	0.242820	0.166986	1.871945	1.652004
3547663576.049261	16.215073	21.846220	12.993299	12.488378	13.654044	19.941769	30.038395	0.226811	0.155846	1.847507	1.637341
3547663576.730741	14.951427	20.988667	80.406303	23.560837	18.366061	6.342018	23.611274	0.223558	0.177931	1.842620	1.666667
3547663577.426232	15.580658	20.347692	140.287582	7.625767	24.557171	23.535548	16.138213	0.213695	0.136828	1.827957	1.612903
3547663578.140736	17.051085	20.018593	193.174606	26.046083	20.318615	8.056088	19.718572	0.193487	0.136828	1.798631	1.612903
3547663578.812209	18.966360	22.456259	236.260834	24.351110	29.667671	13.581610	15.244846	0.193487	0.163295	1.798631	1.647116
3547663579.521709	24.668191	35.116719	253.564133	17.591075	40.676794	31.745307	29.556645	0.186603	0.152088	1.788856	1.632454
3547663580.225206	27.477682	50.458034	265.747406	18.835248	52.969675	36.120116	47.946393	0.169062	0.125138	1.764418	1.598240
3547663581.600180	22.553603	84.732711	290.530975	13.573403	84.136043	31.533802	85.329379	0.154674	0.105170	1.744868	1.573803
3547663582.301673	15.381073	99.584201	316.901764	11.883819	107.876921	18.878327	91.291480	0.165495	0.097009	1.759531	1.564027
3547663585.761113	17.384831	91.407495	124.417915	25.913672	88.533669	8.855991	94.281321	0.143671	0.121193	1.730205	1.593353
3547663586.460606	27.296380	80.164340	134.890472	25.525897	88.988477	29.066862	71.340203	0.158301	0.132955	1.749756	1.608016
3547663587.178112	39.507633	70.533535	146.339386	30.799408	72.806596	48.215859	68.260473	0.147359	0.117224	1.735093	1.588465
3547663588.485034	72.732699	56.452210	165.178223	64.000608	58.631797	81.464789	54.272623	0.136230	0.125138	1.720430	1.598240
3547663589.254577	90.466273	53.621670	174.514572	99.356731	52.221759	81.575815	55.021582	0.154674	0.101102	1.744868	1.568915
3547663590.051141	108.073867	53.824714	184.047867	99.387319	56.179262	116.760414	51.470167	0.151027	0.129058	1.739980	1.603128
3547663590.748630	128.439208	57.599206	196.212547	119.523529	56.370117	137.354888	58.828295	0.151027	0.148307	1.739980	1.627566
3547663592.159626	161.516924	75.762767	217.612633	168.235145	81.751549	154.798704	69.773984	0.139961	0.148307	1.725318	1.627566
3547663592.877133	173.828475	87.118198	225.936333	176.127745	78.416856	171.529206	95.819541	0.172609	0.226560	1.769306	1.735093
3547663593.575624	185.129745	100.890230	234.349152	176.533045	103.554201	193.726446	98.226258	0.210372	0.332859	1.823069	1.906158
3547663594.950595	202.467196	129.399093	238.011642	208.597988	122.810209	196.336405	135.987978	0.242820	0.435424	1.871945	2.106549
3547663595.666100	211.014318	141.844919	232.449203	211.272159	132.848613	210.756478	150.841224	0.239652	0.439930	1.867058	2.116325
3547663596.369596	220.589899	152.927498	224.814194	229.427395	151.224949	211.752404	154.630047	0.233265	0.439930	1.857283	2.116325
3547663597.097110	231.701932	163.096928	218.095215	240.432131	165.284079	222.971733	160.909778	0.239652	0.435424	1.867058	2.106549
3547663599.205597	267.719658	183.552040	199.701630	276.521004	181.671534	258.918311	185.432546	0.220288	0.407483	1.837732	2.047898
3547663599.905090	282.733351	188.274475	195.512268	276.707930	181.589094	288.758771	194.959855	0.220288	0.392903	1.837732	2.018573
3547663600.612591	288.109474	188.564262	143.004074	297.092399	188.010138	279.126549	189.118387	0.183134	0.370222	1.783969	1.974585
3547663601.305080	288.539889	187.610946	73.377991	296.646117	191.521070	280.433661	183.700823	0.193487	0.372792	1.798631	1.979472
3547663603.404560	266.182616	161.124581	42.473103	275.165545	160.570516	257.199687	161.678646	0.217000	0.351870	1.832845	1.940371
3547663604.129070	255.377693	152.240733	36.935749	261.599889	145.738097	249.155498	158.743370	0.200296	0.354531	1.808407	1.945259
3547663604.926633	242.546193	143.820497	31.272366	243.833808	134.913082	241.258578	152.727912	0.220288	0.362435	1.837732	1.959922
3547663605.628129	229.863270	136.385673	26.037924	222.784429	130.827795	236.942112	141.943550	0.226811	0.367639	1.847507	1.969697
3547663606.317616	216.635583	129.728703	25.174334	216.261360	120.736487	217.009806	138.720920	0.255329	0.346507	1.891496	1.930596
3547663608.528176	175.981099	114.068490	15.157552	171.273757	121.739275	180.688441	106.397706	0.276610	0.321687	1.925709	1.886608
3547663609.221663	162.373125	109.529677	19.082850	160.292477	100.773485	164.453773	118.285870	0.308565	0.327302	1.979472	1.896383
3547663609.908148	149.389026	105.273974	19.437031	144.400677	97.782888	154.377375	112.765060	0.330735	0.332859	2.018573	1.906158
3547663610.634659	135.594534	100.063077	19.554806	129.760517	93.210031	141.428551	106.916124	0.370072	0.332859	2.091887	1.906158
3547663611.334155	124.034842	95.426528	23.216966	132.504584	98.470122	115.565099	92.382934	0.392377	0.338360	2.135875	1.915934
3547663611.985615	111.679314	89.887457	30.298691	119.769348	85.943937	103.589280	93.830977	0.406744	0.338360	2.165200	1.915934
3547663612.673098	101.072876	83.124742	36.783428	108.209690	77.641505	93.936063	88.607979	0.404376	0.321687	2.160313	1.886608
3547663613.410620	92.307778	74.957981	46.902313	90.329867	83.737951	94.285690	66.178012	0.399609	0.313154	2.150538	1.871945
3547663614.772580	78.771548	53.975722	67.633507	87.735715	53.173406	69.807381	54.778038	0.380100	0.277643	2.111437	1.813294
3547663615.465068	75.045477	41.921402	78.395081	73.747398	50.827299	76.343555	33.015506	0.359854	0.277643	2.072336	1.813294
3547663616.827029	75.030678	17.853577	102.603943	67.141867	22.185627	82.919489	13.521526	0.352064	0.277643	2.057674	1.813294
3547663618.886482	82.876538	17.419047	240.887787	75.231938	22.168793	90.521139	12.669302	0.328011	0.229888	2.013685	1.739980
3547663619.598984	87.463097	29.437487	254.705597	89.572616	38.186768	85.353579	20.688205	0.305732	0.219850	1.974585	1.725318
3547663620.273462	89.656573	43.816222	267.906403	96.541490	49.612593	82.771655	38.019851	0.297148	0.223214	1.959922	1.730205
3547663620.984962	88.891161	58.784404	278.996521	83.770636	66.185770	94.011687	51.383038	0.302885	0.226560	1.969697	1.735093
3547663621.647432	84.903327	74.058863	289.426605	81.397890	65.769599	88.408764	82.348128	0.297148	0.219850	1.959922	1.725318
3547663622.402964	78.910439	86.646962	298.954926	83.253860	94.529518	74.567019	78.764405	0.291353	0.213062	1.950147	1.715543
3547663623.074436	70.652408	98.708735	309.025940	62.438048	95.031197	78.866769	102.386273	0.285501	0.202735	1.940371	1.700880
3547663623.803951	60.772819	109.298285	317.600189	63.426750	117.898090	58.118888	100.698479	0.267583	0.199253	1.911046	1.695992
3547663625.893425	23.253090	129.909966	343.989746	32.252124	130.041806	14.254055	129.778125	0.245972	0.195750	1.876833	1.691105
3547663626.707001	14.534920	131.057354	29.728697	23.473984	132.102889	5.595857	130.011820	0.230046	0.152088	1.852395	1.632454
3547663627.380481	14.141205	130.170070	86.272415	23.074984	131.259834	5.207426	129.080305	0.233265	0.163295	1.857283	1.647116
3547663628.081970	15.192412	128.448190	154.708054	21.457716	134.909301	8.927107	121.987079	0.213695	0.166986	1.827957	1.652004
3547663628.774457	15.538121	128.616959	217.736542	22.945000	133.729506	8.131242	123.504411	0.220288	0.170656	1.837732	1.656891
3547663629.456942	19.324990	135.298241	247.493835	13.582394	142.228074	25.067586	128.368407	0.213695	0.166986	1.827957	1.652004
3547663630.170445	23.756371	148.511782	257.761536	22.403081	139.614108	25.109661	157.409457	0.203673	0.155846	1.813294	1.637341
3547663630.881944	25.673312	164.699311	268.095673	33.525818	169.096828	17.820806	160.301795	0.203673	0.163295	1.813294	1.647116
3547663632.369995	20.139218	198.221384	288.706299	22.972242	189.678903	17.306194	206.763865	0.186603	0.166986	1.788856	1.652004
3547663633.068488	14.678775	209.989521	319.265503	22.989726	206.535814	6.367823	213.443228	0.193487	0.129058	1.798631	1.603128
3547663635.856456	16.991436	209.317247	159.418030	10.515227	215.566944	23.467645	203.067550	0.169062	0.163295	1.764418	1.647116
3547663636.573962	29.691368	205.421581	166.916946	33.299771	213.666545	26.082965	197.176617	0.158301	0.129058	1.749756	1.603128
3547663637.233427	45.184708	203.298861	175.101822	51.810073	197.207512	38.559343	209.390211	0.169062	0.129058	1.764418	1.603128
3547663637.952933	63.874510	203.386060	184.443939	56.768825	208.909578	70.980195	197.862543	0.143671	0.121193	1.730205	1.593353
3547663638.633415	80.445061	205.974502	192.883026	88.974141	208.847616	71.915980	203.101387	0.151027	0.132955	1.739980	1.608016
3547663639.367931	97.216789	211.384849	203.403198	90.758551	217.653116	103.675026	205.116583	0.132479	0.109213	1.715543	1.578690
3547663640.064424	112.656541	220.007315	214.357117	106.662657	213.293646	118.650425	226.720985	0.151027	0.125138	1.739980	1.598240
3547663641.474418	138.532171	243.366607	229.688454	141.636758	251.814182	135.427583	234.919031	0.121094	0.080375	1.700880	1.544477
3547663642.159901	148.239261	257.267099	239.064774	145.547511	248.679056	150.931011	265.855142	0.117255	0.088744	1.695992	1.554252
3547663642.855402	156.118777	273.409825	248.412547	158.141884	282.179491	154.095670	264.640159	0.105605	0.063316	1.681329	1.524927
3547663643.580903	160.730029	290.470154	257.212234	164.221220	282.174880	157.238838	298.765429	0.132479	0.063316	1.715543	1.524927
3547663644.300411	164.585731	306.420347	266.053589	157.102310	311.420188	172.069153	301.420507	0.093750	0.076151	1.666667	1.539589
3547663645.055945	163.535825	325.338757	275.529327	170.754847	319.964213	156.316803	330.713301	0.101676	0.063316	1.676442	1.524927
3547663645.764444	160.427927	343.129875	284.295853	151.429431	342.965342	169.426423	343.294408	0.081685	0.058982	1.652004	1.520039
3547663646.426912	154.761432	359.699087	294.095474	163.195357	356.557603	146.327508	362.840570	0.077615	0.045813	1.647116	1.505376
3547663647.120401	146.708323	374.605219	304.279373	142.752239	382.689116	150.664408	366.521321	0.101676	0.041366	1.676442	1.500489
3547663647.837907	135.776303	388.028587	315.940369	126.974601	389.907428	144.578005	386.149746	0.077615	0.050231	1.647116	1.510264
3547663648.565420	122.575152	399.038471	324.965759	131.414749	400.730073	113.735554	397.346870	0.056899	0.027849	1.622678	1.485826
3547663649.246903	106.508535	408.816447	334.709259	97.584060	409.979954	115.433009	407.652940	0.056899	0.067621	1.622678	1.529814
3547663649.940392	90.145645	415.023821	343.739044	98.830649	417.384056	81.460642	412.663586	0.048437	0.027849	1.612903	1.485826
3547663652.665314	25.085731	413.833393	18.299555	29.789924	406.160678	20.381537	421.506109	0.039872	-0.004751	1.603128	1.451613
3547663653.330785	16.021170	409.396309	62.523018	18.756712	400.822115	13.285627	417.970503	0.048437	0.018689	1.612903	1.476051
3547663654.028274	16.181836	407.898574	127.497368	7.490992	410.237211	24.872681	405.559936	0.039872	0.032384	1.603128	1.490714
3547663654.697746	21.767082	405.420524	161.523788	30.445247	407.805778	13.088916	403.035270	0.035550	0.014063	1.598240	1.471163
3547663655.409249	36.525466	402.012968	172.178299	31.374846	409.393423	41.676086	394.632513	0.035550	0.018689	1.598240	1.476051
3547663656.761206	75.081436	404.951886	195.604126	68.468177	398.847396	81.694695	411.056377	0.017995	0.014063	1.578690	1.471163
3547663657.464699	93.479135	412.252422	207.592270	91.277319	403.525911	95.680950	420.978934	0.035550	0.023284	1.598240	1.480938
3547663658.825659	123.740663	440.816414	236.939995	132.460317	443.045234	115.021010	438.587593	0.039872	0.032384	1.603128	1.490714
3547663659.563180	132.116126	457.848999	250.613159	138.011606	451.048755	126.220647	464.649244	0.048437	0.018689	1.612903	1.476051
3547663660.979178	136.708303	494.280213	273.653107	139.663365	502.781248	133.753242	485.779177	0.039872	0.004719	1.603128	1.461388
3547663661.663661	134.018084	512.447513	284.606369	125.399659	515.040342	142.636508	509.854684	0.017995	0.023284	1.578690	1.480938
3547663662.384170	128.318893	528.400709	293.744354	137.318760	528.351739	119.319026	528.449679	0.035550	0.009407	1.598240	1.466276
3547663663.064650	120.375878	542.748639	301.392685	122.165753	533.928415	118.586003	551.568863	0.031202	0.009407	1.593353	1.466276
3547663663.778152	110.580940	555.187880	311.920105	117.644468	560.765205	103.517411	549.610554	0.013538	-0.000000	1.573803	1.456500
3547663664.473643	99.277641	565.667416	321.192963	93.139522	559.085358	105.415761	572.249474	0.026827	-0.000000	1.588465	1.456500
3547663665.178139	86.128788	574.920650	329.533203	83.178150	583.423222	89.079426	566.418078	0.017995	0.004719	1.578690	1.461388
3547663665.864630	72.930067	581.541922	336.634338	77.117376	589.508505	68.742758	573.575339	0.031202	0.014063	1.593353	1.471163
3547663667.252603	66.731912	581.370871	102.650909	59.055187	586.068519	74.408637	576.673224	0.035550	0.009407	1.598240	1.466276
3547663667.955099	71.523961	572.694505	123.814316	80.176948	575.169542	62.870973	570.219467	0.017995	-0.004751	1.578690	1.451613
3547663668.671605	83.739618	559.069888	137.632233	88.805374	551.630929	78.673861	566.508848	-0.004570	-0.004751	1.554252	1.451613
3547663669.338074	100.267412	547.191909	150.039459	106.448029	540.649740	94.086795	553.734078	0.013538	-0.004751	1.573803	1.451613
3547663673.475997	232.715729	548.438588	207.260284	233.478290	539.470952	231.953168	557.406224	0.017995	-0.000000	1.578690	1.456500
3547663674.187499	250.564276	558.530301	212.865204	256.784740	552.026008	244.343812	565.034594	-0.000000	-0.033942	1.559140	1.422287
3547663674.863974	266.146551	570.616992	223.337326	268.670469	579.255849	263.622633	561.978136	0.009054	-0.014350	1.568915	1.441838
3547663678.867799	275.884517	576.737055	73.293091	283.629977	581.320486	268.139057	572.153623	0.004541	-0.009534	1.564027	1.446725
3547663679.558287	272.654695	561.723548	83.496628	263.922200	563.901512	281.387190	559.545584	-0.013795	-0.014350	1.544477	1.441838
3547663680.223754	272.083458	543.115598	93.984711	274.423864	534.425229	269.743052	551.805966	-0.004570	-0.014350	1.554252	1.441838
3547663680.893227	275.017955	524.414821	104.902267	283.499481	527.425421	266.536429	521.404220	0.009054	-0.033942	1.568915	1.422287
3547663681.546688	281.943516	505.967146	117.861023	290.931677	505.505663	272.955355	506.428630	0.004541	-0.009534	1.564027	1.446725
3547663682.222168	288.808066	493.819940	95.595695	280.030683	491.830583	297.585449	495.809298	0.013538	-0.019198	1.573803	1.436950
3547663682.906649	288.535189	492.293289	29.389509	296.617081	496.253470	280.453298	488.333109	-0.004570	-0.028994	1.554252	1.427175
3547663683.606141	285.509834	492.846196	347.350098	276.696657	494.670453	294.323011	491.021940	-0.000000	-0.028994	1.559140	1.427175
3547663684.290626	272.622310	494.771440	355.146088	273.932695	503.675534	271.311924	485.867346	-0.004570	-0.014350	1.554252	1.441838
3547663684.991118	256.408220	495.704988	359.446564	247.724265	493.340899	265.092176	498.069077	0.004541	-0.009534	1.564027	1.446725
3547663685.652584	239.564204	495.261468	2.979677	238.113319	504.143750	241.015088	486.379185	-0.009168	-0.019198	1.549365	1.436950
3547663686.974518	203.909283	488.594431	16.880945	212.206473	492.081070	195.612094	485.107792	-0.000000	-0.004751	1.559140	1.451613
3547663688.975930	157.878805	462.791485	43.512825	161.950546	454.765220	153.807065	470.817750	-0.013795	-0.033942	1.544477	1.422287
3547663689.645402	145.972862	449.178633	53.032722	142.681831	457.555333	149.263892	440.801932	-0.000000	-0.009534	1.559140	1.446725
3547663690.287856	135.140556	431.902480	61.771006	142.995481	427.509286	127.285631	436.295674	0.004541	-0.009534	1.564027	1.446725
3547663690.955326	127.843284	415.058201	72.137939	126.777566	423.994881	128.909002	406.121521	0.004541	-0.033942	1.564027	1.422287
3547663691.648819	123.677598	397.855238	80.717651	131.069665	392.721299	116.285530	402.989178	-0.000000	-0.014350	1.559140	1.441838
3547663692.314284	122.427938	377.718169	89.760841	113.655697	379.730080	131.200179	375.706257	0.004541	-0.014350	1.564027	1.441838
3547663693.670242	127.378215	340.039666	105.226227	136.376895	340.193802	118.379535	339.885530	-0.000000	-0.014350	1.559140	1.441838
3547663694.346720	135.894922	320.695960	117.410919	144.188653	324.190820	127.601192	317.201101	0.004541	-0.009534	1.564027	1.446725
3547663695.043212	148.121535	302.755773	128.500437	145.420081	311.340768	150.822989	294.170778	0.004541	-0.014350	1.564027	1.441838
3547663695.731700	163.026287	286.210915	136.663986	172.026188	286.168563	154.026387	286.253267	-0.018452	-0.014350	1.539589	1.441838
3547663696.410176	181.453321	271.918241	142.941884	190.453319	271.923473	172.453323	271.913008	-0.009168	0.014063	1.549365	1.471163
3547663697.092655	199.990647	258.795165	148.123276	204.053949	266.825705	195.927345	250.764624	-0.004570	-0.043942	1.554252	1.412512
3547663697.766132	218.936104	247.993283	152.412262	209.945223	248.398310	227.926986	247.588255	-0.013795	-0.019198	1.544477	1.436950
3547663698.451615	238.223497	238.881327	157.341949	235.889628	230.189201	240.557366	247.573453	-0.018452	-0.024079	1.539589	1.432063
3547663708.505711	288.908992	203.648735	89.464096	279.931855	203.007627	297.886128	204.289842	-0.000000	-0.024079	1.559140	1.432063
3547663709.156167	290.535312	185.153820	97.647552	292.833206	193.855526	288.237419	176.452114	-0.009168	-0.009534	1.549365	1.446725
3547663709.774602	289.626776	181.774297	36.033787	298.586595	182.623789	280.666956	180.924805	-0.027855	-0.033942	1.529814	1.422287
3547663711.098536	281.306516	186.461576	323.044159	276.680184	194.181489	285.932847	178.741663	-0.009168	-0.033942	1.549365	1.422287
3547663711.737991	269.632964	194.948878	325.504974	278.086902	191.861659	261.179025	198.036097	-0.004570	-0.024079	1.554252	1.432063
3547663712.440484	255.254510	203.947311	330.173157	257.965115	212.529421	252.543905	195.365200	-0.004570	-0.009534	1.554252	1.446725
3547663713.119963	239.867505	211.490358	337.638489	248.836729	212.234003	230.898280	210.746714	-0.004570	-0.019198	1.554252	1.436950
3547663713.772425	222.713997	217.373048	343.887085	231.652140	218.426424	213.775854	216.319673	-0.004570	-0.019198	1.554252	1.436950
3547663714.464911	205.053749	221.278667	350.298431	214.053220	221.181014	196.054279	221.376319	-0.009168	-0.019198	1.549365	1.436950
3547663715.104362	187.432618	224.189495	352.838562	179.957215	219.177673	194.908020	229.201316	-0.023139	-0.033942	1.534702	1.422287
3547663715.769832	168.748542	225.474467	358.406738	166.389832	216.789049	171.107252	234.159885	-0.013795	-0.024079	1.544477	1.432063
3547663716.469326	151.179970	224.230509	4.022666	158.122771	229.957421	144.237169	218.503598	-0.000000	-0.028994	1.559140	1.427175
3547663717.131793	132.952473	222.038341	12.433869	134.141498	213.117230	131.763448	230.959452	-0.004570	-0.033942	1.554252	1.422287
3547663717.787256	114.896998	217.202743	19.842989	107.355855	212.290394	122.438140	222.115092	0.004541	-0.024079	1.564027	1.432063
3547663718.456729	97.486543	208.979451	28.734114	101.480300	217.044803	93.492785	200.914099	0.004541	-0.024079	1.564027	1.432063
3547663719.138208	82.404232	198.587514	38.440445	76.326786	191.949393	88.481677	205.225635	-0.000000	0.004719	1.559140	1.461388
3547663719.829696	69.080779	185.816731	47.634903	73.482330	193.666976	64.679228	177.966486	0.004541	0.009407	1.564027	1.466276
3547663721.155632	48.443887	155.456012	62.705906	49.574417	146.527299	47.313357	164.384724	-0.000000	-0.024079	1.559140	1.432063
3547663721.807091	41.155515	138.046447	71.068016	32.804835	141.402955	49.506195	134.689939	-0.000000	-0.019198	1.559140	1.436950
3547663723.849533	35.381858	84.968323	94.261749	35.256135	75.969201	35.507581	93.967444	0.017995	0.014063	1.578690	1.471163
3547663725.175468	44.612436	49.127746	112.433594	50.157053	42.038513	39.067819	56.216979	0.017995	0.014063	1.578690	1.471163
3547663725.841938	52.762003	33.872149	120.912857	43.768658	33.526094	61.755347	34.218205	0.035550	0.009407	1.598240	1.466276
3547663726.521421	64.051795	18.203537	128.897217	64.877892	27.165544	63.225697	9.241530	0.031202	0.023284	1.593353	1.480938
3547663728.454781	80.758443	19.961788	246.545547	71.780155	19.337009	89.736731	20.586568	0.022425	0.023284	1.583578	1.480938
3547663729.111245	84.801882	34.171629	258.529938	77.645067	28.714524	91.958697	39.628734	0.039872	0.023284	1.603128	1.480938
3547663729.813742	86.708722	50.259664	268.390472	95.500164	52.185940	77.917280	48.333387	0.035550	0.023284	1.598240	1.480938
3547663731.176703	81.626893	87.793646	287.861969	89.894407	84.237213	73.359380	91.350079	0.052681	0.032384	1.617791	1.490714
3547663731.870192	74.717906	104.517237	297.332550	66.621902	108.448485	82.813910	100.585988	0.017995	0.018689	1.578690	1.476051
3547663733.199130	50.531344	134.497164	321.663483	42.076262	131.413076	58.986425	137.581252	0.039872	0.036890	1.603128	1.495601
3547663733.847588	36.451662	143.925187	330.226562	39.616519	152.350369	33.286805	135.500006	0.052681	0.041366	1.617791	1.500489
3547663734.526068	20.672193	151.476090	339.158264	21.872290	142.556462	19.472096	160.395719	0.048437	0.041366	1.612903	1.500489
3547663735.209547	14.878280	155.111552	287.416840	23.871475	155.461458	5.885084	154.761647	0.065260	0.045813	1.632454	1.505376
3547663735.888027	15.412830	157.245344	226.880829	9.710707	150.282170	21.114952	164.208518	0.056899	0.032384	1.622678	1.490714
3547663736.589521	22.721977	161.049776	205.214661	30.348907	165.827845	15.095047	156.271707	0.039872	0.054621	1.603128	1.515152
3547663737.256993	36.555078	167.664725	208.778320	27.640135	166.430308	45.470021	168.899142	0.048437	0.032384	1.612903	1.490714
3547663738.615952	66.164602	189.556137	222.780670	63.743137	198.224269	68.586066	180.888005	0.039872	0.041366	1.603128	1.500489
3547663739.307439	79.244307	202.941879	228.806305	74.694827	210.707331	83.793787	195.176428	0.065260	0.032384	1.632454	1.490714
3547663739.982920	90.974733	218.539608	237.871002	97.968602	212.875176	83.980864	224.204041	0.052681	0.027849	1.617791	1.485826
3547663741.387906	105.605575	252.509423	256.266785	114.374722	250.484069	96.836428	254.534777	0.052681	0.076151	1.617791	1.539589
3547663742.040367	109.041400	270.128197	263.488251	112.591970	261.858164	105.490829	278.398230	0.052681	0.018689	1.617791	1.476051
3547663742.710839	108.998044	289.154486	272.315399	101.409469	293.993238	116.586620	284.315733	0.048437	0.032384	1.612903	1.490714
3547663743.392319	107.659075	306.323502	281.135361	116.652855	306.658061	98.665296	305.988943	0.056899	0.041366	1.622678	1.500489
3547663744.081808	102.523422	323.110356	290.495667	93.569883	322.197046	111.476961	324.023667	0.065260	0.036890	1.632454	1.495601
3547663744.739277	95.987321	336.967651	299.295502	102.714278	342.946619	89.260364	330.988684	0.052681	0.041366	1.617791	1.500489
3547663745.382725	87.633898	349.244320	308.905151	79.922513	344.603787	95.345283	353.884853	0.061092	0.041366	1.627566	1.500489
3547663746.046192	77.153469	360.581675	318.139008	83.844130	366.601232	70.462808	354.562119	0.052681	0.032384	1.617791	1.490714
3547663747.417161	49.221617	376.891645	339.708649	45.579388	368.661568	52.863846	385.121722	0.052681	0.023284	1.617791	1.480938
3547663748.095639	32.074254	381.578751	350.595490	40.650979	378.851155	23.497529	384.306348	0.056899	0.071900	1.622678	1.534702
3547663748.756105	15.262727	383.009120	4.070264	22.470153	388.399204	8.055301	377.619036	0.069403	0.036890	1.637341	1.495601
3547663749.451597	12.853975	381.663911	71.181427	4.936790	385.943886	20.771160	377.383936	0.073521	0.027849	1.642229	1.485826
3547663750.089044	13.190254	380.502076	131.281509	18.746492	373.421947	7.634017	387.582205	0.073521	0.050231	1.642229	1.510264
3547663750.762520	20.381397	374.795019	147.427902	18.356315	383.564229	22.406480	366.025809	0.069403	0.045813	1.637341	1.505376
3547663754.101875	107.570871	375.716411	209.475143	99.941905	380.491229	115.199836	370.941593	0.081685	0.054621	1.652004	1.515152
3547663754.786362	124.174573	387.754955	222.737267	121.379278	396.309856	126.969867	379.200054	0.061092	0.054621	1.627566	1.515152
3547663755.442821	137.734756	403.117080	235.430000	136.039899	411.956054	139.429614	394.278106	0.056899	0.054621	1.622678	1.515152
3547663756.787772	152.584719	439.621879	260.368805	149.218159	447.968511	155.951278	431.275246	0.065260	0.032384	1.632454	1.490714
3547663757.436227	154.480786	457.934453	269.359833	161.043483	451.775638	147.918088	464.093269	0.044168	0.027849	1.608016	1.485826
3547663758.785181	149.086601	492.232852	288.234085	155.495212	485.913856	142.677990	498.551847	0.052681	0.027849	1.617791	1.485826
3547663759.441642	142.766652	507.857834	296.076889	136.519683	501.378993	149.013621	514.336675	0.056899	0.045813	1.622678	1.505376
3547663760.145138	134.345820	521.747736	306.929443	141.648910	516.487995	127.042729	527.007476	0.056899	0.023284	1.622678	1.480938
3547663761.505101	111.015606	543.611330	325.357758	119.830951	541.797576	102.200262	545.425085	0.039872	0.032384	1.603128	1.490714
3547663762.166564	98.331606	550.666713	332.653168	101.465434	542.229940	95.197779	559.103485	0.052681	0.032384	1.617791	1.490714
3547663762.838038	84.906824	555.930393	342.359467	84.240241	564.905673	85.573407	546.955112	0.035550	0.027849	1.598240	1.485826
3547663763.485496	70.573847	559.595178	349.975555	79.139271	562.358060	62.008424	556.832295	0.056899	0.018689	1.622678	1.476051
3547663764.851460	40.237670	560.738728	4.313805	48.532174	564.231751	31.943167	557.245705	0.052681	0.023284	1.617791	1.480938
3547663765.515928	23.892433	557.910180	13.468708	16.829433	552.332185	30.955432	563.488176	0.056899	-0.000000	1.622678	1.456500
3547663766.206419	14.503916	554.276178	52.228333	6.186779	557.714962	22.821053	550.837394	0.048437	0.023284	1.612903	1.480938
3547663766.887895	14.416326	551.516720	126.184044	9.941767	543.707858	18.890885	559.325582	0.044168	0.014063	1.608016	1.471163
3547663767.525345	20.483819	548.863823	163.240250	21.584174	539.931342	19.383464	557.796305	0.065260	0.036890	1.632454	1.495601
3547663768.183811	34.493597	546.453262	177.049301	26.392252	542.533032	42.594942	550.373493	0.056899	0.018689	1.622678	1.476051
3547663768.866291	51.765917	547.155802	188.487320	51.840069	538.156108	51.691764	556.155497	0.052681	0.027849	1.617791	1.485826
3547663769.532764	70.133558	551.705946	199.206665	78.771857	554.231772	61.495260	549.180120	0.048437	0.032384	1.612903	1.490714
3547663770.208239	88.659413	560.457248	211.082611	93.710722	567.906025	83.608104	553.008472	0.052681	0.032384	1.617791	1.490714
3547663770.853693	102.807537	571.370578	222.807281	100.617573	580.100071	104.997501	562.641084	0.052681	0.014063	1.617791	1.471163
3547663774.951586	128.131822	576.307824	150.158401	133.492464	569.078473	122.771179	583.537175	0.035550	0.036890	1.598240	1.495601
3547663775.704114	144.751223	569.579290	163.513794	143.397596	560.681668	146.104851	578.476913	0.044168	0.023284	1.608016	1.480938