Time	X	Y	Theta	LS_X	LS_Y	RS_X	RS_Y	RsRoL	RsRoR	VL	VR
3547512257.001925	34.630068	551.374135	179.240250	36.147993	560.245206	33.112143	542.503064	-0.014812	0.013827	1.368524	1.515152
3547512257.676400	34.628030	551.374541	179.219131	35.958290	560.275687	33.297770	542.473394	-0.004902	0.009248	1.378299	1.510264
3547512258.333862	34.637803	551.375962	179.229019	36.056008	560.263521	33.219598	542.488404	-0.009839	-0.018862	1.373412	1.480938
3547512259.011346	34.631283	551.377560	179.214890	35.923773	560.284269	33.338793	542.470851	-0.019820	0.004639	1.363636	1.505376
3547512259.667804	34.630806	551.373047	179.168243	35.506577	560.330336	33.755034	542.415758	-0.009839	-0.000000	1.373412	1.500489
3547512260.337275	34.635753	551.373747	179.215179	35.930825	560.280081	33.340681	542.467413	-0.004902	0.009248	1.378299	1.510264
3547512260.969723	34.632215	551.370958	179.152313	35.365190	560.341061	33.899240	542.400855	-0.019820	0.004639	1.363636	1.505376
3547512261.700237	34.630237	551.375539	179.229477	36.052510	560.262447	33.207963	542.488630	-0.009839	0.004639	1.373412	1.505376
3547512262.369709	34.631976	551.373995	179.208969	35.871712	560.288200	33.392240	542.459790	-0.029944	-0.004669	1.353861	1.495601
3547512263.095221	34.634128	551.373169	179.252380	36.259552	560.225174	33.008705	542.521164	-0.009839	-0.000000	1.373412	1.500489
3547512263.803723	34.627113	551.375154	179.334854	36.976243	560.063169	32.277984	542.687140	-0.014812	0.018376	1.368524	1.520039
3547512264.486202	34.635139	551.365091	179.176361	35.583593	560.314976	33.686685	542.415206	-0.014812	-0.028480	1.368524	1.471163
3547512265.172688	34.632987	551.369166	179.190903	35.711482	560.304313	33.554492	542.434019	-0.014812	-0.004669	1.368524	1.495601
3547512265.869179	34.632007	551.368832	179.159958	35.433533	560.333070	33.830480	542.404595	-0.055907	-0.023655	1.329423	1.476051
3547512266.602695	34.627140	551.376120	179.205109	35.832454	560.295045	33.421826	542.457196	-0.014812	-0.014100	1.368524	1.485826
3547512267.279173	34.633637	551.370710	179.187195	35.678994	560.309794	33.588279	542.431625	-0.024864	-0.018862	1.358749	1.480938
3547512267.996679	34.625711	551.366847	179.293991	36.617960	560.143574	32.633463	542.590119	-0.024864	-0.023655	1.358749	1.476051
3547512268.754213	34.628991	551.370132	179.174774	35.563241	560.321510	33.694741	542.418753	-0.029944	-0.009369	1.353861	1.490714
3547512269.457712	34.635852	551.368480	179.102707	34.923134	560.363894	34.348570	542.373067	0.000000	-0.028480	1.383187	1.471163
3547512270.163208	34.625043	551.368584	179.243866	36.175039	560.234108	33.075047	542.503061	-0.014812	0.018376	1.368524	1.520039
3547512278.973424	34.666388	551.371607	179.250595	36.276006	560.226500	33.056771	542.516714	-0.035062	-0.023655	1.348974	1.476051
3547512279.674918	34.678622	551.365669	179.229950	36.105099	560.251904	33.252145	542.479435	-0.014812	-0.009369	1.368524	1.490714
3547512280.375412	34.688646	551.367550	179.283386	36.587708	560.164911	32.789583	542.570189	-0.029944	-0.018862	1.353861	1.480938
3547512281.058897	42.403074	551.915898	189.070770	37.506967	544.364200	47.299181	559.467595	-0.014812	-0.028480	1.368524	1.471163
3547512281.741375	56.688793	555.776322	201.814316	50.538349	549.205779	62.839236	562.346866	-0.045408	-0.023655	1.339198	1.476051
3547512282.426860	70.578989	563.304377	214.732086	62.542725	559.252406	78.615252	567.356348	-0.040216	-0.014100	1.344086	1.485826
3547512283.121349	82.682272	575.078742	231.278854	91.067365	571.809152	74.297179	578.348331	-0.040216	-0.038228	1.344086	1.461388
3547512285.135774	92.838512	578.574478	123.997459	101.797545	579.432228	83.879479	577.716728	-0.035062	-0.033338	1.348974	1.466276
3547512289.336735	110.930856	559.627263	145.489380	103.475898	554.585081	118.385814	564.669446	-0.055907	-0.023655	1.329423	1.476051
3547512290.013216	123.604555	551.341182	149.905388	130.604198	545.683887	116.604911	556.998477	-0.061215	-0.023655	1.324536	1.476051
3547512290.689689	138.967520	543.870303	158.654442	129.967592	543.906418	147.967447	543.834188	-0.055907	-0.043151	1.329423	1.456500
3547512291.388183	157.161299	538.682028	172.641571	155.851740	547.586244	158.470857	529.777813	-0.035062	-0.028480	1.348974	1.471163
3547512292.063659	174.459013	539.981602	188.687759	172.739841	531.147325	176.178184	548.815879	-0.050639	-0.038228	1.334311	1.461388
3547512292.796175	192.154452	545.086907	204.481628	194.625265	553.741102	189.683638	536.432713	-0.029944	-0.018862	1.353861	1.480938
3547512293.470650	207.698148	554.531216	220.927078	200.050011	549.787167	215.346285	559.275264	-0.040216	-0.018862	1.344086	1.480938
3547512294.124113	219.676356	567.894221	236.817932	228.059751	571.168162	211.292960	564.620281	-0.035062	-0.033338	1.348974	1.466276
3547512302.995371	246.328922	558.094748	132.225082	243.857373	549.440763	248.800471	566.748732	-0.050639	-0.068269	1.334311	1.432063
3547512303.673850	255.912610	547.854787	134.003036	247.951999	552.053439	263.873221	543.656136	-0.050639	-0.038228	1.334311	1.461388
3547512305.101858	282.694269	526.014655	148.586502	289.917703	531.383268	275.470836	520.646041	-0.050639	-0.043151	1.334311	1.456500
3547512316.727060	277.477858	548.265461	309.668671	268.698319	550.245284	286.257397	546.285638	-0.050639	-0.038228	1.334311	1.461388
3547512317.412547	267.156890	558.661157	316.351257	259.838242	563.899228	274.475539	553.423087	-0.061215	-0.033338	1.324536	1.466276
3547512318.058997	255.653465	567.756905	324.134766	260.363191	575.426226	250.943739	560.087584	-0.061215	-0.048107	1.324536	1.451613
3547512318.761493	243.989781	575.041302	329.250671	238.785714	582.384168	249.193849	567.698436	-0.040216	-0.038228	1.344086	1.461388
3547512319.439972	232.321359	581.294279	333.536804	227.787231	573.519854	236.855486	589.068705	-0.061215	-0.023655	1.324536	1.476051
3547512325.553285	228.269001	578.708008	103.688965	228.416660	587.706796	228.121342	569.709219	-0.071948	-0.023655	1.314761	1.476051
3547512326.193741	230.939982	565.867829	102.362503	222.244191	568.188005	239.635773	563.547653	-0.082842	-0.048107	1.304985	1.451613
3547512328.312231	245.216431	520.110596	113.912651	238.664953	513.939847	251.767908	526.281344	-0.050639	-0.053096	1.334311	1.446725
3547512329.028737	252.417708	504.708777	116.321968	253.164209	513.677765	251.671208	495.739790	-0.061215	-0.058119	1.324536	1.441838
3547512329.699210	260.780369	487.841478	118.962685	264.432422	479.615756	257.128315	496.067200	-0.050639	-0.033338	1.334311	1.466276
3547512331.040156	278.662728	458.111666	121.528259	271.119517	463.020838	286.205939	453.202494	-0.050639	-0.048107	1.334311	1.451613
3547512331.719635	287.266560	443.799247	123.853821	296.010547	445.930606	278.522573	441.667888	-0.050639	-0.048107	1.334311	1.451613
3547512332.421133	290.551324	441.957239	181.464279	296.673515	435.360363	284.429133	448.554115	-0.055907	-0.058119	1.329423	1.441838
3547512337.317587	269.241115	431.048168	29.520533	277.771128	433.918515	260.711103	428.177821	-0.050639	-0.038228	1.334311	1.461388
3547512338.640519	242.469036	414.178815	33.104870	233.531777	415.239665	251.406295	413.117964	-0.071948	-0.058119	1.314761	1.441838
3547512339.322000	229.062689	405.236935	33.827538	223.060986	411.943614	235.064393	398.530255	-0.071948	-0.043151	1.314761	1.456500
3547512340.025496	215.207024	396.641467	31.424107	215.133404	387.641768	215.280644	405.641166	-0.045408	-0.053096	1.339198	1.446725
3547512340.725994	200.007650	388.167334	27.958120	197.208920	396.721111	202.806381	379.613557	-0.045408	-0.033338	1.339198	1.466276
3547512341.417478	184.244520	380.261302	25.279156	182.931493	371.357597	185.557548	389.165007	-0.055907	-0.073396	1.329423	1.427175
3547512342.102961	167.927873	372.852227	22.554203	172.731818	380.462885	163.123929	365.241568	-0.055907	-0.033338	1.329423	1.466276
3547512344.126389	119.859257	357.506559	12.538755	120.107763	348.509991	119.610752	366.503128	-0.055907	-0.048107	1.329423	1.451613
3547512344.804871	104.097895	355.193085	6.576803	101.493140	346.578257	106.702649	363.807912	-0.055907	-0.033338	1.329423	1.466276
3547512345.532381	89.362563	354.357212	0.681601	83.692226	347.368129	95.032900	361.346294	-0.061215	-0.053096	1.324536	1.446725
3547512346.225871	72.009487	354.974398	354.860870	70.761624	363.887469	73.257349	346.061326	-0.061215	-0.033338	1.324536	1.466276
3547512346.899345	54.980423	357.298772	350.253387	63.975162	357.606453	45.985684	356.991091	-0.066562	-0.048107	1.319648	1.451613
3547512347.596837	38.017355	360.892717	347.578613	29.846540	364.666016	46.188170	357.119418	-0.061215	-0.043151	1.324536	1.456500
3547512353.054689	20.589867	373.367451	225.135315	28.438231	368.962547	12.741502	377.772354	-0.061215	-0.043151	1.324536	1.456500
3547512353.750177	30.883737	384.219754	224.953247	39.399947	381.308711	22.367527	387.130796	-0.045408	-0.038228	1.339198	1.461388
3547512354.386627	43.172776	397.070411	224.614731	52.172399	397.152705	34.173152	396.988117	-0.040216	-0.023655	1.344086	1.476051
3547512355.067106	54.995409	408.841478	223.361145	57.724360	417.417772	52.266457	400.265184	-0.071948	-0.038228	1.314761	1.461388
3547512356.445081	81.841193	433.498917	221.641174	72.954565	434.922938	90.727822	432.074897	-0.055907	-0.038228	1.329423	1.461388
3547512357.124560	95.753921	445.104217	219.032700	102.683605	439.361441	88.824237	450.846993	-0.050639	-0.028480	1.334311	1.471163
3547512357.862081	111.313450	456.434363	213.821335	109.586910	447.601523	113.039991	465.267203	-0.050639	-0.009369	1.334311	1.490714
3547512358.551564	127.312823	466.142401	208.434227	119.336880	461.972947	135.288765	470.311855	-0.055907	-0.033338	1.329423	1.466276
3547512360.546977	180.677868	485.901314	192.290070	186.145428	493.050145	175.210309	478.752482	-0.071948	-0.000000	1.314761	1.500489
3547512361.885918	218.660893	490.408335	185.173813	217.048266	499.262681	220.273520	481.553990	-0.055907	-0.033338	1.329423	1.466276
3547512363.234869	258.644688	490.050061	170.476746	251.998799	483.981111	265.290578	496.119011	-0.055907	-0.043151	1.329423	1.456500
3547512363.990402	274.638515	487.115422	167.334824	281.282405	493.186561	267.994625	481.044284	-0.077375	-0.023655	1.309873	1.476051
3547512376.925528	274.831287	492.756721	317.559479	277.133014	501.457414	272.529561	484.056028	-0.055907	-0.053096	1.329423	1.446725
3547512377.587995	263.070388	502.001514	324.026123	266.920770	510.136289	259.220007	493.866739	-0.066562	-0.048107	1.319648	1.451613
3547512378.284486	251.175086	510.881169	324.904694	259.894972	513.109078	242.455199	508.653259	-0.061215	-0.014100	1.324536	1.485826
3547512378.985988	237.759491	520.134248	324.438782	244.549084	526.041991	230.969898	514.226505	-0.055907	-0.068269	1.329423	1.432063
3547512380.977387	197.308982	546.866029	326.418732	200.027963	538.286569	194.590001	555.445489	-0.040216	-0.063177	1.344086	1.436950
3547512381.651863	184.762222	555.351744	326.657898	185.371398	546.372384	184.153046	564.331104	-0.061215	-0.033338	1.324536	1.466276
3547512382.352356	173.038869	563.187435	324.602539	180.700747	567.909259	165.376991	558.465611	-0.071948	-0.068269	1.314761	1.432063
3547512383.028834	160.330560	571.241871	322.991913	155.307390	578.709653	165.353731	563.774090	-0.050639	-0.043151	1.334311	1.456500
3547512383.689300	147.239553	580.593565	323.261353	144.385476	589.129035	150.093629	572.058095	-0.045408	-0.043151	1.339198	1.456500
3547512385.703720	143.882741	573.605902	90.941422	142.406553	582.484014	145.358930	564.727790	-0.050639	-0.038228	1.334311	1.461388
3547512386.407217	144.968658	558.307146	95.503441	136.411867	555.517642	153.525449	561.096650	-0.082842	-0.033338	1.304985	1.466276
3547512387.089698	147.180788	539.558584	96.021126	138.364777	541.369093	155.996799	537.748074	-0.061215	-0.043151	1.324536	1.456500
3547512387.819214	149.164937	518.935383	93.464966	155.512430	512.554997	142.817444	525.315770	-0.066562	-0.043151	1.319648	1.456500
3547512388.523711	149.442822	499.044774	86.992912	156.875340	493.969573	142.010304	504.119976	-0.040216	-0.038228	1.344086	1.461388
3547512389.904685	138.387751	458.094053	59.085936	133.273891	465.500026	143.501611	450.688079	-0.050639	-0.043151	1.334311	1.456500
3547512390.577158	126.474803	442.194466	45.726851	117.610323	443.750422	135.339282	440.638510	-0.045408	-0.023655	1.339198	1.476051
3547512391.245633	111.839330	429.622567	32.807579	102.983361	428.018882	120.695300	431.226251	-0.024864	-0.058119	1.358749	1.441838
3547512393.239037	62.241337	414.094100	1.856655	53.606558	416.631932	70.876117	411.556269	-0.055907	-0.053096	1.329423	1.446725
3547512393.967550	44.688645	415.189775	350.936401	51.859819	409.751552	37.517472	420.627998	-0.045408	-0.023655	1.339198	1.476051
3547512401.488862	33.021190	428.992298	202.341278	24.400731	426.406242	41.641649	431.578354	-0.045408	-0.043151	1.339198	1.456500
3547512402.189352	49.077894	435.736466	200.167740	56.095213	430.101111	42.060574	441.371822	-0.050639	-0.043151	1.334311	1.456500
3547512402.850819	66.589008	441.722339	195.497147	60.665365	434.946613	72.512650	448.498064	-0.045408	-0.038228	1.339198	1.461388
3547512403.533299	86.811180	446.121338	186.278244	93.994851	451.543041	79.627508	440.699635	-0.061215	-0.028480	1.324536	1.471163
3547512404.857234	126.000863	442.208044	162.652122	131.872112	435.386869	120.129613	449.029219	-0.050639	-0.028480	1.334311	1.471163
3547512405.528707	143.705579	434.890218	152.952583	136.203858	439.862560	151.207299	429.917875	-0.055907	-0.058119	1.329423	1.441838
3547512406.883664	174.993408	409.780979	127.846336	167.626044	414.950305	182.360773	404.611652	-0.050639	-0.033338	1.334311	1.466276
3547512407.576151	185.069379	392.376253	111.624588	194.026152	391.495227	176.112605	393.257279	-0.050639	-0.028480	1.334311	1.471163
3547512408.225610	190.000045	372.034822	94.846962	184.924338	364.602649	195.075752	379.466995	-0.040216	-0.043151	1.344086	1.456500
3547512408.875068	188.589552	352.154100	76.103134	182.757861	345.299074	194.421242	359.009126	-0.055907	-0.033338	1.329423	1.466276
3547512409.565555	181.491496	334.384308	58.782856	174.400324	339.926444	188.582669	328.842172	-0.045408	0.018376	1.339198	1.520039
3547512410.257045	169.192144	318.761788	41.221197	172.534546	327.118124	165.849743	310.405452	-0.050639	-0.038228	1.334311	1.461388
3547512410.944531	153.320841	307.708457	23.429686	162.242240	308.895324	144.399443	306.521591	-0.040216	-0.043151	1.344086	1.456500
3547512411.671041	132.605253	302.642401	5.310864	140.041013	297.571950	125.169493	307.712852	-0.040216	-0.018862	1.344086	1.480938
3547512412.353522	112.244417	304.112363	348.422165	109.631034	312.724577	114.857800	295.500149	-0.040216	-0.018862	1.344086	1.480938
3547512413.692468	79.674752	318.278076	326.017731	85.526946	311.440545	73.822558	325.115607	-0.045408	0.009248	1.339198	1.510264
3547512414.363939	67.445887	328.478354	317.284241	67.296338	337.477111	67.595436	319.479596	-0.050639	-0.038228	1.334311	1.461388
3547512415.048422	56.862677	339.771175	310.183990	50.198975	345.820561	63.526380	333.721790	-0.014812	-0.014100	1.368524	1.485826
3547512415.746919	46.949207	352.078950	305.431976	52.729863	358.977067	41.168552	345.180833	-0.014812	-0.009369	1.368524	1.490714
3547512417.070850	28.867307	382.277421	295.865082	24.121970	374.630083	33.612645	389.924758	-0.009839	-0.004669	1.373412	1.495601
3547512417.761338	22.258003	400.007347	285.984680	23.154254	408.962610	21.361753	391.052084	-0.009839	-0.033338	1.373412	1.466276
3547512419.164328	19.660246	436.666489	261.635132	26.613734	442.380420	12.706758	430.952558	-0.014812	0.004639	1.368524	1.505376
3547512425.282643	42.397394	514.035183	267.276947	44.550453	522.773852	40.244335	505.296514	0.004868	0.009248	1.388074	1.510264
3547512426.671623	40.365055	545.039822	280.178406	45.272096	552.584419	35.458014	537.495224	-0.004902	0.022897	1.378299	1.524927
3547512427.332089	36.749095	560.092878	285.750702	35.544653	569.011920	37.953536	551.173835	0.033369	0.027389	1.417400	1.529814
3547512428.003564	31.710018	573.907618	292.395233	33.736538	582.676496	29.683498	565.138741	-0.004902	0.031852	1.378299	1.534702
3547512430.105046	25.690270	579.988621	97.230812	24.269201	588.875722	27.111340	571.101520	0.009701	0.036286	1.392962	1.539589
3547512430.820551	26.665810	579.051947	163.267456	27.522767	570.092839	25.808852	588.011056	0.009701	0.004639	1.392962	1.505376
3547512431.487023	33.459207	581.412633	207.892792	28.772861	573.729003	38.145552	589.096263	0.019267	0.018376	1.402737	1.520039
3547512433.546474	38.428687	574.396116	83.780617	30.656206	578.933575	46.201168	569.858657	-0.009839	0.027389	1.373412	1.529814
3547512434.879414	38.736811	539.480473	94.451447	36.916455	530.666490	40.557168	548.294457	-0.009839	0.027389	1.373412	1.529814
3547512435.531875	40.935252	520.241243	98.144211	47.101792	526.796683	34.768712	513.685804	0.004868	0.031852	1.388074	1.534702
3547512436.240377	44.499143	500.022504	100.732887	42.694166	491.205358	46.304120	508.839649	0.000000	0.022897	1.383187	1.524927
3547512437.585323	52.884605	455.679743	102.380623	44.232280	458.157096	61.536930	453.202391	0.004868	0.022897	1.388074	1.524927
3547512438.252794	58.199216	435.940548	106.428833	61.581894	427.600435	54.816538	444.280661	0.009701	0.027389	1.392962	1.529814
3547512439.611753	72.446580	397.663859	112.610725	76.655270	389.708550	68.237891	405.619167	0.014501	0.018376	1.397849	1.520039
3547512440.344270	80.256115	381.479374	116.813118	85.144507	389.036068	75.367723	373.922680	0.009701	0.018376	1.392962	1.520039
3547512441.702228	101.531382	349.726730	132.348419	98.013957	341.442545	105.048807	358.010915	0.014501	0.022897	1.397849	1.524927
3547512442.457761	116.516643	336.752612	143.172012	125.280570	334.704788	107.752716	338.800436	0.014501	0.031852	1.397849	1.534702
3547512443.179269	133.594733	325.784546	151.420372	128.336710	318.480220	138.852757	333.088873	0.028701	0.049423	1.412512	1.554252
3547512443.842737	152.786774	317.200521	158.006760	145.587683	311.799310	159.985865	322.601733	0.019267	0.027389	1.402737	1.529814
3547512445.161668	190.692748	306.144878	169.959839	187.914365	297.584469	193.471130	314.705286	0.028701	0.022897	1.412512	1.524927
3547512445.854162	209.263354	303.236337	173.346725	214.037391	310.865792	204.489318	295.606882	0.019267	0.049423	1.402737	1.554252
3547512446.559655	228.766037	301.383673	175.223000	234.606488	294.536109	222.925587	308.231238	0.019267	0.031852	1.402737	1.534702
3547512447.249143	248.570190	299.916100	176.234390	245.865821	291.332023	251.274560	308.500177	0.028701	0.045072	1.412512	1.549365
3547512447.921616	267.435692	299.512455	179.490494	271.103174	307.731310	263.768211	291.293600	0.019267	0.009248	1.402737	1.510264
3547512448.665142	285.763887	299.729491	181.671371	290.398847	292.014755	281.128927	307.444226	0.014501	0.053747	1.397849	1.559140
3547512450.109159	289.883724	299.817422	255.722038	298.433155	302.629403	281.334294	297.005441	0.038005	0.018376	1.422287	1.520039
3547512450.773629	289.368482	300.992240	316.443802	282.565215	306.884230	296.171750	295.100249	0.004868	0.040693	1.388074	1.544477
3547512451.453108	287.756260	301.339959	10.458828	295.490653	305.942042	280.021867	296.737876	0.009701	0.031852	1.392962	1.534702
3547512452.119576	277.959350	297.797196	28.417494	279.243393	306.705127	276.675307	288.889265	-0.009839	0.031852	1.373412	1.534702
3547512452.772037	265.623353	288.697811	40.017464	259.023177	294.816444	272.223530	282.579178	0.004868	0.045072	1.388074	1.549365
3547512453.442511	253.376244	276.919028	46.763077	250.198929	285.339519	256.553559	268.498537	0.042609	0.022897	1.427175	1.524927
3547512454.149008	242.268510	263.558230	53.482887	242.950166	272.532379	241.586854	254.584081	0.000000	0.013827	1.383187	1.515152
3547512454.871518	232.430128	249.225472	58.640522	224.624490	253.705653	240.235765	244.745290	-0.004902	0.031852	1.378299	1.534702
3547512456.225475	216.703927	214.503622	72.226372	216.431635	223.499503	216.976218	205.507742	0.004868	0.031852	1.388074	1.534702
3547512456.921966	212.080079	197.147581	76.226906	205.446707	191.064952	218.713451	203.230210	-0.009839	0.018376	1.373412	1.520039
3547512458.249901	205.637561	162.113096	79.961212	214.537305	163.452704	196.737816	160.773487	0.024001	0.074966	1.407625	1.583578
3547512458.929382	202.999962	144.121629	81.800598	201.929798	135.185481	204.070126	153.057778	0.009701	0.161046	1.392962	1.691105
3547512459.601855	201.329975	127.971381	86.293854	210.285063	128.869382	192.374888	127.073380	0.056235	0.236834	1.441838	1.798631
3547512460.990835	201.495111	97.050991	91.072990	201.196397	106.046032	201.793825	88.055949	0.148274	0.340352	1.549365	1.969697
3547512461.683324	201.612913	81.266420	86.876678	209.583863	77.087430	193.641963	85.445410	0.178653	0.376894	1.588465	2.038123
3547512463.760789	197.584337	38.940583	81.297226	200.957554	30.596639	194.211120	47.284527	0.325058	0.425035	1.808407	2.135875
3547512464.430261	196.000760	26.267106	81.719482	195.658182	17.273628	196.343338	35.260584	0.363609	0.434139	1.876833	2.155425
3547512467.901711	183.572882	18.647779	330.705002	190.261277	24.669853	176.884488	12.625705	0.416436	0.451861	1.979472	2.194526
3547512468.598203	173.216696	24.584208	330.158371	175.800117	33.205457	170.633276	15.962959	0.411642	0.451861	1.969697	2.194526
3547512469.229649	164.127955	29.374903	334.875671	155.519498	32.000634	172.736412	26.749171	0.399447	0.445290	1.945259	2.179863
3547512469.935147	153.749337	33.717920	340.366547	145.834996	29.432689	161.663679	38.003151	0.386940	0.429608	1.920821	2.145650
3547512470.600615	143.622767	36.871543	345.245346	146.537841	28.356713	140.707692	45.386374	0.379283	0.411062	1.906158	2.106549
3547512471.246072	132.826019	38.880985	353.220856	124.020597	37.019655	141.631441	40.742314	0.358274	0.415762	1.867058	2.116325
3547512471.927553	122.471395	40.015280	0.435273	118.676475	31.854485	126.266315	48.176076	0.341931	0.374365	1.837732	2.033236
3547512472.603029	111.204574	39.232431	5.607407	116.834116	32.210448	105.575031	46.254415	0.319312	0.358935	1.798631	2.003910
3547512473.303522	99.687227	37.383110	15.635279	99.033642	46.359347	100.340812	28.406873	0.304668	0.340352	1.774194	1.969697
3547512474.035040	88.834012	34.006473	18.859093	88.748182	25.006883	88.919842	43.006064	0.295687	0.329441	1.759531	1.950147
3547512474.720523	77.464518	28.778223	29.186790	84.583599	34.284463	70.345436	23.271984	0.295687	0.312657	1.759531	1.920821
3547512475.356971	67.808599	23.373266	32.543587	59.677896	19.514293	75.939301	27.232239	0.264637	0.292417	1.710655	1.886608
3547512479.608971	51.902909	42.296260	281.462952	60.526050	39.719161	43.279767	44.873358	0.200474	0.233587	1.617791	1.793744
3547512480.301458	47.591370	55.945628	289.512115	43.390787	47.986036	51.791953	63.905220	0.163652	0.217078	1.568915	1.769306
3547512480.961926	41.163385	70.298914	298.894775	45.025099	78.428316	37.301671	62.169513	0.171199	0.193186	1.578690	1.735093
3547512481.615385	33.882464	82.143135	306.019104	42.516428	84.683740	25.248500	79.602531	0.144368	0.206953	1.544477	1.754643
3547512482.284859	24.854792	92.950108	312.847107	33.555446	90.648232	16.154139	95.251984	0.156011	0.175535	1.559140	1.710655
3547512482.948327	17.865615	99.818081	300.800049	24.276796	93.501694	11.454433	106.134469	0.159844	0.182655	1.564027	1.720430
3547512483.643817	17.710701	101.437740	236.430054	24.233037	107.639283	11.188366	95.236197	0.116321	0.164700	1.510264	1.695992
3547512484.338311	19.019857	101.729531	201.425537	15.819025	93.317951	22.220688	110.141111	0.124463	0.149958	1.520039	1.676442
3547512485.031797	30.007316	107.379396	211.403473	37.150055	112.854912	22.864577	101.903880	0.124463	0.196657	1.520039	1.739980
3547512486.430783	51.667283	127.724109	231.318558	59.915988	124.124267	43.418578	131.323951	0.086974	0.142458	1.476051	1.666667
3547512487.114266	61.999950	141.737887	235.725937	62.956530	150.686907	61.043369	132.788868	0.065165	0.127190	1.451613	1.647116
3547512487.784739	71.197675	156.211421	237.429123	79.942113	154.081911	62.453238	158.340931	0.095497	0.107588	1.485826	1.622678
3547512488.492238	79.558451	169.752289	238.667603	80.398180	160.791549	78.718722	178.713029	0.082670	0.123317	1.471163	1.642229
3547512489.166714	88.126468	184.360211	240.977982	80.940762	189.779218	95.312173	178.941204	0.073976	0.111556	1.461388	1.627566
3547512489.797161	95.572091	198.770399	243.605713	104.493462	197.583328	86.650720	199.957470	0.078338	0.119420	1.466276	1.637341
3547512490.463628	102.143219	212.468289	246.502518	93.200117	211.457873	111.086320	213.478705	0.060715	0.111556	1.446725	1.627566
3547512491.136103	107.853327	226.938907	251.402069	107.182040	217.963977	108.524614	235.913837	0.056235	0.083272	1.441838	1.593353
3547512491.832594	112.337680	241.717522	256.077545	121.331270	241.377908	103.344090	242.057137	0.069586	0.091476	1.456500	1.603128
3547512492.598135	115.381195	257.792146	261.158936	118.941796	266.057866	111.820595	249.526426	0.065165	0.091476	1.451613	1.603128
3547512493.265606	117.273897	275.211074	265.201477	108.583607	272.870379	125.964187	277.551769	0.056235	0.091476	1.441838	1.603128
3547512493.915063	116.665967	292.290664	269.875244	119.340468	283.697234	113.991465	300.884094	0.051724	0.079132	1.436950	1.588465
3547512495.262015	113.239362	321.495508	284.320648	104.239552	321.554125	122.239171	321.436891	0.060715	0.074966	1.446725	1.583578
3547512495.931488	108.610804	335.989046	293.327423	116.859537	339.588825	100.362071	332.389267	0.051724	0.062314	1.436950	1.568915
3547512496.629979	102.202558	348.419893	300.917908	107.826542	341.393458	96.578573	355.446329	0.033369	0.099581	1.417400	1.612903
3547512497.293447	93.885827	359.603530	312.678772	102.849156	358.791907	84.922498	360.415152	0.038005	0.066558	1.422287	1.573803
3547512498.705445	67.445557	378.277983	333.605713	62.386888	370.834202	72.504225	385.721764	0.033369	0.045072	1.417400	1.549365
3547512499.370913	51.309080	385.662358	337.934601	60.104947	383.756385	42.513214	387.568331	0.038005	0.070775	1.422287	1.578690
3547512500.021373	36.838629	391.195993	340.686646	27.977910	389.618763	45.699349	392.773223	0.038005	0.066558	1.422287	1.573803
3547512500.710856	21.921324	395.882999	345.282135	24.521245	387.266712	19.321403	404.499287	0.033369	0.062314	1.417400	1.568915
3547512501.387335	15.449001	397.964905	304.462830	13.034042	406.634851	17.863960	389.294959	0.042609	0.058044	1.427175	1.564027
3547512502.083827	15.386995	397.279735	235.510147	14.405236	406.226027	16.368755	388.333442	0.014501	0.070775	1.397849	1.578690
3547512502.759302	21.078411	401.096373	215.199219	12.078411	401.097471	30.078411	401.095275	0.028701	0.066558	1.412512	1.573803
3547512503.477810	32.508614	410.932833	222.376617	26.874279	417.950972	38.142949	403.914695	0.024001	0.095541	1.407625	1.608016
3547512504.873795	59.307295	438.444031	226.122375	59.957388	429.467541	58.657202	447.420521	0.038005	0.058044	1.422287	1.564027
3547512505.562287	71.209745	451.627788	229.125031	69.322753	460.427746	73.096738	442.827830	0.024001	0.070775	1.407625	1.578690
3547512506.233753	82.972619	465.714484	230.232147	89.999472	471.337947	75.945767	460.091020	0.019267	0.062314	1.402737	1.568915
3547512507.523668	105.264124	493.392799	233.888229	96.379687	491.955174	114.148562	494.830424	0.009701	0.070775	1.392962	1.578690
3547512508.185131	115.559844	507.872974	236.116440	119.850887	515.784165	111.268801	499.961782	0.028701	0.040693	1.412512	1.544477
3547512508.850603	124.572529	522.182585	237.356079	133.449059	520.696913	115.696000	523.668258	0.019267	0.049423	1.402737	1.554252
3547512510.274611	143.069357	552.553462	239.013885	140.817932	543.839617	145.320783	561.267306	0.019267	0.053747	1.402737	1.559140
3547512510.951082	152.649893	568.388399	238.250443	157.048194	560.536332	148.251592	576.240465	0.014501	0.058044	1.397849	1.564027
3547512512.963501	165.250725	581.098650	118.925125	169.209084	573.015866	161.292365	589.181433	0.028701	0.053747	1.412512	1.559140
3547512513.616966	170.691101	570.439322	119.686928	167.976387	561.858510	173.405815	579.020133	0.024001	0.058044	1.407625	1.564027
3547512514.312456	179.924908	556.892612	125.421051	182.087435	548.156281	177.762381	565.628943	0.051724	0.045072	1.436950	1.549365
3547512514.990932	191.133453	542.032751	126.160660	186.842704	534.121400	195.424202	549.944101	0.024001	0.045072	1.407625	1.549365
3547512515.691427	203.029273	525.606541	123.464188	210.308289	530.899547	195.750256	520.313535	0.014501	0.053747	1.397849	1.559140
3547512516.523031	214.143194	508.348899	119.519814	212.893610	499.436069	215.392779	517.261729	0.024001	0.049423	1.407625	1.554252
3547512517.196496	222.980175	490.512286	110.780022	229.586699	496.624065	216.373651	484.400507	0.024001	0.058044	1.407625	1.564027
3547512518.555451	233.540156	450.912345	97.754929	236.757376	459.317671	230.322936	442.507020	0.024001	0.058044	1.407625	1.564027
3547512519.896393	237.243211	413.736156	92.225777	245.342506	417.660621	229.143917	409.811691	0.028701	0.045072	1.412512	1.549365
3547512520.559863	237.815986	395.348015	90.575104	233.257778	403.108345	242.374195	387.587684	0.028701	0.058044	1.412512	1.564027
3547512521.267360	237.875408	376.896570	88.733940	231.614419	370.431277	244.136397	383.361864	0.019267	0.049423	1.402737	1.554252
3547512522.001878	237.021480	357.849338	85.105659	239.531661	366.492196	234.511299	349.206480	0.028701	0.066558	1.412512	1.573803
3547512522.743404	234.769567	338.730273	82.254425	229.890047	331.167846	239.649086	346.292699	0.033369	0.040693	1.417400	1.544477
3547512523.412874	231.349086	316.612745	79.150311	236.508538	323.987028	226.189634	309.238462	0.019267	0.045072	1.402737	1.549365
3547512524.109365	227.065200	297.071873	75.616505	225.116235	288.285433	229.014165	305.858313	0.038005	0.062314	1.422287	1.568915
3547512524.795849	221.866190	278.549946	72.771858	226.300783	286.381573	217.431597	270.718319	0.042609	0.040693	1.427175	1.544477
3547512525.449312	215.798404	260.359836	70.119690	208.202627	255.532395	223.394180	265.187277	0.019267	0.031852	1.402737	1.534702
3547512526.115781	208.962951	242.748832	67.958900	217.200237	239.122936	200.725665	246.374728	0.038005	0.053747	1.422287	1.559140
3547512527.473740	195.281999	211.029749	66.235413	197.612827	219.722691	192.951172	202.336807	0.009701	0.045072	1.392962	1.549365
3547512528.180238	188.154972	194.224783	64.621162	179.368984	196.175787	196.940960	192.273778	0.033369	0.066558	1.417400	1.573803
3547512529.565216	171.374272	160.592864	62.033426	177.820604	154.312354	164.927940	166.873373	0.014501	0.031852	1.397849	1.534702
3547512530.226686	163.288018	144.316090	63.931288	155.269461	140.229191	171.306575	148.402988	0.014501	0.045072	1.397849	1.549365
3547512530.880144	156.268919	128.516763	66.433750	160.266907	136.580019	152.270931	120.453507	0.028701	0.049423	1.412512	1.554252
3547512531.592645	149.649475	112.312116	67.699066	158.541823	110.924259	140.757126	113.699973	0.019267	0.040693	1.402737	1.544477
3547512532.268122	143.257039	95.834645	69.097950	143.410827	86.835959	143.103251	104.833331	0.038005	0.045072	1.422287	1.549365
3547512532.965615	137.013770	78.711213	70.772758	128.047750	79.492542	145.979791	77.929884	0.042609	0.087387	1.427175	1.598240
3547512534.370605	126.162964	44.070298	75.334736	126.733971	35.088430	125.591958	53.052166	0.024001	0.058044	1.407625	1.564027
3547512535.195185	122.494107	26.979655	79.770187	130.977622	29.984647	114.010592	23.974663	0.047182	0.066558	1.432063	1.573803
3547512537.881081	110.226062	24.140358	310.245270	103.945337	30.586481	116.506786	17.694236	0.056235	0.049423	1.441838	1.554252
3547512538.549553	99.707296	36.249337	313.071625	107.677096	32.068154	91.737497	40.430521	0.069586	0.079132	1.456500	1.588465
3547512539.218024	88.333185	47.939975	314.966766	81.830128	41.718218	94.836242	54.161731	0.051724	0.070775	1.436950	1.578690
3547512540.616011	61.619448	70.649779	325.205597	70.607857	70.193159	52.631039	71.106398	0.056235	0.091476	1.441838	1.603128
3547512541.286485	46.663724	79.753096	330.009857	47.943034	88.661708	45.384415	70.844484	0.051724	0.058044	1.436950	1.564027
3547512541.946949	30.671047	88.030873	335.375793	24.376043	94.463052	36.966051	81.598694	0.019267	0.036286	1.402737	1.539589
3547512542.602416	17.005973	93.594041	350.738159	25.107731	89.674666	8.904214	97.513417	0.042609	0.066558	1.427175	1.573803
3547512543.276887	13.799180	92.449496	54.289223	20.748129	98.168946	6.850231	86.730047	0.038005	0.083272	1.422287	1.593353
3547512543.935352	13.672685	91.234110	105.230095	22.671894	91.353437	4.673476	91.114782	0.038005	0.018376	1.422287	1.520039
3547512544.614831	13.645111	91.343238	170.326126	7.985114	84.345778	19.305107	98.340697	0.028701	0.062314	1.412512	1.568915
3547512545.320331	14.661462	92.409738	241.982040	15.375366	101.381379	13.947558	83.438098	0.033369	0.040693	1.417400	1.544477
3547512545.977793	18.890618	103.421705	252.722687	10.028898	101.850107	27.752338	104.993303	0.019267	0.045072	1.402737	1.549365
3547512547.325744	24.279703	137.160713	266.872375	22.819190	146.041417	25.740216	128.280009	0.009701	0.040693	1.392962	1.544477
3547512547.985215	24.253208	155.478558	272.044952	15.647734	158.114051	32.858681	152.843066	0.028701	0.040693	1.412512	1.544477
3547512549.341168	19.834733	191.321257	280.303406	25.644108	198.195205	14.025358	184.447309	0.042609	0.053747	1.427175	1.559140
3547512550.042661	15.248510	210.168859	285.358704	10.728034	217.951230	19.768986	202.386488	0.033369	0.045072	1.417400	1.549365
3547512550.704128	15.484750	215.313861	226.853760	9.973179	208.198906	20.996320	222.428817	0.033369	0.040693	1.417400	1.544477
3547512551.372600	16.298336	215.589144	165.307465	7.919983	218.875967	24.676689	212.302322	0.019267	0.027389	1.402737	1.529814
3547512552.059086	25.137590	212.393498	158.979996	16.621946	215.306195	33.653233	209.480800	0.019267	0.066558	1.402737	1.573803
3547512552.788599	40.228555	207.073193	161.937408	49.133604	205.769316	31.323505	208.377069	0.014501	0.036286	1.397849	1.539589
3547512553.477084	58.636170	201.304011	163.001358	61.818932	192.885577	55.453408	209.722445	0.009701	0.027389	1.392962	1.529814
3547512554.122539	79.024773	195.093980	162.396683	86.429026	189.977630	71.620520	200.210329	0.004868	0.040693	1.388074	1.544477
3547512555.434471	116.762601	183.424200	162.261658	124.788198	179.351144	108.737003	187.497256	0.014501	-0.000000	1.397849	1.500489
3547512557.436879	172.268390	163.747920	156.921799	173.683005	154.859789	170.853774	172.636050	0.060715	0.164700	1.446725	1.695992
3547512558.120360	189.816252	155.172457	153.118538	183.238997	161.315723	196.393507	149.029190	0.078338	0.236834	1.466276	1.798631
3547512558.861884	205.528806	145.627479	146.951477	199.707630	152.491436	211.349983	138.763522	0.099716	0.286498	1.490714	1.876833
3547512559.555372	220.856372	133.689137	136.987366	229.376321	130.789058	212.336422	136.589216	0.108073	0.295353	1.500489	1.891496
3547512560.893316	240.930214	106.872954	119.379547	240.938978	97.872958	240.921451	115.872949	0.095497	0.323903	1.485826	1.940371
3547512561.546779	248.030725	93.729773	115.314949	240.848672	99.153619	255.212779	88.305927	0.140438	0.323903	1.539589	1.940371
3547512562.210245	254.214436	80.672010	111.821571	262.825571	78.055075	245.603301	83.288946	0.120405	0.315490	1.515152	1.925709
3547512563.565202	263.347710	52.670892	105.286545	272.339317	52.282295	254.356104	53.059490	0.120405	0.286498	1.515152	1.876833
3547512564.271700	267.133740	37.381570	100.297745	269.213746	28.625225	265.053735	46.137915	0.120405	0.286498	1.515152	1.876833
3547512567.606052	260.298738	17.823582	311.999939	267.784556	22.819833	252.812920	12.827331	0.103908	0.240064	1.495601	1.803519
3547512568.278529	251.061409	27.945452	310.192841	244.451504	34.053575	257.671314	21.837330	0.099716	0.223736	1.490714	1.779081
3547512568.922983	242.377873	37.866320	311.491608	246.485393	45.874334	238.270354	29.858306	0.108073	0.236834	1.500489	1.798631
3547512569.588456	233.522866	48.831000	309.446136	224.522868	48.824341	242.522863	48.837659	0.099716	0.227038	1.490714	1.783969
3547512570.993442	216.018139	71.645473	305.452118	221.936552	78.425767	210.099726	64.865179	0.108073	0.227038	1.500489	1.783969
3547512571.689932	206.940527	84.309727	305.904266	215.226506	87.822924	198.654548	80.796530	0.144368	0.213722	1.544477	1.764418
3547512572.372415	198.231444	97.762032	302.750854	189.987566	94.151149	206.475322	101.372915	0.167437	0.227038	1.573803	1.783969
3547512573.026877	190.533228	112.162889	300.518707	198.446058	107.874868	182.620398	116.450910	0.211090	0.246473	1.632454	1.813294
3547512574.380832	174.485865	137.464789	305.417862	180.168585	144.443807	168.803144	130.485772	0.267822	0.304072	1.715543	1.906158
3547512575.028288	165.872676	148.564480	310.667542	162.785486	157.018429	168.959865	140.110530	0.319312	0.295353	1.798631	1.891496
3547512575.689754	156.921196	158.749061	314.121078	157.264794	149.755622	156.577597	167.742499	0.327909	0.295353	1.813294	1.891496
3547512576.349221	147.554608	167.214663	319.061005	156.393749	165.520676	138.715467	168.908651	0.347437	0.292417	1.847507	1.886608
3547512580.454118	81.000847	165.969370	49.285454	88.475467	160.956381	73.526227	170.982359	0.261434	0.233587	1.705767	1.793744
3547512581.140601	75.368064	155.503015	71.453506	68.892299	161.753172	81.843830	149.252858	0.258213	0.227038	1.700880	1.783969
3547512581.787057	73.315921	143.217586	89.259392	64.656540	140.765012	81.975303	145.670159	0.245141	0.206953	1.681329	1.754643
3547512582.478545	75.286286	130.916044	107.831398	67.630307	126.184661	82.942266	135.647426	0.235135	0.213722	1.666667	1.764418
3547512583.905550	89.644143	109.087109	139.916641	80.704386	110.126696	98.583900	108.047521	0.200474	0.182655	1.617791	1.720430
3547512584.563015	102.120169	102.128964	160.811981	107.133070	109.603643	97.107269	94.654285	0.207572	0.161046	1.627566	1.691105
3547512585.224483	117.041991	99.580402	179.182785	118.047919	108.524009	116.036063	90.636795	0.182345	0.168332	1.593353	1.700880
3547512585.889952	130.186366	101.083451	195.936813	121.942095	97.473468	138.430638	104.693435	0.178653	0.161046	1.588465	1.691105
3547512586.558422	143.558014	106.485017	209.285156	135.164612	109.733218	151.951415	103.236816	0.182345	0.164700	1.593353	1.695992
3547512587.913383	165.839725	126.197203	232.349808	166.989016	117.270886	164.690434	135.123520	0.316415	0.186185	1.793744	1.725318
3547512588.595859	173.837243	139.010426	243.487648	182.836333	138.882474	164.838152	139.138377	0.441980	0.230321	2.033236	1.788856
3547512589.317370	179.036400	153.286957	256.972031	184.400808	146.060400	173.671991	160.513514	0.511100	0.255956	2.194526	1.827957
3547512590.020866	180.535468	168.970700	276.264221	182.287598	160.142901	178.783338	177.798499	0.513036	0.265289	2.199413	1.842620
3547512591.390831	168.475155	188.429845	325.968811	174.654704	181.886667	162.295606	194.973022	0.495293	0.262195	2.155425	1.837732
3547512592.037288	158.107789	192.196558	355.615875	163.307069	199.542814	152.908509	184.850301	0.480985	0.252812	2.121212	1.823069
3547512592.687746	148.068590	189.916336	28.047003	146.040187	198.684778	150.096993	181.147893	0.474710	0.236834	2.106549	1.798631
3547512593.355220	139.969260	182.811121	53.888674	144.138030	190.787421	135.800491	174.834821	0.468347	0.227038	2.091887	1.783969
3547512594.652135	136.931623	161.600830	100.794891	134.583766	152.912472	139.279481	170.289188	0.432849	0.220416	2.013685	1.774194
3547512595.387652	140.988859	149.780800	123.406338	147.949670	155.485807	134.028048	144.075793	0.435148	0.233587	2.018573	1.793744
3547512596.092149	149.788890	141.123444	146.496506	141.543607	144.731118	158.034172	137.515770	0.459724	0.203540	2.072336	1.749756
3547512596.755619	160.897134	136.470387	171.942642	154.165671	142.444280	167.628598	130.496494	0.480985	0.233587	2.121212	1.793744
3547512597.431096	175.545587	138.129294	196.577103	166.777613	140.159720	184.313561	136.098869	0.478903	0.262195	2.116325	1.837732
3547512598.097565	185.521294	144.118269	225.526924	191.094259	137.051300	179.948328	151.185238	0.483057	0.280518	2.126100	1.867058
3547512599.487543	191.100079	166.222293	282.369873	194.383679	157.842677	187.816478	174.601909	0.457543	0.298274	2.067449	1.896383
3547512600.886532	177.604272	184.592060	331.321350	186.543083	185.639753	168.665461	183.544367	0.418816	0.277504	1.984360	1.862170
3547512601.580021	166.945276	186.994608	356.220367	175.398399	190.084059	158.492152	183.905156	0.399447	0.268367	1.945259	1.847507
3547512602.308537	154.668449	185.548183	17.792570	162.506350	181.124690	146.830547	189.971677	0.368887	0.262195	1.886608	1.837732
3547512603.629467	138.003462	169.249875	66.939930	145.409500	174.363640	130.597424	164.136110	0.358274	0.233587	1.867058	1.793744
3547512604.303942	135.872158	158.040504	91.792236	141.573526	165.004296	130.170790	151.076711	0.350168	0.213722	1.852395	1.764418
3547512604.957402	138.721691	146.622369	112.211872	145.689566	140.925992	131.753815	152.318746	0.336367	0.210347	1.827957	1.759531
3547512605.639885	145.120833	137.295999	135.085937	145.097913	146.295970	145.143752	128.296028	0.327909	0.223736	1.813294	1.779081
3547512606.289344	155.619399	130.650985	158.269867	147.263295	127.308004	163.975503	133.993967	0.319312	0.246473	1.798631	1.813294
3547512606.944807	168.544776	128.764918	185.522102	170.050879	137.638004	167.038674	119.891832	0.313502	0.274474	1.788856	1.857283
3547512607.638296	180.868743	131.916039	202.477402	171.977090	130.523734	189.760395	133.308345	0.298697	0.295353	1.764418	1.891496
3547512608.331784	190.548902	138.311505	220.275909	187.341204	129.902541	193.756600	146.720469	0.283476	0.298274	1.739980	1.896383
3547512609.001256	199.705671	148.609321	234.934799	194.014054	155.581086	205.397287	141.637556	0.274137	0.295353	1.725318	1.891496
3547512609.674735	205.800836	160.888704	250.122208	214.206048	157.671187	197.395625	164.106222	0.258213	0.280518	1.700880	1.867058
3547512611.007674	209.798299	186.375914	271.188385	202.170039	181.599970	217.426560	191.151857	0.231761	0.268367	1.661779	1.847507
3547512611.672142	208.081367	199.079329	282.302521	211.921482	190.939703	204.241252	207.218956	0.218062	0.259084	1.642229	1.832845
3547512612.376640	204.449438	211.689414	291.740021	200.713183	219.877234	208.185693	203.501594	0.204034	0.240064	1.622678	1.803519
3547512613.090140	198.649050	223.225566	301.427917	200.127119	214.347767	197.170981	232.103365	0.196892	0.240064	1.612903	1.803519
3547512614.490130	181.705287	245.285036	316.142654	173.460529	248.893908	189.950045	241.676163	0.163652	0.206953	1.568915	1.754643
3547512615.133584	170.344283	254.412207	325.300629	179.248808	253.104748	161.439759	255.719665	0.159844	0.206953	1.564027	1.754643
3547512615.791047	158.773489	261.046651	332.184642	165.379408	254.934218	152.167571	267.159084	0.171199	0.203540	1.578690	1.749756
3547512616.481534	146.354385	267.030260	335.872701	143.886972	275.685424	148.821797	258.375095	0.148274	0.193186	1.549365	1.735093
3547512617.125988	132.985286	271.811779	341.830607	127.881301	279.224561	138.089271	264.398997	0.136482	0.182655	1.534702	1.720430
3547512617.785453	118.709235	276.681366	348.651184	118.119254	285.662008	119.299215	267.700725	0.124463	0.175535	1.520039	1.710655
3547512621.232887	45.271624	275.673062	14.911824	38.839677	281.968303	51.703571	269.377822	0.091250	0.131041	1.480938	1.652004
3547512621.931377	30.847887	271.311588	16.726385	38.509416	276.033979	23.186357	266.589198	0.069586	0.131041	1.456500	1.652004
3547512622.586844	17.996304	266.772671	13.017031	14.076265	258.671233	21.916342	274.874109	0.073976	0.127190	1.461388	1.647116
3547512623.303350	16.753602	266.713074	303.658783	8.834277	270.989086	24.672928	262.437061	0.086974	0.115499	1.476051	1.632454
3547512623.995837	16.993770	266.480169	249.744781	25.993139	266.586677	7.994400	266.373662	0.078338	0.087387	1.466276	1.598240
3547512624.677317	21.337090	277.621456	248.348770	22.797163	286.502232	19.877017	268.740679	0.065165	0.095541	1.451613	1.608016
3547512625.388817	24.783422	290.815346	255.874802	33.661188	292.293614	15.905657	289.337078	0.047182	0.083272	1.432063	1.593353
3547512626.784803	31.001289	322.970453	262.934662	38.369473	317.802295	23.633105	328.138611	0.060715	0.087387	1.446725	1.598240
3547512627.426256	32.641490	339.099892	265.599487	23.723266	340.310385	41.559713	337.889399	0.047182	0.079132	1.432063	1.588465
3547512629.414659	32.291103	389.909491	273.404053	33.059593	398.876621	31.522613	380.942361	0.033369	0.066558	1.417400	1.573803
3547512630.084130	31.034096	408.323655	274.188385	37.912036	414.128303	24.156157	402.519006	0.024001	0.079132	1.407625	1.588465
3547512630.763610	29.811901	426.651825	272.548340	23.545256	433.111636	36.078546	420.192014	0.028701	0.031852	1.412512	1.534702
3547512632.177608	28.960337	462.170112	270.973633	22.525082	455.878253	35.395592	468.461972	0.028701	0.031852	1.412512	1.534702
3547512633.545572	28.203527	497.806295	273.892090	33.086925	505.366218	23.320130	490.246373	-0.019820	0.036286	1.363636	1.539589
3547512634.200036	26.896924	513.601041	275.227112	35.388434	510.618716	18.405414	516.583365	0.000000	0.074966	1.383187	1.583578
3547512635.517963	21.531540	544.616442	283.134979	18.096194	536.297885	24.966887	552.935000	-0.009839	0.013827	1.373412	1.515152
3547512636.165420	17.533842	559.418031	287.539276	26.502449	558.666971	8.565235	560.169092	0.009701	0.013827	1.392962	1.515152
3547512636.865916	14.832481	568.652634	262.626312	23.421617	565.964372	6.243345	571.340895	-0.014812	0.018376	1.368524	1.520039
3547512637.573416	14.628813	568.626045	202.419418	5.832789	566.720799	23.424837	570.531290	-0.004902	0.031852	1.378299	1.534702
3547512638.263900	18.751277	567.532737	162.306168	26.587694	563.106615	10.914859	571.958860	-0.029944	-0.009369	1.353861	1.490714
3547512638.966400	33.814431	562.091037	161.794708	42.814399	562.066857	24.814464	562.115216	-0.009839	-0.000000	1.373412	1.500489
3547512639.666891	53.081604	555.523011	161.849594	62.066692	555.005145	44.096515	556.040877	-0.024864	0.004639	1.358749	1.505376
3547512640.334363	74.735376	547.860309	159.194260	67.033779	552.517069	82.436972	543.203549	-0.024864	0.009248	1.358749	1.510264
3547512641.008842	96.378395	538.759124	154.770660	103.035671	544.815583	89.721120	532.702666	-0.024864	0.013827	1.358749	1.515152
3547512641.677309	118.638845	526.353980	147.160660	114.369937	534.277138	122.907753	518.430822	-0.019820	-0.000000	1.363636	1.500489
3547512642.331770	137.660604	512.442322	139.647293	128.766536	511.065529	146.554672	513.819114	-0.035062	-0.004669	1.348974	1.495601
3547512642.992239	155.420451	495.446643	132.991142	147.639517	490.923696	163.201386	499.969591	-0.004902	0.009248	1.378299	1.510264
3547512644.398229	182.552303	458.038814	116.327599	183.349291	467.003456	181.755315	449.074171	-0.035062	-0.009369	1.348974	1.490714
3547512645.078710	191.517254	436.161590	108.059242	182.990423	433.281805	200.044084	439.041376	-0.019820	-0.004669	1.363636	1.495601
3547512645.734172	197.807447	413.717286	101.941452	188.922845	412.280675	206.692049	415.153897	-0.024864	-0.004669	1.358749	1.495601
3547512646.409649	201.671541	392.366115	97.043381	198.619374	400.832772	204.723707	383.899458	0.004868	0.009248	1.388074	1.510264
3547512649.286677	208.212101	300.533368	91.718369	213.383989	307.898935	203.040213	293.167801	-0.019820	-0.009369	1.363636	1.490714
3547512649.996177	208.847604	278.722243	89.819389	200.208120	281.244011	217.487089	276.200475	-0.029944	-0.004669	1.353861	1.495601
3547512650.728697	208.919078	257.132035	89.160751	200.543321	253.838604	217.294835	260.425467	-0.040216	-0.014100	1.344086	1.485826
3547512652.739112	212.680370	189.588722	96.545166	205.953374	195.567645	219.407366	183.609799	-0.014812	0.004639	1.368524	1.505376
3547512654.103075	217.012958	148.042269	93.097458	225.229015	144.368525	208.796900	151.716013	-0.019820	0.013827	1.363636	1.515152
3547512655.405995	213.239567	106.749773	76.512001	205.163219	102.778299	221.315914	110.721248	-0.019820	-0.018862	1.363636	1.480938
3547512656.064457	207.253601	87.400023	69.364792	205.029115	78.679262	209.478087	96.120783	-0.024864	0.036286	1.358749	1.539589
3547512657.469450	189.162600	50.601629	57.834818	180.524751	48.074268	197.800450	53.128991	-0.014812	-0.004669	1.368524	1.495601
3547512658.114905	176.820554	32.170770	55.247564	185.495229	29.772851	168.145879	34.568689	-0.040216	-0.009369	1.344086	1.490714
3547512658.799390	165.818478	17.002738	52.392410	158.174745	21.753880	173.462211	12.251597	-0.014812	0.004639	1.368524	1.505376
3547512664.327289	164.960133	27.527376	272.598846	159.027604	34.295322	170.892663	20.759430	0.051724	0.009248	1.436950	1.510264
3547512665.014773	164.578383	47.696790	273.441071	165.678214	56.629335	163.478552	38.764244	0.069586	0.070775	1.456500	1.578690
3547512666.345711	156.958426	84.891151	293.317123	165.169645	88.575697	148.747207	81.206605	0.148274	0.179105	1.549365	1.715543
3547512667.046208	149.282526	99.375512	301.642868	148.832954	90.386748	149.732099	108.364277	0.156011	0.213722	1.559140	1.764418
3547512667.707673	139.672810	113.122664	307.165100	145.545999	106.303159	133.799620	119.942168	0.163652	0.236834	1.568915	1.798631
3547512669.133679	120.304502	136.428425	312.302795	128.939750	138.964659	111.669253	133.892190	0.159844	0.246473	1.564027	1.813294
3547512669.837175	109.254924	148.048042	314.319824	107.816095	139.163799	110.693753	156.932285	0.152155	0.262195	1.554252	1.837732
3547512670.512654	97.694452	159.773886	315.086609	90.494191	154.374234	104.894713	165.173539	0.140438	0.227038	1.539589	1.783969
3547512671.194133	86.757240	170.444855	315.764771	77.762661	170.757172	95.751820	170.132538	0.140438	0.230321	1.539589	1.788856
3547512672.497053	65.371840	190.695526	316.933838	62.142319	199.096133	68.601360	182.294919	0.128495	0.233587	1.524927	1.793744
3547512673.175530	54.218961	200.878413	318.893890	63.216736	200.678305	45.221186	201.078521	0.108073	0.206953	1.500489	1.754643
3547512673.810979	43.817621	209.421061	321.219452	37.507321	203.003888	50.127920	215.838235	0.095497	0.189696	1.485826	1.730205
3547512674.482452	32.628217	218.299466	321.021240	27.705117	210.765338	37.551316	225.833595	0.095497	0.179105	1.485826	1.715543
3547512675.240990	21.083837	227.327626	321.909882	12.131874	226.398993	30.035800	228.256259	0.091250	0.171944	1.480938	1.705767
3547512679.278837	76.343460	241.358415	187.205185	84.991908	238.867564	67.695012	243.849266	0.051724	0.099581	1.436950	1.612903
3547512679.977329	94.013136	242.960065	182.903564	88.276041	236.025677	99.750230	249.894454	0.024001	0.115499	1.407625	1.632454
3547512680.653807	112.087256	243.286703	179.226578	113.483759	252.177697	110.690753	234.395709	0.038005	0.103597	1.422287	1.617791
3547512681.425351	129.431055	242.711350	174.779816	137.643624	239.029812	121.218487	246.392888	0.042609	0.087387	1.427175	1.598240
3547512682.100829	147.158758	240.234507	173.601898	153.703980	246.411891	140.613537	234.057123	0.042609	0.083272	1.427175	1.593353
3547512682.761293	166.314264	238.416768	175.186241	172.402419	231.788467	160.226110	245.045070	0.024001	0.103597	1.407625	1.617791
3547512686.785134	273.354573	226.248064	173.097061	276.095516	234.820533	270.613629	217.675595	0.019267	0.058044	1.363636	1.549365
3547512687.489630	288.580992	223.674888	153.463608	284.469491	231.680858	292.692493	215.668918	0.024001	0.058044	1.407625	1.564027
3547512688.159102	290.500830	220.404594	75.372299	290.734124	211.407618	290.267536	229.401570	0.009701	0.045072	1.392962	1.549365
3547512688.814563	288.802401	219.051601	31.464605	288.364465	210.062262	289.240337	228.040940	0.000000	0.053747	1.383187	1.559140
3547512689.484040	278.145426	213.591077	25.025637	279.107525	204.642649	277.183326	222.539505	-0.019820	0.049423	1.363636	1.554252
3547512690.152508	265.496520	206.763702	27.795282	261.348081	214.750595	269.644959	198.776809	0.004868	0.040693	1.388074	1.544477
3547512690.828986	251.051040	198.979794	27.889917	247.675876	207.322951	254.426205	190.636638	-0.004902	0.045072	1.378299	1.549365
3547512691.504465	236.024553	191.411371	26.530968	227.158233	189.865940	244.890874	192.956802	-0.004902	0.049423	1.378299	1.554252
3547512692.193947	220.336301	184.015953	25.135250	220.313721	175.015981	220.358881	193.015925	0.000000	0.036286	1.383187	1.539589
3547512693.571922	186.204159	168.913235	21.878093	185.188823	177.855779	187.219495	159.970691	0.004868	0.027389	1.388074	1.529814
3547512694.249398	169.558429	162.539706	19.536896	163.848080	155.583277	175.268779	169.496135	-0.014812	0.040693	1.368524	1.544477
3547512694.913867	152.400093	156.462226	17.828916	160.072080	151.756844	144.728106	161.167608	0.024001	0.070775	1.407625	1.578690
3547512695.589343	134.871053	150.798618	16.268713	139.657445	158.420327	130.084662	143.176908	0.189663	0.111556	1.603128	1.627566
3547512696.265821	117.977212	146.158528	15.015047	112.228160	153.083007	123.726264	139.234050	0.274137	0.119420	1.725318	1.637341
3547512696.963314	100.947219	140.912885	18.508774	103.955238	132.430444	97.939200	149.395327	0.327909	0.127190	1.813294	1.647116
3547512697.635788	87.490218	134.863294	30.285606	95.631156	131.025962	79.349279	138.700626	0.360948	0.157372	1.871945	1.686217
3547512699.068799	68.870931	115.049365	65.331810	63.484371	122.259425	74.257491	107.839304	0.381848	0.149958	1.911046	1.676442
3547512699.757285	65.113133	101.417025	86.126045	73.792444	103.798109	56.433822	99.035941	0.389467	0.168332	1.925709	1.700880
3547512700.401739	67.107556	86.148403	106.858795	66.705885	77.157371	67.509227	95.139436	0.391981	0.123317	1.930596	1.642229
3547512701.062207	73.408053	74.869490	128.863998	73.936046	83.853989	72.880060	65.884991	0.389467	0.138675	1.925709	1.661779
3547512703.706070	124.300378	71.903258	222.458023	119.255387	79.356315	129.345369	64.450200	0.358274	0.127190	1.867058	1.647116
3547512704.365537	131.780478	82.579371	246.793701	122.923762	84.178929	140.637193	80.979813	0.358274	0.157372	1.867058	1.686217
3547512705.031004	134.343963	96.216576	269.821472	137.476462	87.779310	131.211464	104.653841	0.384401	0.203540	1.915934	1.749756
3547512705.747514	131.789712	110.569912	292.405640	133.907373	119.317227	129.672050	101.822598	0.409228	0.227038	1.964809	1.783969
3547512707.074446	112.116322	130.090252	334.530212	103.127304	129.645786	121.105340	130.534718	0.418816	0.236834	1.984360	1.798631
3547512707.723905	99.956960	133.449167	354.930145	99.329049	142.427236	100.584870	124.471098	0.406801	0.227038	1.959922	1.783969
3547512708.414390	87.382835	132.637866	11.509460	95.220402	128.213779	79.545267	137.061952	0.409228	0.249651	1.964809	1.818182
3547512709.077861	76.716605	127.927897	34.278191	74.235212	136.579064	79.197998	119.276730	0.396971	0.220416	1.940371	1.774194
3547512710.417805	62.383557	109.403507	69.747711	57.061835	102.145457	67.705278	116.661556	0.379283	0.203540	1.906158	1.749756
3547512711.071268	59.626113	97.041448	83.793007	51.910446	101.674858	67.341779	92.408038	0.363609	0.203540	1.876833	1.749756
3547512711.798780	60.567646	84.493230	101.455017	53.385196	79.069908	67.750095	89.916551	0.350168	0.179105	1.852395	1.715543
3547512712.496270	64.778224	71.855967	116.888100	70.218963	79.025232	59.337484	64.686703	0.325058	0.168332	1.808407	1.700880
3547512713.800191	84.607171	51.122338	151.331360	80.019279	43.379518	89.195062	58.865157	0.295687	0.153676	1.759531	1.681329
3547512714.467663	98.527510	46.173978	167.589630	106.487163	50.374446	90.567857	41.973511	0.286555	0.153676	1.744868	1.681329
3547512715.159151	113.526514	45.582200	184.420242	106.291946	50.935800	120.761082	40.228601	0.289616	0.134869	1.749756	1.656891
3547512715.869659	127.268573	48.431683	201.254341	125.547537	39.597769	128.989609	57.265597	0.283476	0.142458	1.739980	1.666667
3547512716.522113	141.394194	56.680399	219.283371	146.682777	49.398168	136.105610	63.962629	0.292660	0.157372	1.754643	1.686217
3547512717.949121	157.588831	82.287552	255.465782	165.146359	87.174654	150.031303	77.400449	0.430539	0.200108	2.008798	1.744868
3547512718.618590	159.604742	98.632766	273.138550	157.993378	107.487341	161.216106	89.778191	0.480985	0.246473	2.121212	1.813294
3547512719.268052	156.491928	112.594371	291.773544	153.032206	120.902820	159.951650	104.285922	0.495293	0.283516	2.155425	1.871945
3547512720.622003	140.085684	130.045303	331.730881	148.702494	127.447114	131.468874	132.643491	0.489217	0.283516	2.140762	1.871945
3547512721.306489	128.889930	132.955944	353.969482	121.171981	137.585552	136.607878	128.326336	0.474710	0.306948	2.106549	1.911046
3547512721.984966	116.656962	133.137077	11.726268	123.359368	127.130601	109.954557	139.143554	0.466207	0.292417	2.086999	1.886608
3547512722.644431	106.751355	129.049378	32.631691	98.312636	125.920796	115.190074	132.177960	0.441980	0.292417	2.033236	1.886608
3547512724.042418	92.870730	111.168260	72.492836	94.976862	119.918358	90.764599	102.418163	0.416436	0.271429	1.979472	1.852395
3547512724.668859	91.072681	98.381925	89.233139	82.480663	95.702891	99.664699	101.060960	0.396971	0.262195	1.940371	1.837732
3547512725.374356	92.745935	86.631904	105.514923	101.416095	84.217713	84.075774	89.046095	0.379283	0.249651	1.906158	1.818182
3547512726.028820	97.663296	75.022203	119.057617	100.519189	66.487341	94.807403	83.557065	0.360948	0.236834	1.871945	1.798631
3547512727.337743	116.001785	56.483610	147.528580	114.868328	65.411951	117.135242	47.555269	0.327909	0.200108	1.813294	1.744868
3547512728.014220	128.170901	51.200744	165.323288	119.845603	54.619723	136.496199	47.781765	0.330743	0.210347	1.818182	1.759531
3547512728.670682	141.025388	49.077084	180.270355	149.412350	52.341877	132.638427	45.812291	0.289616	0.203540	1.749756	1.749756
3547512729.386189	156.426766	51.550170	195.056473	153.959221	42.895043	158.894311	60.205297	0.295687	0.206953	1.759531	1.754643
3547512730.076676	169.860646	57.276261	209.915497	164.994786	64.847483	174.726507	49.705039	0.307629	0.220416	1.779081	1.774194
3547512731.449646	190.529957	76.848956	235.665733	190.946368	85.839318	190.113547	67.858595	0.304668	0.249651	1.774194	1.818182
3547512732.187163	195.936983	89.551974	252.099152	189.660537	83.101685	202.213429	96.002263	0.339157	0.289465	1.832845	1.881720
3547512732.838622	199.000984	103.272834	264.687622	192.583532	96.962817	205.418436	109.582850	0.394482	0.312657	1.935484	1.920821
3547512734.198583	195.954496	131.320488	289.199707	194.403630	122.455116	197.505363	140.185860	0.425884	0.323903	1.999022	1.940371
3547512734.889070	190.509525	143.171272	299.287872	197.190670	149.201387	183.828379	137.141156	0.421183	0.312657	1.989247	1.920821
3547512735.633595	183.630645	153.516896	313.152328	191.237434	148.706826	176.023857	158.326965	0.406801	0.318308	1.959922	1.930596
3547512736.309076	174.328434	161.832937	326.304886	178.004441	153.617892	170.652427	170.047982	0.394482	0.326679	1.935484	1.945259
3547512736.990551	162.262295	167.603074	340.000076	156.408977	160.766506	168.115613	174.439642	0.414045	0.427326	1.974585	2.140762
3547512738.324494	139.247233	169.305380	7.109791	132.626505	163.208990	145.867961	175.401769	0.430539	0.485475	2.008798	2.272727
3547512738.983962	129.094188	167.229003	15.228446	124.942026	175.213960	133.246351	159.244045	0.432849	0.475222	2.013685	2.248289
3547512739.668442	118.604932	163.896957	23.636368	127.580019	163.227769	109.629845	164.566144	0.421183	0.475222	1.989247	2.248289
3547512740.316898	109.505047	159.269620	31.987949	104.633041	151.702351	114.377052	166.836889	0.409228	0.460487	1.964809	2.214076
3547512741.014391	100.878610	153.048990	35.753746	109.254597	156.341838	92.502623	149.756143	0.401910	0.447490	1.950147	2.184751
3547512741.678860	92.402962	146.167174	44.385571	88.871081	137.889141	95.934843	154.445206	0.381848	0.431878	1.911046	2.150538
3547512742.374352	84.742838	138.239399	45.901512	76.283614	141.312106	93.202061	135.166692	0.358274	0.413418	1.867058	2.111437
3547512743.037819	77.751979	129.297318	57.327255	71.431508	122.890162	84.072450	135.704474	0.347437	0.403928	1.847507	2.091887
3547512744.352746	67.764087	110.752148	67.193642	76.216587	113.843303	59.311587	107.660992	0.316415	0.369272	1.793744	2.023460
3547512745.022222	63.374685	99.736074	71.414429	56.659683	105.728465	70.089686	93.743682	0.304668	0.358935	1.774194	2.003910
3547512745.647661	60.317024	88.695787	74.304260	68.313101	84.565078	52.320947	92.826496	0.280381	0.345727	1.735093	1.979472
3547512746.321134	57.644973	77.338715	80.306137	66.473487	75.590186	48.816460	79.087244	0.280381	0.332189	1.735093	1.955034
3547512747.651074	55.355184	54.213236	88.439392	51.240756	46.208770	59.469611	62.217703	0.248437	0.298274	1.686217	1.896383
3547512748.366579	55.637489	40.711060	92.942238	64.322721	38.351665	46.952257	43.070454	0.235135	0.289465	1.666667	1.881720
3547512749.004032	56.775187	27.792089	97.155617	54.690495	36.547320	58.859880	19.036859	0.231761	0.259084	1.661779	1.832845
3547512752.343385	44.796894	18.601820	334.067139	36.953109	14.188767	52.640679	23.014873	0.167437	0.213722	1.573803	1.764418
3547512753.041875	32.314183	23.697159	339.547302	30.041399	14.988861	34.586966	32.405457	0.140438	0.203540	1.539589	1.749756
3547512753.726358	18.688311	28.041632	342.762482	21.595181	36.559267	15.781440	19.523997	0.144368	0.200108	1.544477	1.744868
3547512754.441867	16.988697	29.854129	276.689850	14.939560	21.090509	19.037833	38.617749	0.140438	0.171944	1.539589	1.705767
3547512755.110337	17.171288	29.994551	213.233704	20.631212	21.686186	13.711363	38.302916	0.124463	0.189696	1.520039	1.730205
3547512755.757792	26.522106	36.074751	215.317261	17.584865	37.135754	35.459347	35.013748	0.116321	0.179105	1.510264	1.715543
3547512756.454285	38.622503	45.538464	221.855194	30.241069	48.817424	47.003936	42.259505	0.099716	0.161046	1.490714	1.691105
3547512757.085729	49.967246	55.832418	223.354385	52.638163	64.426963	47.296329	47.237873	0.103908	0.164700	1.495601	1.695992
3547512758.405661	73.219273	80.131002	226.181961	73.333660	71.131729	73.104886	89.130275	0.073976	0.131041	1.461388	1.652004
3547512759.085138	85.389700	92.726503	223.513992	89.392602	100.787320	81.386799	84.665685	0.073976	0.142458	1.461388	1.666667
3547512759.820659	98.341279	105.197991	222.888031	96.862587	114.075686	99.819970	96.320296	0.069586	0.123317	1.456500	1.642229
3547512761.173614	125.444265	128.042586	218.254860	134.411135	128.814103	116.477395	127.271068	0.082670	0.119420	1.471163	1.637341
3547512761.843085	138.904196	138.511480	218.596527	147.611261	136.233976	130.197131	140.788983	0.060715	0.091476	1.446725	1.603128
3547512762.477531	152.461694	149.285286	218.482231	161.371691	148.015660	143.551697	150.554912	0.073976	0.146219	1.461388	1.671554
3547512763.125991	165.920102	160.044955	218.760155	174.139864	156.379505	157.700341	163.710404	0.132502	0.119420	1.529814	1.637341
3547512763.791460	178.099508	170.196872	219.609726	180.774317	161.603537	175.424700	178.790207	0.174937	0.175535	1.583578	1.710655
3547512764.449925	191.835907	181.828007	219.222031	197.560958	174.883672	186.110855	188.772341	0.193288	0.196657	1.608016	1.739980
3547512765.110391	204.977457	193.126070	220.547440	199.631951	185.885520	210.322964	200.366620	0.204034	0.213722	1.622678	1.764418
3547512765.797874	216.232977	203.572263	224.607330	225.231745	203.721156	207.234209	203.423370	0.204034	0.220416	1.622678	1.774194
3547512766.501371	227.127041	214.950618	229.544235	228.985321	223.756684	225.268761	206.144552	0.200474	0.213722	1.617791	1.764418
3547512767.803289	245.502919	240.026576	237.637329	253.618324	236.135536	237.387513	243.917616	0.189663	0.200108	1.603128	1.744868
3547512768.463758	252.833106	252.807152	240.727661	244.528991	256.277263	261.137222	249.337042	0.182345	0.210347	1.593353	1.759531
3547512769.122222	258.551803	265.283729	251.703033	255.250148	256.911209	261.853457	273.656248	0.182345	0.134869	1.593353	1.656891
3547512769.784689	262.776535	280.226215	257.621124	262.681796	271.226714	262.871273	289.225717	0.144368	0.186185	1.544477	1.725318
3547512770.437149	265.018756	294.382341	261.946991	273.390039	297.687130	256.647474	291.077552	0.148274	0.189696	1.549365	1.730205
3547512771.104620	265.749791	308.592741	269.309326	272.615048	302.773098	258.884534	314.412384	0.144368	0.182655	1.544477	1.720430
3547512771.794106	264.955134	322.745361	277.320099	258.134872	316.873051	271.775396	328.617671	0.128495	0.157372	1.524927	1.686217
3547512772.505612	262.188736	337.137425	284.381287	253.209021	337.741335	271.168452	336.533516	0.132502	0.146219	1.529814	1.671554
3547512773.167080	257.771524	350.860763	294.057404	266.318907	348.042563	249.224141	353.678962	0.120405	0.142458	1.515152	1.666667
3547512774.493013	241.612760	377.045291	307.570618	244.319368	368.461919	238.906152	385.628663	0.091250	0.131041	1.480938	1.652004
3547512775.139466	231.288735	388.986376	312.319397	239.964897	391.378909	222.612573	386.593843	0.091250	0.123317	1.480938	1.642229
3547512775.789927	220.685628	399.379592	319.571503	227.570087	393.582677	213.801170	405.176507	0.095497	0.107588	1.485826	1.622678
3547512776.443386	209.080264	408.882521	324.802612	217.527724	411.987424	200.632805	405.777618	0.060715	0.103597	1.446725	1.617791
3547512778.553874	166.777713	433.049954	334.249115	158.264799	430.129288	175.290627	435.970621	0.047182	0.083272	1.432063	1.593353
3547512779.194326	149.725795	440.302906	338.559921	155.741594	433.608866	143.709996	446.996945	0.056235	0.074966	1.441838	1.583578
3547512779.848789	133.925736	445.724325	344.208847	142.738289	443.897055	125.113184	447.551596	0.060715	0.070775	1.446725	1.578690
3547512780.511257	119.692869	449.303084	348.685333	119.409854	458.298633	119.975884	440.307535	0.051724	0.074966	1.436950	1.583578
3547512783.218166	58.302136	451.994765	7.066656	51.950456	445.618547	64.653817	458.370983	0.065165	0.040693	1.451613	1.544477
3547512783.902648	42.295777	449.097235	11.831360	48.331133	442.420823	36.260421	455.773647	0.056235	0.040693	1.441838	1.544477
3547512784.633164	25.608652	445.007540	14.839500	18.738621	450.821546	32.478684	439.193534	0.042609	0.049423	1.427175	1.554252
3547512785.276625	14.845504	442.478739	342.152344	12.347446	451.125108	17.343562	433.832369	0.073976	0.062314	1.461388	1.568915
3547512786.592546	16.086642	445.281516	247.387955	9.643839	451.565647	22.529444	438.997385	0.024001	0.058044	1.407625	1.564027
3547512787.246009	21.570483	457.198647	247.429718	15.395669	463.746292	27.745298	450.651001	0.038005	0.040693	1.422287	1.544477
3547512787.942498	26.338542	471.573816	254.915543	30.225150	479.691345	22.451935	463.456286	0.024001	0.031852	1.407625	1.534702
3547512788.579949	29.550700	487.525259	262.803162	37.532927	483.367849	21.568474	491.682669	0.028701	0.040693	1.412512	1.544477
3547512790.089014	30.023802	517.190699	274.835968	39.010978	517.670973	21.036626	516.710424	0.024001	0.009248	1.407625	1.510264
3547512791.398936	22.810577	550.816112	289.286652	20.495744	542.118897	25.125411	559.513327	0.038005	0.036286	1.422287	1.539589
3547512792.049397	17.507663	563.632413	296.195648	10.537081	557.939349	24.478246	569.325477	0.019267	0.040693	1.402737	1.544477
3547512792.718872	15.338484	568.803541	251.392273	14.755148	559.822465	15.921821	577.784617	0.019267	0.036286	1.402737	1.539589
3547512793.387343	14.743290	568.265431	190.160645	5.783267	569.112775	23.703313	567.418087	0.014501	0.009248	1.397849	1.510264
3547512794.052810	22.285015	566.602456	164.570099	13.873141	563.402397	30.696889	569.802515	0.019267	0.009248	1.402737	1.510264
3547512795.340720	56.066821	558.817016	169.029678	61.269183	551.472941	50.864459	566.161090	0.000000	0.009248	1.383187	1.510264
3547512796.067232	76.760047	554.577572	167.834000	85.499499	556.727449	68.020594	552.427696	0.028701	0.022897	1.412512	1.524927
3547512796.759721	98.228201	549.497575	164.820114	89.286109	548.478265	107.170293	550.516884	0.004868	0.009248	1.388074	1.510264
3547512797.448204	121.766568	542.702260	161.055107	128.431478	548.750316	115.101658	536.654205	-0.004902	0.049423	1.378299	1.554252
3547512798.785146	164.716013	523.266025	148.798203	172.906251	526.996977	156.525775	519.535073	-0.004902	0.013827	1.378299	1.515152
3547512799.472633	183.837556	509.684056	140.659286	177.954804	516.495314	189.720307	502.872798	-0.004902	0.004639	1.378299	1.505376
3547512800.154112	200.907666	493.857918	133.584335	191.927647	494.457302	209.887685	493.258534	-0.019820	0.013827	1.363636	1.515152
3547512801.515075	231.566919	459.965766	129.378708	236.449410	467.526274	226.684428	452.405258	-0.019820	0.013827	1.363636	1.515152
3547512802.235581	245.641781	442.306667	126.972359	236.949251	439.974302	254.334311	444.639032	-0.019820	0.013827	1.363636	1.515152
3547512803.619559	272.772172	404.377941	125.472855	274.479427	395.541353	271.064917	413.214528	-0.009839	-0.009369	1.373412	1.490714
3547512804.273019	284.899982	387.729214	126.221161	280.138730	380.091774	289.661234	395.366653	-0.009839	-0.009369	1.373412	1.490714
3547512805.623973	291.554032	381.864245	195.220810	287.703767	373.729415	295.404297	389.999075	-0.014812	-0.014100	1.368524	1.485826
3547512807.566344	286.899844	386.533659	322.648804	279.657171	391.876289	294.142516	381.191028	0.000000	0.009248	1.383187	1.510264
3547512808.256829	275.267852	394.557651	330.564117	281.044367	401.459236	269.491337	387.656066	-0.004902	-0.009369	1.378299	1.490714
3547512808.920299	261.412249	401.371872	337.134979	268.909534	406.350899	253.914964	396.392844	-0.004902	0.004639	1.378299	1.505376
3547512809.600779	244.210572	407.175074	343.793243	253.010683	409.061354	235.410461	405.288795	-0.009839	-0.014100	1.373412	1.485826
3547512810.267248	228.190297	410.657191	350.217621	237.168281	411.286318	219.212313	410.028064	-0.014812	-0.009369	1.368524	1.490714
3547512810.923712	210.479901	412.523124	357.348053	216.895272	406.210992	204.064529	418.835256	-0.009839	-0.018862	1.373412	1.480938
3547512811.614201	192.187417	412.378353	3.513520	195.458118	420.763012	188.916716	403.993693	-0.014812	-0.004669	1.368524	1.495601
3547512812.960149	154.497932	406.299214	14.502408	146.091593	409.513784	162.904271	403.084643	-0.014812	0.004639	1.368524	1.505376
3547512813.668648	136.084028	400.786121	18.262720	141.067588	393.291849	131.100467	408.280394	-0.019820	-0.004669	1.363636	1.495601
3547512814.350130	119.156044	394.489006	23.705202	128.063850	393.204097	110.248238	395.773916	-0.009839	0.004639	1.373412	1.505376
3547512815.039615	102.336293	385.973615	29.012764	108.394443	392.629351	96.278143	379.317879	-0.014812	0.013827	1.368524	1.515152
3547512815.701081	87.933824	376.738314	34.781788	89.935365	385.512927	85.932283	367.963701	-0.019820	0.004639	1.363636	1.505376
3547512816.979988	62.809987	354.371515	46.553627	57.951308	361.947347	67.668667	346.795683	-0.014812	-0.018862	1.368524	1.480938
3547512817.643455	50.894002	341.567774	49.285599	58.367895	336.553702	43.420109	346.581847	-0.009839	-0.004669	1.373412	1.495601
3547512818.309926	38.749456	327.035979	51.882904	29.759237	327.455454	47.739675	326.616504	-0.014812	0.004639	1.368524	1.505376
3547512819.671884	17.062723	298.217021	72.318386	17.618165	307.199865	16.507281	289.234177	-0.024864	-0.009369	1.358749	1.490714
3547512820.399396	17.952157	291.941294	129.240875	21.749554	300.100936	14.154759	283.781651	-0.019820	0.009248	1.363636	1.510264
3547512821.050858	25.329928	289.172379	172.009491	19.012549	295.582584	31.647307	282.762174	0.004868	-0.009369	1.388074	1.490714
3547512821.724331	41.531898	288.805862	182.889725	35.891320	281.792740	47.172476	295.818984	-0.004902	0.009248	1.378299	1.510264
3547512822.400808	59.225284	291.042132	190.288483	50.446404	293.024877	68.004163	289.059388	0.009701	-0.009369	1.392962	1.490714
3547512823.082289	79.807884	296.278609	195.924072	71.610275	292.563880	88.005493	299.993337	0.000000	0.013827	1.383187	1.515152
3547512823.803797	99.125273	302.911868	200.230896	105.772931	296.844856	92.477615	308.978881	0.004868	-0.009369	1.388074	1.490714
3547512825.164759	142.132847	318.507751	200.341563	148.069791	311.743677	136.195903	325.271824	-0.019820	0.013827	1.363636	1.515152
3547512825.886267	162.503682	326.397783	203.667419	157.906575	334.135135	167.100789	318.660432	-0.009839	-0.009369	1.373412	1.490714
3547512826.626790	183.375811	336.546046	207.696442	180.278519	328.095793	186.473104	344.996299	0.000000	-0.014100	1.383187	1.485826
3547512827.306273	204.380082	348.602233	210.583008	205.245443	357.560533	203.514721	339.643932	-0.014812	0.004639	1.368524	1.505376
3547512828.734277	244.562366	373.137778	210.059113	240.830212	381.327468	248.294520	364.948087	-0.029944	-0.014100	1.353861	1.485826
3547512829.412758	262.777477	384.179629	212.579941	270.576930	379.688690	254.978024	388.670569	-0.014812	0.013827	1.368524	1.515152
3547512830.101242	282.355768	397.841474	216.538895	280.295222	406.602418	284.416314	389.080529	-0.014812	-0.000000	1.368524	1.500489
3547512835.798264	290.025534	400.909811	30.819746	295.078908	393.462435	284.972160	408.357188	-0.045408	-0.023655	1.339198	1.476051
3547512836.484745	281.866517	394.464234	40.768970	281.221464	403.441088	282.511569	385.487380	-0.024864	-0.000000	1.358749	1.500489
3547512837.151216	272.113413	384.496659	51.821934	263.114339	384.367558	281.112487	384.625760	-0.035062	-0.014100	1.348974	1.485826
3547512838.531190	254.467338	354.713734	67.321434	263.244865	356.702456	245.689811	352.725012	-0.014812	0.013827	1.368524	1.515152
3547512839.200660	247.657142	336.166575	69.954498	240.958599	330.155791	254.355685	342.177359	-0.009839	-0.028480	1.373412	1.471163
3547512839.866131	241.099240	316.902590	73.280849	248.788013	321.580491	233.410466	312.224689	-0.029944	-0.018862	1.353861	1.480938
3547512840.509585	235.877773	296.569588	76.996223	226.881103	296.814389	244.874443	296.324787	-0.035062	-0.004669	1.348974	1.495601
3547512841.198070	231.800570	275.783229	79.741913	240.195740	279.026855	223.405399	272.539602	-0.019820	-0.004669	1.363636	1.495601
3547512841.843524	228.904519	256.125484	82.846527	220.635004	252.573706	237.174033	259.677262	-0.045408	-0.028480	1.339198	1.471163
3547512843.164458	227.650681	216.648616	93.341148	234.737566	211.100998	220.563796	222.196233	-0.014812	-0.009369	1.368524	1.490714
3547512843.844937	230.082963	197.342989	98.439957	237.892387	201.816565	222.273538	192.869412	-0.014812	-0.004669	1.368524	1.495601
3547512845.872369	242.588536	136.394591	101.871353	233.826377	134.339217	251.350696	138.449964	-0.045408	-0.004669	1.339198	1.495601
3547512847.172283	252.091437	99.070298	105.785805	259.799451	94.424169	244.383423	103.716427	-0.029944	-0.014100	1.353861	1.485826
3547512849.167692	274.038502	43.274603	116.241440	274.061107	52.274575	274.015898	34.274631	-0.035062	-0.004669	1.348974	1.495601
3547512849.849174	284.721594	23.940114	119.876709	280.436903	16.025481	289.006286	31.854747	-0.035062	-0.000000	1.348974	1.500489
3547512852.543073	291.105106	16.496445	85.998932	299.412539	19.958606	282.797673	13.034283	-0.019820	0.040693	1.363636	1.544477
3547512853.206540	290.926197	15.904360	77.758904	284.590845	22.296801	297.261550	9.511918	0.004868	-0.018862	1.388074	1.480938