Time	X	Y	Theta	LS_X	LS_Y	RS_X	RS_Y	RsRoL	RsRoR	VL	VR
3547508866.345680	31.604382	550.476553	178.735870	28.646217	558.976510	34.562547	541.976597	-0.023887	-0.022601	1.451613	1.603128
3547508867.068189	31.898980	550.454337	178.743683	29.007310	558.977145	34.790650	541.931530	-0.028761	-0.013478	1.446725	1.612903
3547508867.805709	31.911063	550.447893	178.529984	27.277682	558.163577	36.544443	542.732208	-0.014236	-0.018026	1.461388	1.608016
3547508868.569250	31.898960	550.457902	178.762619	29.169189	559.033936	34.628732	541.881869	-0.019045	-0.031835	1.456500	1.593353
3547508869.262737	31.919886	550.457464	178.745041	29.039793	558.984191	34.799979	541.930738	-0.028761	-0.022601	1.446725	1.603128
3547508869.964232	31.915127	550.460168	178.777313	29.311664	559.075386	34.518590	541.844950	-0.023887	-0.045901	1.451613	1.578690
3547508870.712760	31.916737	550.462785	178.786545	29.392916	559.101669	34.440559	541.823900	-0.023887	-0.027204	1.451613	1.598240
3547508871.420260	31.899556	550.458534	178.722885	28.831270	558.919363	34.967843	541.997706	-0.023887	-0.018026	1.451613	1.608016
3547508872.138767	31.905205	550.453231	178.647903	28.211727	558.660437	35.598684	542.246026	-0.038609	-0.045901	1.436950	1.578690
3547508872.855273	31.908578	550.458394	178.793289	29.443078	559.114104	34.374079	541.802685	-0.033668	-0.045901	1.441838	1.578690
3547508873.530748	31.915960	550.460537	178.758148	29.147874	559.024281	34.684046	541.896794	-0.023887	0.000000	1.451613	1.627566
3547508874.320305	31.917800	550.456463	178.735901	28.959894	558.956509	34.875706	541.956416	-0.048591	-0.022601	1.427175	1.603128
3547508875.029807	31.901111	550.458588	178.854614	29.970724	559.249129	33.831498	541.668047	-0.038609	-0.041184	1.436950	1.583578
3547508875.788342	31.903436	550.457884	178.679947	28.474796	558.779208	35.332075	542.136561	-0.000000	-0.027204	1.476051	1.598240
3547508876.500844	31.894665	550.454039	178.777145	29.289755	559.068820	34.499574	541.839258	-0.058712	-0.041184	1.417400	1.583578
3547508877.255375	31.905994	550.460800	178.852310	29.955358	559.246869	33.856629	541.674730	-0.028761	-0.041184	1.446725	1.583578
3547508878.000901	31.913334	550.458132	178.752106	29.093552	559.004993	34.733115	541.911271	-0.028761	-0.027204	1.446725	1.598240
3547508878.704399	31.913384	550.457816	178.711670	28.750402	558.883702	35.076366	542.031931	0.009335	-0.018026	1.485826	1.608016
3547508879.362870	31.908440	550.453339	178.809692	29.585246	559.148324	34.231634	541.758354	-0.000000	-0.055425	1.476051	1.568915
3547508880.089377	31.909715	550.457658	178.798798	29.491931	559.126817	34.327499	541.788499	-0.000000	-0.055425	1.476051	1.568915
3547508880.800883	31.919315	550.454093	178.803009	29.538062	559.133358	34.300568	541.774829	-0.023887	-0.022601	1.451613	1.603128
3547508881.514383	31.911257	550.461679	178.912506	30.492720	559.349185	33.329793	541.574174	-0.028761	-0.055425	1.446725	1.568915
3547508882.225883	31.905884	550.457536	178.795563	29.460069	559.118829	34.351699	541.796243	-0.014236	-0.031835	1.461388	1.593353
3547508882.995425	31.900222	550.457306	178.790039	29.406603	559.104957	34.393842	541.809656	-0.028761	-0.027204	1.446725	1.598240
3547508883.699923	31.901840	550.460362	178.863525	30.049862	559.267755	33.753817	541.652968	-0.043583	0.000000	1.432063	1.627566
3547508884.388409	31.902048	550.456427	178.705933	28.690777	558.864027	35.113319	542.048827	-0.033668	-0.027204	1.441838	1.598240
3547508885.100914	31.912982	550.454653	178.881409	30.218797	559.293756	33.607166	541.615550	-0.038609	-0.031835	1.436950	1.593353
3547508885.788403	31.898113	550.458976	178.683456	28.498698	558.792281	35.297528	542.125670	-0.023887	-0.027204	1.451613	1.598240
3547508886.472878	31.909889	550.459310	178.858490	30.013586	559.257266	33.806191	541.661353	-0.028761	-0.027204	1.446725	1.598240
3547508887.159365	31.909174	550.453687	178.750488	29.075573	558.995976	34.742776	541.911398	-0.038609	-0.027204	1.436950	1.598240
3547508887.841846	31.896596	550.461977	178.896805	30.338695	559.326115	33.454497	541.597839	-0.033668	-0.041184	1.441838	1.583578
3547508888.517322	31.892742	550.468055	178.864151	30.046275	559.276606	33.739209	541.659505	-0.048591	-0.031835	1.427175	1.593353
3547508889.240831	31.909277	550.460975	178.858353	30.011766	559.258671	33.806787	541.663280	-0.043583	-0.045901	1.432063	1.578690
3547508889.920314	33.344135	550.505146	189.336349	26.637602	544.503279	40.050668	556.507013	-0.019045	-0.027204	1.456500	1.598240
3547508890.565768	43.317587	553.575957	200.467102	48.360882	546.121752	38.274292	561.030163	-0.019045	-0.041184	1.456500	1.583578
3547508891.207224	57.601252	559.365207	202.992325	49.176909	562.532294	66.025595	556.198119	-0.038609	-0.036495	1.436950	1.588465
3547508891.925726	71.011494	564.234798	198.744736	77.618750	570.345786	64.404238	558.123811	-0.048591	-0.036495	1.427175	1.588465
3547508892.562177	87.677892	568.734085	190.870972	81.437401	575.219166	93.918383	562.249004	-0.033668	-0.022601	1.441838	1.603128
3547508893.259667	104.681103	570.744975	182.276855	104.101171	561.763678	105.261035	579.726271	-0.033668	-0.060231	1.441838	1.564027
3547508893.964164	121.823124	570.468905	174.133789	130.597067	572.473381	113.049181	568.464429	-0.028761	-0.045901	1.446725	1.578690
3547508894.659654	140.948519	566.507496	162.298195	148.819976	562.143991	133.077063	570.871001	-0.019045	-0.045901	1.456500	1.578690
3547508895.314116	158.024259	558.365437	147.887054	160.095328	567.123900	155.953190	549.606974	-0.014236	-0.036495	1.461388	1.588465
3547508896.019613	172.274168	547.030069	134.972504	171.232683	555.969606	173.315654	538.090533	-0.028761	-0.027204	1.446725	1.598240
3547508897.421604	191.321444	517.054414	109.672859	188.809311	525.696705	193.833577	508.412124	-0.038609	-0.036495	1.436950	1.588465
3547508898.140110	195.461740	499.806624	96.253937	187.301278	503.602263	203.622201	496.010986	-0.033668	-0.031835	1.441838	1.593353
3547508898.845607	195.937751	482.774786	85.749023	203.130869	488.183950	188.744634	477.365621	-0.038609	-0.045901	1.436950	1.578690
3547508899.547102	193.310672	466.303738	77.551514	185.794831	471.254711	200.826513	461.352765	-0.033668	-0.041184	1.441838	1.583578
3547508900.248598	188.409258	450.293221	68.271523	195.132125	444.309655	181.686392	456.276787	-0.033668	-0.036495	1.441838	1.588465
3547508900.991122	181.627056	435.633671	60.203403	186.045317	443.474524	177.208794	427.792819	-0.043583	-0.050648	1.432063	1.573803
3547508902.423132	159.505623	409.315515	37.436668	161.840593	400.623685	157.170653	418.007345	-0.019045	-0.055425	1.456500	1.568915
3547508903.093607	145.150624	400.550259	25.122347	145.244172	391.550745	145.057077	409.549773	-0.043583	-0.036495	1.432063	1.588465
3547508903.814114	130.812080	396.316725	11.181660	139.656704	394.651605	121.967456	397.981845	-0.023887	-0.045901	1.451613	1.578690
3547508904.488589	115.449251	394.923723	359.155457	107.809183	390.166691	123.089320	399.680755	-0.033668	-0.027204	1.441838	1.598240
3547508905.184079	99.764015	396.405461	349.297943	104.704949	403.927905	94.823081	388.883016	-0.048591	-0.045901	1.427175	1.578690
3547508905.905590	84.569911	401.028116	338.328094	91.962772	395.895318	77.177051	406.160914	-0.058712	-0.036495	1.417400	1.588465
3547508906.579063	69.410267	409.091069	325.229858	78.384954	408.416534	60.435580	409.765605	-0.043583	-0.036495	1.432063	1.588465
3547508907.986057	48.928850	432.153996	296.192413	41.976720	426.438412	55.880979	437.869579	-0.033668	-0.045901	1.441838	1.578690
3547508908.682551	43.607468	449.724029	278.197144	34.731473	451.212896	52.483462	448.235161	-0.043583	-0.041184	1.432063	1.583578
3547508909.359027	43.144510	465.607007	265.139008	34.617298	462.728353	51.671722	468.485661	-0.043583	-0.045901	1.432063	1.578690
3547508910.738998	52.246538	495.140915	240.867477	44.507056	499.734434	59.986020	490.547396	-0.048591	-0.041184	1.427175	1.583578
3547508911.434488	62.594991	508.680132	225.296509	69.634640	503.072696	55.555342	514.287568	-0.038609	-0.060231	1.436950	1.564027
3547508912.097959	76.382055	518.915134	209.065460	67.482509	520.256062	85.281600	517.574207	-0.023887	-0.050648	1.451613	1.573803
3547508912.797450	92.388414	525.005274	191.889069	94.631760	533.721202	90.145068	516.289346	-0.033668	-0.050648	1.441838	1.573803
3547508913.482935	110.425756	526.093417	174.194031	119.304464	527.566019	101.547049	524.620814	-0.048591	-0.045901	1.427175	1.578690
3547508922.061034	136.254667	517.429814	159.141556	128.318449	521.674392	144.190886	513.185236	-0.014236	-0.055425	1.461388	1.568915
3547508922.769533	147.290605	514.413800	164.906387	138.293941	514.168787	156.287270	514.658812	-0.028761	-0.045901	1.446725	1.578690
3547508923.458019	162.538909	510.372859	163.028381	165.493043	501.871501	159.584775	518.874218	-0.058712	-0.041184	1.417400	1.583578
3547508924.139500	178.808963	503.854903	154.106506	180.317998	512.727491	177.299927	494.982315	-0.048591	-0.041184	1.427175	1.583578
3547508924.878021	194.737178	493.856108	141.186508	193.080233	502.702267	196.394123	485.009949	-0.043583	-0.027204	1.432063	1.598240
3547508926.287018	219.407535	463.979162	115.127678	211.341250	467.971034	227.473820	459.987291	-0.038609	-0.031835	1.436950	1.593353
3547508926.988512	225.574491	446.945966	103.385483	223.026159	455.577653	228.122822	438.314280	-0.038609	-0.004466	1.436950	1.622678
3547508927.817093	229.090657	426.933211	95.486107	220.583503	423.995811	237.597811	429.870612	-0.023887	-0.018026	1.451613	1.608016
3547508928.462549	230.412939	406.557917	90.646370	226.418882	414.623120	234.406996	398.492714	-0.028761	-0.060231	1.446725	1.564027
3547508929.117011	229.997630	384.678583	86.470940	238.970865	383.984996	221.024396	385.372169	-0.053634	-0.013478	1.422287	1.612903
3547508930.469967	225.675174	347.408258	79.559448	233.342412	352.121374	218.007937	342.695142	-0.053634	-0.050648	1.422287	1.573803
3547508931.189473	221.845705	328.221926	76.782173	213.002351	326.550072	230.689058	329.893780	-0.043583	-0.045901	1.432063	1.578690
3547508931.859946	217.198342	309.155399	73.202591	224.497871	314.420080	209.898812	303.890717	-0.028761	0.004439	1.446725	1.632454
3547508932.557438	210.260575	287.744768	70.330742	201.822047	284.615671	218.699103	290.873864	-0.038609	-0.055425	1.436950	1.568915
3547508933.204895	203.708688	269.223813	68.393547	209.653234	262.466419	197.764142	275.981207	-0.043583	-0.065067	1.432063	1.559140
3547508933.896386	196.677636	250.430318	68.475800	202.046899	243.207367	191.308374	257.653269	-0.033668	-0.027204	1.441838	1.598240
3547508935.313383	184.725933	214.143187	73.813286	193.725033	214.270456	175.726832	214.015917	-0.033668	-0.027204	1.441838	1.598240
3547508935.998866	179.617228	194.493302	75.958527	174.834242	186.869454	184.400213	202.117149	-0.038609	-0.022601	1.436950	1.603128
3547508937.410864	171.857320	154.895400	81.305103	175.164705	146.525143	168.549936	163.265657	-0.028761	-0.027204	1.446725	1.598240
3547508938.141377	170.521838	135.304315	86.827682	178.687894	131.520728	162.355782	139.087902	-0.048591	-0.045901	1.427175	1.578690
3547508938.805847	170.397961	114.788091	91.484192	173.719564	123.152716	167.076359	106.423466	-0.028761	-0.008958	1.446725	1.617791
3547508939.545369	170.841750	95.514136	94.889942	165.451393	88.306915	176.232108	102.721358	-0.053634	-0.018026	1.422287	1.608016
3547508940.202831	172.792365	75.851800	99.154915	181.622236	74.110142	163.962494	77.593459	-0.028761	-0.027204	1.446725	1.598240
3547508940.919337	177.593882	56.029994	102.941925	171.587814	62.732766	183.599949	49.327222	-0.048591	-0.050648	1.427175	1.573803
3547508941.585808	181.938923	36.634108	103.959419	184.485415	45.266337	179.392431	28.001879	-0.033668	-0.050648	1.441838	1.573803
3547508942.268289	187.134576	18.394310	104.563366	194.132799	24.053363	180.136354	12.735258	-0.048591	-0.022601	1.427175	1.603128
3547508956.390252	156.358706	17.495404	278.417877	148.024050	20.891506	164.693362	14.099301	-0.053634	-0.036495	1.422287	1.588465
3547508957.070734	152.867294	35.252356	286.894211	160.485329	40.044593	145.249259	30.460118	-0.038609	-0.041184	1.436950	1.583578
3547508957.753213	144.828101	53.378918	301.328979	147.175861	44.690534	142.480341	62.067302	-0.043583	-0.055425	1.432063	1.568915
3547508959.053131	119.446951	78.269226	329.930267	120.013924	87.251349	118.879979	69.287102	-0.068972	-0.036495	1.407625	1.588465
3547508959.746620	105.068314	84.443053	343.682465	113.605950	87.290643	96.530678	81.595463	-0.043583	-0.050648	1.432063	1.573803
3547508960.451117	89.984086	87.199280	357.372375	96.244048	80.732992	83.724124	93.665567	-0.033668	-0.041184	1.441838	1.583578
3547508961.197643	72.496929	85.652444	13.860088	63.840201	83.190523	81.153658	88.114366	-0.048591	-0.050648	1.427175	1.573803
3547508961.935163	58.068442	79.628042	32.018570	52.967043	72.213480	63.169842	87.042603	-0.063824	-0.050648	1.412512	1.573803
3547508963.302128	38.776929	55.434913	71.320847	31.531347	60.773597	46.022510	50.096230	-0.058712	-0.055425	1.417400	1.568915
3547508964.817197	38.898055	24.327649	108.879181	30.975066	28.596869	46.821044	20.058429	-0.048591	-0.065067	1.427175	1.559140
3547508968.941108	43.839004	27.489451	286.107208	45.823062	36.268033	41.854945	18.710868	-0.053634	-0.045901	1.422287	1.578690
3547508969.654613	37.097259	41.431927	306.449829	46.003403	40.135544	28.191116	42.728310	-0.084634	-0.055425	1.392962	1.568915
3547508970.344101	25.049748	52.942470	328.143829	16.154339	51.574368	33.945157	54.310573	-0.068972	-0.055425	1.407625	1.568915
3547508971.069609	15.612847	55.995302	14.823142	8.648631	61.696153	22.577062	50.294451	-0.058712	-0.050648	1.417400	1.573803
3547508973.177096	12.437702	55.387350	85.289360	16.484431	63.426255	8.390973	47.348446	-0.033668	-0.069934	1.441838	1.554252
3547508974.566076	13.792379	56.180306	157.353424	11.358927	47.515532	16.225831	64.845080	-0.058712	-0.050648	1.417400	1.573803
3547508976.075140	36.030291	58.074271	196.478302	27.104796	59.229922	44.955787	56.918620	-0.009459	-0.055425	1.466276	1.568915
3547508977.430095	65.891437	82.196314	243.370331	74.843646	83.122569	56.939227	81.270058	-0.068972	-0.055425	1.407625	1.568915
3547508978.084558	70.455909	100.461282	266.986511	70.016305	109.450539	70.895513	91.472025	-0.048591	-0.055425	1.427175	1.568915
3547508979.440515	57.720709	134.012170	315.871521	48.810607	135.281062	66.630811	132.743278	-0.038609	-0.041184	1.436950	1.583578
3547508980.156020	42.606646	142.925874	341.252502	34.281437	146.345068	50.931855	139.506679	-0.043583	-0.031835	1.432063	1.593353
3547508980.867520	24.342656	144.809542	6.584682	21.670113	136.215503	27.015199	153.403582	-0.038609	-0.036495	1.436950	1.588465
3547508981.535993	14.569355	141.403035	56.509644	14.920484	132.409888	14.218226	150.396183	-0.033668	-0.027204	1.441838	1.598240
3547508982.207467	14.213161	139.046694	108.900284	6.382022	143.482149	22.044300	134.611239	-0.023887	-0.031835	1.451613	1.593353
3547508982.852921	17.461839	134.886975	132.217743	15.053871	126.215084	19.869806	143.558866	-0.019045	-0.027204	1.456500	1.598240
3547508983.519392	27.622850	128.021364	158.565704	18.655133	127.259754	36.590567	128.782974	-0.028761	-0.013478	1.446725	1.612903
3547508984.913378	56.533369	129.784668	205.837387	65.515475	129.217429	47.551262	130.351906	-0.004714	-0.008958	1.471163	1.617791
3547508985.608868	70.512929	140.473156	230.293884	77.873350	145.652365	63.152507	135.293948	-0.009459	-0.004466	1.466276	1.622678
3547508986.292349	78.749605	156.144585	254.484756	78.891363	165.143469	78.607847	147.145702	-0.009459	0.008851	1.466276	1.637341
3547508987.680328	74.384038	190.026038	297.909546	69.743264	197.737278	79.024811	182.314798	0.009335	0.021932	1.485826	1.652004
3547508988.385824	64.362111	203.545021	316.006866	55.704709	206.004572	73.019513	201.085469	0.036616	0.055705	1.515152	1.691105
3547508989.036284	52.071397	212.639283	332.187592	58.659255	206.507389	45.483539	218.771178	0.049864	0.034783	1.529814	1.666667
3547508989.704758	37.810634	217.490865	349.254364	42.419159	225.221421	33.202109	209.760309	0.054224	0.059817	1.534702	1.695992
3547508990.396243	24.509172	218.493797	2.647495	20.241037	226.417371	28.777306	210.570223	0.045476	0.067971	1.524927	1.705767
3547508991.107745	15.202102	217.636972	340.102142	8.682675	211.432371	21.721529	223.841573	0.049864	0.087951	1.529814	1.730205
3547508991.835258	15.205095	217.436810	289.425415	11.709526	209.143380	18.700664	225.730241	0.062861	0.084000	1.544477	1.725318
3547508992.512736	14.970411	216.264621	225.064743	23.109844	212.424097	6.830977	220.105145	0.041060	0.087951	1.520039	1.730205
3547508993.229242	14.682471	216.011525	163.063873	17.333078	207.410695	12.031864	224.612356	0.054224	0.087951	1.534702	1.730205
3547508993.881702	18.004647	213.572695	146.461395	9.637805	216.888709	26.371490	210.256681	0.054224	0.122530	1.534702	1.774194
3547508994.565184	28.932145	206.906722	150.575455	30.904929	198.125599	26.959360	215.687845	0.054224	0.103534	1.534702	1.749756
3547508995.246666	41.121781	200.905426	155.003098	48.995133	205.265511	33.248430	196.545340	0.062861	0.072012	1.544477	1.710655
3547508995.955168	56.189150	194.752048	160.444916	58.185617	203.527817	54.192684	185.976279	0.045476	0.095787	1.524927	1.739980
3547508996.659662	71.936498	190.173409	167.306183	78.403805	196.432318	65.469190	183.914500	0.067139	0.087951	1.549365	1.730205
3547508997.367162	88.142243	187.190920	172.074829	82.256877	193.999919	94.027609	180.381921	0.054224	0.103534	1.534702	1.749756
3547508998.072659	104.703269	185.161403	174.934372	112.251201	180.259493	97.155337	190.063313	0.071389	0.111196	1.554252	1.759531
3547508998.805177	121.432604	184.142386	178.008865	113.572989	188.527185	129.292218	179.757587	0.071389	0.122530	1.554252	1.774194
3547508999.521681	137.350159	183.156299	180.840996	146.171796	181.373407	128.528521	184.939191	0.071389	0.111196	1.554252	1.759531
3547509000.220174	151.729042	183.317657	183.879929	142.771139	184.187124	160.686945	182.448190	0.147360	0.133678	1.647116	1.788856
3547509000.938680	172.183168	186.310127	187.666695	178.817650	180.228708	165.548686	192.391545	0.405869	0.190178	2.067449	1.867058
3547509001.643178	188.822564	189.679712	193.285538	197.795487	188.982107	179.849641	190.377317	0.505224	0.229541	2.292278	1.925709
3547509002.348675	200.435532	193.308266	204.642227	204.258436	201.455990	196.612627	185.160543	0.529866	0.248337	2.355816	1.955034
3547509003.013144	213.133584	201.587422	226.241821	212.709389	192.597424	213.557779	210.577420	0.531706	0.245244	2.360704	1.950147
3547509003.715641	219.294960	211.285702	248.959152	225.581675	217.725983	213.008245	204.845421	0.520547	0.260557	2.331378	1.974585
3547509004.419137	221.327249	222.761883	271.633453	212.385987	221.735322	230.268512	223.788445	0.503272	0.260557	2.287390	1.974585
3547509005.844141	210.554283	241.420569	327.547058	203.965245	235.289942	217.143321	247.551195	0.468760	0.232713	2.204301	1.930596
3547509006.562647	201.122533	244.444790	355.130310	202.292276	253.368450	199.952790	235.521130	0.466648	0.229541	2.199413	1.925709
3547509007.224114	190.532948	243.442188	17.873895	197.985603	238.396602	183.080293	248.487773	0.442789	0.223148	2.145650	1.915934
3547509007.915603	180.421362	237.140204	43.545334	184.230073	228.985836	176.612652	245.294573	0.422359	0.223148	2.101662	1.915934
3547509010.016087	170.185998	204.513817	102.712368	162.812296	209.674100	177.559701	199.353535	0.376292	0.186785	2.008798	1.862170
3547509010.723584	175.110985	192.168482	123.315411	181.525016	198.481976	168.696954	185.854988	0.368626	0.169554	1.994135	1.837732
3547509011.402063	183.768818	182.559570	140.731323	178.391561	189.776570	189.146076	175.342569	0.328541	0.162532	1.920821	1.827957
3547509015.640052	254.536026	182.232595	193.771667	262.143488	177.423591	246.928563	187.041598	0.311637	0.542211	1.891496	2.565982
3547509016.372569	267.638449	184.332883	183.746231	258.644588	184.000506	276.632309	184.665259	0.302986	0.529503	1.876833	2.531769
3547509017.854614	287.105247	183.920023	137.521835	292.959739	177.084460	281.250754	190.755586	0.270078	0.512651	1.823069	2.487781
3547509018.554107	287.335774	182.564086	70.374924	278.767277	179.810751	295.904272	185.317421	0.263886	0.508824	1.813294	2.478006
3547509021.277030	259.353963	165.799481	15.623399	258.593790	174.767320	260.114137	156.831642	0.257625	0.475040	1.803519	2.394917
3547509023.351492	225.236551	161.578858	359.921204	216.432111	163.444827	234.040991	159.712889	0.251297	0.436616	1.793744	2.306940
3547509024.051989	214.442115	162.373889	352.121918	212.097611	153.684625	216.786619	171.063152	0.248107	0.413975	1.788856	2.258065
3547509024.718458	201.679059	164.225317	348.778229	202.231709	173.208333	201.126409	155.242301	0.266990	0.409329	1.818182	2.248289
3547509025.421953	191.241078	167.322240	345.305359	193.640212	158.647902	188.841943	175.996579	0.279244	0.416283	1.837732	2.262952
3547509026.057402	179.490080	170.650215	342.098282	176.528460	179.148968	182.451700	162.151462	0.355596	0.434395	1.969697	2.302053
3547509028.151880	147.487887	183.251698	338.735077	152.245129	175.611759	142.730646	190.891636	0.453780	0.429925	2.170088	2.292278
3547509028.841367	137.948970	186.555518	343.314377	144.890077	192.284482	131.007863	180.826553	0.449414	0.420870	2.160313	2.272727
3547509029.510838	127.735054	189.676323	349.003632	130.281419	198.308589	125.188688	181.044056	0.431543	0.409329	2.121212	2.248289
3547509030.216336	117.239366	191.016089	356.918304	125.701292	187.950830	108.777440	194.081348	0.417703	0.387911	2.091887	2.204301
3547509030.931840	106.325104	190.874391	1.652227	97.354926	191.606453	115.295281	190.142328	0.403468	0.365621	2.062561	2.160313
3547509031.581300	96.282932	189.481618	13.663960	88.271932	185.379926	104.293931	193.583311	0.386341	0.350249	2.028348	2.130987
3547509032.285796	85.824827	186.149185	19.530775	80.157162	179.157935	91.492491	193.140435	0.355596	0.352841	1.969697	2.135875
3547509034.377271	58.752083	166.845999	47.920937	65.189742	173.135399	52.314424	160.556599	0.325759	0.298655	1.915934	2.038123
3547509035.066758	51.290817	157.391322	55.240501	59.982212	155.054731	42.599422	159.727913	0.300073	0.292949	1.871945	2.028348
3547509035.756246	45.558184	147.654713	63.475971	40.153742	140.458046	50.962625	154.851379	0.302986	0.278441	1.876833	2.003910
3547509036.433723	40.928129	136.667418	69.143738	40.669870	127.671124	41.186388	145.663712	0.285274	0.257525	1.847507	1.969697
3547509037.790681	35.365420	113.421994	82.862747	27.039386	110.004809	43.691455	116.839178	0.260764	0.248337	1.808407	1.955034
3547509039.213684	35.025393	88.428805	94.943260	29.258603	81.519092	40.792184	95.338518	0.241674	0.219927	1.779081	1.911046
3547509039.878154	36.613451	74.799021	99.109367	45.513466	73.461209	27.713437	76.136834	0.221945	0.226352	1.749756	1.920821
3547509041.268133	43.675236	49.535529	110.778618	50.273174	55.656576	37.077299	43.414482	0.198075	0.210164	1.715543	1.896383
3547509041.982637	48.721935	36.731192	113.265640	47.214333	27.858361	50.229536	45.604024	0.184002	0.179947	1.695992	1.852395
3547509042.643104	54.854407	24.165998	114.766479	45.897897	25.049700	63.810917	23.282295	0.165949	0.176501	1.671554	1.847507
3547509045.435074	75.531333	26.149058	235.361771	73.237806	34.851916	77.824859	17.446200	0.135939	0.114995	1.632454	1.764418
3547509046.107547	84.016882	39.341111	238.966690	82.179065	30.530751	85.854700	48.151470	0.116442	0.137353	1.608016	1.793744
3547509046.802038	92.055257	53.086599	240.126785	83.243805	51.254030	100.866709	54.919168	0.104456	0.129982	1.593353	1.783969
3547509048.410171	107.489359	84.207413	246.244095	99.101438	80.945085	115.877279	87.469741	0.088128	0.122530	1.573803	1.774194
3547509049.110665	114.061391	101.912955	250.780334	118.743135	94.226521	109.379647	109.599390	0.120388	0.107376	1.612903	1.754643
3547509050.479631	124.224774	135.041548	253.794395	118.603443	142.070106	129.846106	128.012990	0.100412	0.099671	1.588465	1.744868
3547509051.136095	128.746003	151.532931	256.652496	136.108913	146.357261	121.383092	156.708600	0.088128	0.118773	1.573803	1.769306
3547509051.778547	132.366210	167.906547	260.090759	126.837990	175.008574	137.894431	160.804521	0.092248	0.107376	1.578690	1.754643
3547509052.439017	134.559351	183.008662	263.520676	137.839947	174.627869	131.278755	191.389455	0.071389	0.118773	1.554252	1.769306
3547509053.118493	136.148015	197.614480	263.664612	138.192548	188.849785	134.103482	206.379176	0.083983	0.126266	1.568915	1.779081
3547509053.832997	137.521692	214.502940	264.744827	130.753968	208.570157	144.289415	220.435724	0.088128	0.122530	1.573803	1.774194
3547509055.260009	139.118033	249.345485	268.750732	148.024157	248.048967	130.211909	250.642004	0.067139	0.091880	1.549365	1.735093
3547509055.939484	139.775935	264.564978	269.850296	142.663972	256.040939	136.887898	273.089018	0.088128	0.080027	1.573803	1.720430
3547509056.637980	139.139873	281.879803	272.555613	132.920378	288.385022	145.359368	275.374584	0.067139	0.091880	1.549365	1.735093
3547509057.313452	138.002148	297.879304	274.325653	145.609684	302.688192	130.394612	293.070416	0.067139	0.091880	1.549365	1.735093
3547509058.007943	136.878034	313.262772	276.997253	132.273217	305.530007	141.482852	320.995537	0.075613	0.080027	1.559140	1.720430
3547509058.708436	132.764317	329.476375	281.266998	141.724199	328.627536	123.804436	330.325213	0.092248	0.067971	1.578690	1.705767
3547509059.378910	129.237258	344.540010	286.260254	132.536411	352.913515	125.938105	336.166504	0.062861	0.080027	1.544477	1.720430
3547509060.157460	124.673795	358.018631	296.518387	116.257460	354.830322	133.090129	361.206940	0.041060	0.087951	1.520039	1.730205
3547509061.545439	106.002803	385.519453	309.407562	97.009757	385.165717	114.995849	385.873189	0.062861	0.076031	1.544477	1.715543
3547509062.221916	95.367040	398.057906	311.370453	98.476613	406.503648	92.257467	389.612164	0.071389	0.063906	1.554252	1.700880
3547509062.872375	84.725274	409.592722	313.497070	90.258919	402.494922	79.191629	416.690523	0.054224	0.067971	1.534702	1.705767
3547509064.313393	61.448030	431.407663	319.688416	67.609301	424.847271	55.286759	437.968054	0.058556	0.080027	1.539589	1.720430
3547509065.062922	49.961484	440.868529	321.822662	41.124441	439.163632	58.798527	442.573426	0.058556	0.055705	1.539589	1.691105
3547509065.795437	35.472588	451.526530	326.570251	36.865428	442.634961	34.079748	460.418099	0.054224	0.072012	1.534702	1.710655
3547509066.482922	22.747020	459.418316	330.397461	27.298624	467.182523	18.195416	451.654110	0.058556	0.080027	1.539589	1.720430
3547509067.194425	17.661805	462.863698	281.359344	26.505234	461.192241	8.818377	464.535155	0.054224	0.076031	1.534702	1.715543
3547509067.860897	17.268681	462.025887	221.680466	8.444849	463.797886	26.092513	460.253887	0.049864	0.063906	1.529814	1.700880
3547509068.559391	23.340403	465.333218	208.751617	14.461596	463.861214	32.219209	466.805221	0.032143	0.059817	1.510264	1.695992
3547509069.945367	48.854561	483.213710	219.486664	52.563988	475.013701	45.145134	491.413720	0.041060	0.076031	1.520039	1.715543
3547509070.608834	61.031838	494.277441	223.231339	62.627696	503.134824	59.435981	485.420058	0.054224	0.076031	1.534702	1.715543
3547509071.304324	72.418318	505.153095	224.195862	80.606449	508.888669	64.230187	501.417521	0.058556	0.084000	1.539589	1.725318
3547509072.015825	83.567288	516.468377	226.408234	81.659802	507.672838	85.474774	525.263915	0.058556	0.091880	1.539589	1.735093
3547509073.385791	105.952023	543.281663	233.201813	99.990838	536.538943	111.913209	550.024383	0.054224	0.087951	1.534702	1.730205
3547509074.053265	116.110726	557.620217	235.136810	111.933663	565.592177	120.287789	549.648257	0.045476	0.103534	1.524927	1.749756
3547509074.755758	125.039623	571.711048	237.083214	133.988121	572.672494	116.091125	570.749603	0.049864	0.091880	1.529814	1.735093
3547509075.435239	131.746933	580.976310	204.360901	133.157499	589.865084	130.336368	572.087536	0.075613	0.087951	1.559140	1.730205
3547509076.112717	133.999745	580.782665	147.151169	129.655832	588.664950	138.343657	572.900380	0.096343	0.091880	1.583578	1.735093
3547509076.789196	136.401158	575.278388	108.451218	127.420914	575.874391	145.381402	574.682384	0.058556	0.067971	1.539589	1.705767
3547509077.466671	141.556679	561.780431	111.830894	150.143043	559.083328	132.970316	564.477535	0.058556	0.091880	1.539589	1.735093
3547509078.162162	147.830027	545.789036	112.219639	154.753451	540.038714	140.906604	551.539358	0.062861	0.076031	1.544477	1.715543
3547509079.555144	160.641606	510.138016	107.948334	152.485903	506.332164	168.797309	513.943869	0.067139	0.103534	1.549365	1.749756
3547509080.244631	165.129390	493.989542	103.461639	163.245170	502.790094	167.013610	485.188990	0.071389	0.076031	1.554252	1.715543
3547509081.634611	171.517337	456.965297	96.212242	163.205756	460.417488	179.828918	453.513107	0.067139	0.084000	1.549365	1.725318
3547509083.769119	177.499785	401.981532	93.573212	183.120824	394.952741	171.878745	409.010324	0.071389	0.076031	1.554252	1.715543
3547509084.517645	178.922844	383.641629	92.153435	186.717299	388.141237	171.128389	379.142021	0.075613	0.067971	1.559140	1.705767
3547509087.324634	181.073115	307.146518	85.870071	188.866768	311.647514	173.279461	302.645522	0.075613	0.080027	1.559140	1.720430
3547509088.025125	179.061850	288.934276	85.140358	181.870354	297.484850	176.253346	280.383703	0.075613	0.080027	1.559140	1.720430
3547509088.683586	178.582259	270.529511	85.445061	183.826647	277.843634	173.337872	263.215388	0.075613	0.087951	1.559140	1.730205
3547509089.405093	177.149844	252.733453	85.994156	185.440647	256.235251	168.859041	249.231655	0.079811	0.099671	1.564027	1.744868
3547509090.809085	175.128807	218.173263	88.811844	168.383646	212.214840	181.873968	224.131686	0.083983	0.072012	1.568915	1.710655
3547509091.487563	174.855793	199.973752	90.122162	167.361198	204.956828	182.350387	194.990675	0.083983	0.084000	1.568915	1.725318
3547509092.129014	174.469051	182.205869	90.578217	169.935021	189.980351	179.003081	174.431387	0.079811	0.084000	1.564027	1.725318
3547509092.833519	176.356577	165.581685	94.042099	178.194678	156.771385	174.518476	174.391984	0.075613	0.063906	1.559140	1.700880
3547509093.470965	177.451932	149.827688	96.183102	169.043295	153.036244	185.860568	146.619132	0.088128	0.091880	1.573803	1.735093
3547509094.150443	181.009347	132.687956	100.412483	182.073189	123.751053	179.945505	141.624860	0.079811	0.080027	1.564027	1.720430
3547509095.455362	188.935925	101.181600	111.036995	196.878850	105.413614	180.993000	96.949587	0.088128	0.095787	1.573803	1.739980
3547509096.155856	193.774721	86.971797	112.891472	195.614435	78.161833	191.935007	95.781760	0.083983	0.095787	1.568915	1.739980
3547509096.854348	200.650758	72.096023	114.895882	191.883165	74.128097	209.418350	70.063949	0.071389	0.103534	1.554252	1.749756
3547509097.543835	208.323197	56.527310	114.362144	199.741247	53.816197	216.905146	59.238424	0.062861	0.111196	1.544477	1.759531
3547509098.257338	216.498136	39.454655	113.167946	215.863171	30.477081	217.133101	48.432228	0.104456	0.114995	1.593353	1.764418
3547509098.921807	223.445625	23.731172	111.425156	232.399410	24.642062	214.491839	22.820282	0.100412	0.144645	1.588465	1.803519
3547509104.441702	215.534616	17.124258	308.258820	212.173448	8.775453	218.895785	25.473063	0.128210	0.151857	1.622678	1.813294
3547509105.120180	206.853659	27.949262	311.023071	206.902246	36.949130	206.805072	18.949393	0.135939	0.169554	1.632454	1.837732
3547509105.812669	197.334085	38.783283	310.933197	196.574708	47.751190	198.093462	29.815377	0.143575	0.151857	1.642229	1.813294
3547509106.522169	188.090495	49.861599	312.241669	196.554681	52.920612	179.626310	46.802586	0.184002	0.179947	1.695992	1.852395
3547509107.901143	166.722816	72.864871	314.488678	163.811431	64.348778	169.634202	81.380963	0.260764	0.239010	1.808407	1.940371
3547509108.599636	156.190099	83.118405	317.808731	160.566978	90.982433	151.813220	75.254378	0.282267	0.278441	1.842620	2.003910
3547509109.331151	144.455179	92.311754	324.608795	152.146447	96.985553	136.763911	87.637956	0.297144	0.298655	1.867058	2.038123
3547509110.042653	132.706422	99.986089	328.082932	123.910765	98.079146	141.502078	101.893031	0.300073	0.298655	1.871945	2.038123
3547509110.730137	120.562272	107.691400	331.558350	129.497199	106.611089	111.627344	108.771710	0.288265	0.301487	1.852395	2.043011
3547509111.452647	108.811547	113.620533	337.211884	116.669204	118.008838	100.953890	109.232227	0.282267	0.295809	1.842620	2.033236
3547509118.467603	19.435357	130.882238	244.149780	26.454123	125.248685	12.416591	136.515792	0.162275	0.179947	1.666667	1.852395
3547509119.162088	25.106455	143.447503	246.985947	16.718518	146.709788	33.494393	140.185217	0.165949	0.183375	1.671554	1.857283
3547509119.862580	31.123581	158.757957	250.131439	39.498732	155.462985	22.748430	162.052930	0.151121	0.193552	1.652004	1.871945
3547509121.273576	40.892992	188.441692	254.225067	38.719260	197.175242	43.066723	179.708143	0.135939	0.151857	1.632454	1.813294
3547509121.977073	44.973697	203.208632	254.553818	45.736098	212.176282	44.211297	194.240982	0.112471	0.148261	1.603128	1.808407
3547509122.664558	49.592680	220.577527	254.717728	51.808175	229.300576	47.377184	211.854478	0.112471	0.137353	1.603128	1.793744
3547509124.097569	57.871365	251.367420	254.507919	58.221506	260.360607	57.521224	242.374234	0.096343	0.114995	1.583578	1.764418
3547509124.781051	61.816727	266.558321	256.698029	68.936428	261.052882	54.697026	272.063760	0.104456	0.118773	1.593353	1.769306
3547509126.114992	67.061706	296.193626	261.116028	70.264474	304.604468	63.858937	287.782783	0.075613	0.099671	1.559140	1.744868
3547509127.609046	68.906180	325.816456	271.107697	61.687684	320.441206	76.124676	331.191706	0.075613	0.099671	1.559140	1.744868
3547509128.321550	67.921963	342.279613	277.488190	60.215386	337.631100	75.628540	346.928126	0.083983	0.087951	1.568915	1.730205
3547509129.018040	65.481797	358.532555	281.266266	74.442298	357.690279	56.521297	359.374831	0.079811	0.099671	1.564027	1.744868
3547509129.678506	62.119382	374.309091	282.876648	60.923150	365.388944	63.315613	383.229238	0.071389	0.076031	1.554252	1.715543
3547509130.376999	58.178644	390.793085	281.823517	65.338088	385.339429	51.019200	396.246741	0.079811	0.095787	1.564027	1.739980
3547509131.047472	54.398120	408.351773	280.291656	60.126332	415.293501	48.669907	401.410045	0.054224	0.103534	1.534702	1.749756
3547509132.467474	48.102491	442.262594	279.863617	50.432483	450.955760	45.772499	433.569428	0.071389	0.091880	1.554252	1.735093
3547509133.201993	44.944573	460.016445	281.848938	51.963081	454.382570	37.926066	465.650321	0.079811	0.095787	1.564027	1.739980
3547509134.582969	36.161004	492.120313	290.128418	28.132421	488.053145	44.189587	496.187481	0.071389	0.087951	1.554252	1.730205
3547509135.282459	30.997708	505.257347	292.609253	34.840412	513.395752	27.155004	497.118943	0.079811	0.072012	1.564027	1.710655
3547509135.954934	24.874059	517.406262	297.813080	19.512142	524.634667	30.235976	510.177857	0.071389	0.072012	1.554252	1.710655
3547509141.511854	98.857702	538.250801	184.310150	91.078733	542.777128	106.636671	533.724473	0.079811	0.091880	1.564027	1.735093
3547509142.236365	119.226936	539.522884	183.169174	111.870765	534.337640	126.583106	544.708128	0.071389	0.091880	1.554252	1.735093
3547509142.927853	140.610527	540.399427	181.829224	143.975124	532.052003	137.245929	548.746851	0.079811	0.095787	1.564027	1.739980
3547509143.609334	160.013520	540.386169	178.795074	157.563476	549.046266	162.463564	531.726071	0.075613	0.087951	1.559140	1.730205
3547509144.310830	180.630205	540.092924	175.708939	182.596467	531.310338	178.663942	548.875509	0.079811	0.084000	1.564027	1.725318
3547509147.166844	260.393828	523.911617	165.036331	251.441265	524.834444	269.346392	522.988790	0.079811	0.084000	1.564027	1.725318
3547509147.885351	279.456799	518.706637	164.290207	272.256293	513.307311	286.657305	524.105962	0.088128	0.087951	1.573803	1.730205
3547509149.948811	287.461676	509.605086	38.255768	282.706526	501.963846	292.216826	517.246326	0.096343	0.076031	1.583578	1.715543
3547509150.626285	277.591786	502.096705	39.758286	269.643928	506.319447	285.539644	497.873963	0.058556	0.080027	1.539589	1.720430
3547509151.362804	266.088966	491.278286	46.389156	260.055461	497.956372	272.122470	484.600201	0.071389	0.080027	1.554252	1.720430
3547509152.782806	245.593920	465.264329	55.020054	254.585914	464.884799	236.601926	465.643858	0.045476	0.076031	1.524927	1.715543
3547509153.479297	236.112948	450.338845	59.991848	238.786277	458.932640	233.439620	441.745050	0.049864	0.080027	1.529814	1.720430
3547509154.155774	228.026497	435.420786	62.887974	227.521676	426.434955	228.531318	444.406617	0.075613	0.107376	1.559140	1.754643
3547509155.653831	213.687431	404.391857	67.503311	222.679893	404.760132	204.694969	404.023581	0.079811	0.067971	1.564027	1.705767
3547509156.338314	206.242612	385.352953	69.112656	206.264056	376.352979	206.221167	394.352928	0.067139	0.080027	1.549365	1.720430
3547509157.717288	195.137134	351.759938	74.335533	203.000143	347.381229	187.274125	356.138647	0.071389	0.080027	1.554252	1.720430
3547509158.493835	190.538361	334.012534	74.742569	196.025466	326.878694	185.051256	341.146375	0.075613	0.080027	1.559140	1.720430
3547509159.211340	186.160573	314.876759	74.234749	194.424240	311.311396	177.896906	318.442121	0.071389	0.072012	1.554252	1.710655
3547509159.892823	180.478117	295.274899	73.765139	189.460663	295.835130	171.495570	294.714669	0.092248	0.076031	1.578690	1.715543
3547509160.605324	175.127822	276.388092	73.428856	183.422369	279.881011	166.833274	272.895172	0.062861	0.072012	1.544477	1.710655
3547509161.317828	170.192452	259.079637	74.395912	177.776911	254.234435	162.607993	263.924839	0.071389	0.076031	1.554252	1.715543
3547509161.943268	165.518781	240.781317	76.310337	158.401590	235.272634	172.635973	246.290000	0.067139	0.076031	1.549365	1.715543
3547509162.639761	161.771772	223.816623	77.614315	154.581470	229.229530	168.962073	218.403715	0.075613	0.076031	1.559140	1.715543
3547509163.311233	158.582020	207.089449	79.940243	167.451719	208.615371	149.712321	205.563527	0.112471	0.087951	1.603128	1.730205
3547509164.053757	155.995438	190.226365	81.604641	156.685672	181.252872	155.305204	199.199858	0.158579	0.076031	1.661779	1.715543
3547509165.482765	154.558262	154.160513	95.271420	146.872196	149.478165	162.244329	158.842861	0.201543	0.076031	1.720430	1.715543
3547509166.138227	157.777906	136.850777	104.267746	162.823889	144.303163	152.731923	129.398391	0.218592	0.080027	1.744868	1.720430
3547509167.538215	172.392449	108.686251	132.705574	166.200755	102.154564	178.584142	115.217938	0.273150	0.269565	1.827957	1.989247
3547509168.243713	185.088289	98.107367	148.193176	189.702550	105.834501	180.474028	90.380234	0.317329	0.350249	1.901271	2.130987
3547509168.933200	198.529395	91.130568	159.592010	193.232804	98.406976	203.825987	83.854159	0.352951	0.409329	1.964809	2.248289
3547509169.640701	211.947163	87.334315	166.675003	213.475058	96.203674	210.419267	78.464955	0.358228	0.413975	1.974585	2.258065
3547509170.348198	224.709228	85.043961	170.971161	215.979388	82.855378	233.439068	87.232545	0.352951	0.423148	1.964809	2.277615
3547509171.059700	239.316576	83.675717	176.365555	235.512735	75.519076	243.120417	91.832359	0.363453	0.413975	1.984360	2.258065
3547509171.744183	252.089297	83.217527	180.266373	260.463190	86.515696	243.715404	79.919359	0.352951	0.409329	1.964809	2.248289
3547509172.457687	264.534810	83.721600	181.720627	268.784310	75.788017	260.285310	91.655184	0.344937	0.387911	1.950147	2.204301
3547509173.161182	277.493287	84.968157	187.151428	286.263078	82.945593	268.723496	86.990722	0.334061	0.385478	1.930596	2.199413
3547509173.817650	288.042431	86.282627	174.879822	295.846403	81.799545	280.238459	90.765709	0.320154	0.395145	1.906158	2.218964
3547509174.577182	289.282688	85.400929	107.250198	285.481442	77.243078	293.083934	93.558779	0.305885	0.363088	1.881720	2.155425
3547509175.267668	288.816113	83.728120	63.574043	282.732980	77.095210	294.899246	90.361030	0.314490	0.363088	1.896383	2.155425
3547509175.984175	283.700108	75.893655	52.419842	276.189566	80.852662	291.210651	70.934648	0.276205	0.357988	1.832845	2.145650
3547509177.491239	268.599162	54.600864	56.375492	270.149965	45.735481	267.048360	63.466247	0.260764	0.352841	1.808407	2.135875
3547509178.160711	261.496249	43.043304	57.956707	252.615191	41.584948	270.377308	44.501659	0.241674	0.331773	1.779081	2.096774
3547509178.858202	254.335333	31.041494	59.260498	250.585440	39.223077	258.085226	22.859911	0.235171	0.339764	1.769306	2.111437
3547509179.505660	247.573925	20.042535	60.148449	251.554843	28.114232	243.593007	11.970838	0.228595	0.312683	1.759531	2.062561
3547509182.271611	235.796141	21.562708	305.366730	241.114737	28.823048	230.477544	14.302368	0.211830	0.287188	1.735093	2.018573
3547509183.012132	228.683462	31.864354	306.623962	237.230315	29.044546	220.136610	34.684163	0.228595	0.272538	1.759531	1.994135
3547509183.691612	220.526166	43.166965	306.178436	229.453856	44.305533	211.598475	42.028397	0.218592	0.278441	1.744868	2.003910
3547509184.455151	211.841804	54.334323	306.479218	220.706009	52.776800	202.977600	55.891847	0.238431	0.272538	1.774194	1.994135
3547509186.057281	194.335153	77.311472	307.959534	193.584942	68.342795	195.085364	86.280150	0.270078	0.298655	1.823069	2.038123
3547509186.824822	184.677411	91.249795	307.269623	189.807051	83.854744	179.547770	98.644847	0.270078	0.320941	1.823069	2.077224
3547509187.540327	175.195736	103.142085	307.440521	178.992989	94.982376	171.398482	111.301795	0.282267	0.331773	1.842620	2.096774
3547509188.249831	165.613714	113.973063	313.511780	171.042359	106.794636	160.185069	121.151489	0.282267	0.320941	1.842620	2.077224
3547509189.804926	146.643326	132.819071	319.104294	155.400878	130.744150	137.885775	134.893991	0.266990	0.298655	1.818182	2.038123
3547509190.565461	134.817164	141.814639	322.966064	129.602663	149.150099	140.031665	134.479178	0.248107	0.298655	1.788856	2.038123
3547509191.269958	122.043198	151.683806	325.232300	131.016211	150.987361	113.070185	152.380250	0.228595	0.284287	1.759531	2.013685
3547509192.044505	110.918082	159.205944	328.702637	102.650437	162.762073	119.185726	155.649815	0.218592	0.278441	1.744868	2.003910
3547509192.786027	98.707774	166.256874	330.204834	101.688832	174.748829	95.726717	157.764919	0.201543	0.260557	1.720430	1.974585
3547509194.844482	59.722255	183.695879	340.475037	51.390451	180.292785	68.054059	187.098972	0.173233	0.232713	1.681329	1.930596
3547509195.552979	47.621410	187.548994	343.078583	53.032077	194.740981	42.210742	180.357006	0.176844	0.223148	1.686217	1.915934
3547509196.298508	34.266482	190.996745	346.288635	28.376511	184.191729	40.156453	197.801761	0.165949	0.203571	1.671554	1.886608
3547509196.999002	19.732207	194.296206	348.035217	14.062109	201.285483	25.402306	187.306930	0.151121	0.200248	1.652004	1.881720
3547509197.678481	16.533668	195.904448	288.742859	19.052554	187.264124	14.014781	204.544773	0.154861	0.179947	1.656891	1.852395
3547509198.402994	16.433294	196.321143	218.574142	25.189154	194.239098	7.677433	198.403187	0.139769	0.169554	1.637341	1.837732
3547509199.110491	23.124986	201.182963	219.076340	29.797536	195.143338	16.452435	207.222588	0.124311	0.169554	1.617791	1.837732
3547509199.835001	35.097205	211.233041	222.345810	29.249366	218.074297	40.945043	204.391785	0.128210	0.166052	1.622678	1.832845
3547509200.506475	46.323893	222.080160	223.407471	49.447077	230.520878	43.200709	213.639442	0.124311	0.151857	1.617791	1.813294
3547509201.936483	68.442644	244.370501	226.590454	64.972867	236.066247	71.912422	252.674756	0.124311	0.148261	1.617791	1.808407
3547509202.695021	79.932737	255.674496	225.796936	83.418718	247.377030	76.446757	263.971962	0.112471	0.144645	1.603128	1.803519
3547509203.402524	91.956447	268.189885	227.823059	82.971369	268.707924	100.941526	267.671846	0.100412	0.141009	1.588465	1.798631
3547509204.064985	103.900017	281.212557	227.142075	96.592895	275.958419	111.207138	286.466695	0.100412	0.137353	1.588465	1.793744
3547509204.736463	114.291013	292.777870	224.474487	123.190775	294.117362	105.391251	291.438378	0.108476	0.114995	1.598240	1.764418
3547509205.455967	125.814112	303.455117	224.121803	133.703401	307.786299	117.924824	299.123936	0.104456	0.111196	1.593353	1.759531
3547509206.131443	137.512396	313.940575	226.618744	133.809112	305.737790	141.215679	322.143361	0.096343	0.133678	1.583578	1.788856
3547509206.823932	148.940645	327.025323	225.723045	153.029661	319.007846	144.851629	335.042801	0.100412	0.114995	1.588465	1.764418
3547509207.574463	160.445371	337.913227	225.760330	164.232684	329.748898	156.658058	346.077555	0.112471	0.107376	1.603128	1.754643
3547509208.431067	172.588240	350.480387	225.962662	174.657641	341.721530	170.518839	359.239244	0.100412	0.099671	1.588465	1.744868
3547509209.760003	202.081263	378.761786	222.344193	196.222367	385.593574	207.940159	371.929997	0.100412	0.107376	1.588465	1.754643
3547509210.442484	214.843113	390.483695	222.529739	210.345138	398.279092	219.341088	382.688298	0.088128	0.111196	1.573803	1.759531
3547509211.094947	227.029955	401.771505	221.421326	218.046670	401.223237	236.013239	402.319773	0.088128	0.095787	1.573803	1.739980
3547509211.824459	240.777296	414.300394	220.374344	236.758730	406.247374	244.795862	422.353413	0.079811	0.095787	1.564027	1.739980
3547509213.203432	269.555074	438.589492	217.176590	273.115274	446.855384	265.994874	430.323600	0.088128	0.099671	1.573803	1.744868
3547509213.955963	284.574382	450.224518	214.985779	275.778377	448.319184	293.370387	452.129853	0.079811	0.095787	1.564027	1.739980
3547509214.657459	289.158084	450.829196	146.902405	283.007220	457.399346	295.308948	444.259046	0.062861	0.087951	1.544477	1.730205
3547509215.345944	290.180827	448.999783	94.473228	288.168932	440.227538	292.192722	457.772027	0.071389	0.095787	1.554252	1.739980
3547509216.016417	290.593718	447.278808	109.323547	285.275462	454.539397	295.911975	440.018219	0.071389	0.087951	1.554252	1.730205
3547509219.132615	290.601207	447.553890	104.086433	294.220655	455.794011	286.981759	439.313769	0.071389	0.080027	1.554252	1.720430
3547509219.790080	290.363005	449.115057	92.151886	298.150482	453.626732	282.575529	444.603382	0.036616	0.067971	1.515152	1.705767
3547509220.543611	290.980683	446.714915	113.482925	287.595731	438.375724	294.365635	455.054105	0.062861	0.072012	1.544477	1.710655
3547509226.804029	289.661266	443.673518	25.767696	284.322993	436.427633	294.999539	450.919403	0.049864	0.067971	1.529814	1.705767
3547509227.488510	277.867947	438.639468	23.042774	285.682026	443.104910	270.053869	434.174025	0.058556	0.055705	1.539589	1.691105
3547509228.182000	263.392796	432.074035	23.930145	271.789586	428.834602	254.996007	435.313468	0.049864	0.043225	1.529814	1.676442
3547509230.195423	222.796744	410.207409	31.349583	223.393401	401.227209	222.200087	419.187610	0.054224	0.076031	1.534702	1.715543
3547509230.869896	208.602580	401.319914	32.698860	199.972904	398.764782	217.232255	403.875046	0.045476	0.051569	1.524927	1.686217
3547509231.571390	194.951585	391.961512	35.064686	199.322907	399.828630	190.580263	384.094394	0.049864	0.063906	1.529814	1.700880
3547509232.277890	180.949066	381.245580	37.605888	181.786862	372.284659	180.111269	390.206500	0.045476	0.051569	1.524927	1.686217
3547509233.715906	153.411843	357.145255	42.929579	161.230797	352.688354	145.592890	361.602156	0.045476	0.051569	1.524927	1.686217
3547509234.381373	139.135542	343.847817	41.181896	142.147035	352.329026	136.124049	335.366608	0.032143	0.051569	1.510264	1.686217
3547509235.095878	126.277977	332.719599	41.368307	130.809147	340.495748	121.746806	324.943450	0.045476	0.051569	1.524927	1.686217
3547509235.817386	111.799881	320.750870	42.062782	120.258183	323.826113	103.341579	317.675626	0.041060	0.017598	1.520039	1.647116
3547509237.173343	85.531657	296.194397	45.405853	76.629040	294.874018	94.434275	297.514776	0.049864	0.051569	1.529814	1.686217
3547509238.572330	62.048339	269.815475	52.407688	54.478082	274.682838	69.618595	264.948113	0.036616	0.047409	1.515152	1.681329
3547509239.357884	51.507167	254.240882	57.761765	43.076824	251.089799	59.937509	257.391965	0.036616	0.039016	1.515152	1.671554
3547509240.699831	32.176256	218.942157	66.041832	32.791252	227.921120	31.561259	209.963194	0.036616	0.021932	1.515152	1.652004
3547509241.401326	26.133038	203.374658	71.238953	18.475022	208.102743	33.791055	198.646573	0.054224	0.047409	1.534702	1.681329
3547509242.090812	21.461630	185.503277	78.063148	17.332241	193.500035	25.591019	177.506519	0.058556	0.039016	1.539589	1.671554
3547509242.787303	18.658889	167.619431	81.817757	17.435558	158.702959	19.882219	176.535902	0.058556	0.051569	1.539589	1.686217
3547509243.465782	17.026454	150.873236	85.081314	19.325498	159.574638	14.727410	142.171835	0.054224	0.080027	1.534702	1.720430
3547509244.161276	16.235952	133.764747	87.562317	19.759587	125.483201	12.712318	142.046292	0.054224	0.034783	1.534702	1.666667
3547509244.856763	16.120551	116.187770	89.663452	7.194249	117.337176	25.046853	115.038364	0.058556	0.017598	1.539589	1.647116
3547509245.583278	16.508382	97.880136	91.823555	22.425015	104.661983	10.591749	91.098288	0.058556	0.026241	1.539589	1.656891
3547509246.276766	17.716913	79.911510	95.099236	10.946748	73.981513	24.487077	85.841508	0.045476	0.072012	1.524927	1.710655
3547509247.652736	24.106768	44.585238	104.241486	28.955331	52.167549	19.258205	37.002928	0.079811	0.051569	1.564027	1.686217
3547509251.059139	44.778189	21.432245	239.513702	38.625940	14.863391	50.930437	28.001099	0.079811	0.080027	1.564027	1.720430
3547509251.780648	51.497348	35.825560	249.093369	58.589321	41.366671	44.405374	30.284448	0.096343	0.087951	1.583578	1.730205
3547509252.503158	56.311971	52.215650	257.543610	56.914412	43.235836	55.709530	61.195464	0.083983	0.084000	1.568915	1.725318
3547509253.187641	59.291789	71.515536	263.323303	64.152111	63.940758	54.431466	79.090315	0.096343	0.103534	1.583578	1.749756
3547509253.831102	60.605785	90.555114	266.851074	58.956447	99.402695	62.255122	81.707534	0.108476	0.084000	1.598240	1.725318
3547509254.521583	61.223498	109.116879	267.385529	64.310872	117.570761	58.136124	100.662996	0.100412	0.095787	1.588465	1.739980
3547509255.923573	61.602890	144.761103	271.125336	54.290707	139.514011	68.915074	150.008195	0.135939	0.095787	1.632454	1.739980
3547509258.855641	57.752752	218.496483	276.437012	57.961009	209.498893	57.544494	227.494073	0.120388	0.091880	1.612903	1.735093
3547509260.189581	53.054727	252.174615	280.243988	58.445656	259.381409	47.663798	244.967821	0.092248	0.087951	1.578690	1.730205
3547509260.880068	49.757775	267.005546	283.483734	43.686557	260.361729	55.828993	273.649364	0.075613	0.084000	1.559140	1.725318
3547509262.236024	39.895033	296.359503	290.828293	31.134035	298.419821	48.656032	294.299186	0.083983	0.080027	1.568915	1.720430
3547509263.602989	26.970552	322.269098	301.659424	26.372232	313.289008	27.568872	331.249188	0.075613	0.087951	1.559140	1.730205
3547509264.318493	19.195101	333.710210	306.780396	27.198275	329.593269	11.191927	337.827151	0.054224	0.076031	1.534702	1.715543
3547509265.021992	14.943017	337.629773	4.041653	21.993295	343.223839	7.892739	332.035706	0.067139	0.067971	1.549365	1.705767
3547509265.699468	14.085548	337.140872	61.347610	23.051857	336.362861	5.119239	337.918883	0.075613	0.059817	1.559140	1.695992
3547509266.372943	14.305088	335.800230	127.213898	5.306998	335.614800	23.303178	335.985660	0.067139	0.095787	1.549365	1.739980
3547509267.038417	16.048222	335.095687	177.797363	7.443250	337.732819	24.653194	332.458555	0.054224	0.055705	1.534702	1.691105
3547509267.717892	25.403450	337.786995	201.482986	21.724925	329.573077	29.081975	346.000913	0.062861	0.043225	1.544477	1.676442
3547509268.396375	39.612776	344.059180	206.666351	45.263258	337.054035	33.962294	351.064325	0.041060	0.051569	1.520039	1.686217
3547509269.092862	55.428345	352.760372	210.519363	55.722193	361.755574	55.134497	343.765170	0.049864	0.043225	1.529814	1.676442
3547509270.528874	86.356250	374.203481	216.374039	82.885880	382.507488	89.826620	365.899474	0.045476	0.055705	1.524927	1.691105
3547509271.278403	102.701597	387.707557	222.285583	96.452585	394.184428	108.950609	381.230687	0.067139	0.034783	1.549365	1.666667
3547509271.938869	117.936205	403.893162	230.465240	126.071981	407.741427	109.800428	400.044897	0.054224	0.030524	1.534702	1.661779
3547509273.264805	138.285258	433.517515	241.822693	137.566551	442.488772	139.003965	424.546257	0.049864	0.026241	1.529814	1.656891
3547509274.056364	145.694168	449.214743	246.512955	136.741008	448.297720	154.647328	450.131766	0.041060	0.063906	1.520039	1.700880
3547509274.759861	152.651343	466.445099	249.160156	160.097308	471.500552	145.205378	461.389646	0.058556	0.067971	1.539589	1.705767
3547509275.475369	159.223950	485.843077	253.632492	152.543150	491.873576	165.904749	479.812578	0.045476	0.047409	1.524927	1.681329
3547509276.927390	165.854397	518.308669	263.724152	167.373768	509.437845	164.335027	527.179493	0.058556	0.043225	1.539589	1.676442
3547509278.345390	166.786761	553.950219	273.498932	168.401312	562.804214	165.172209	545.096224	0.045476	0.030524	1.524927	1.661779
3547509279.043881	165.011832	569.822549	277.584656	156.893356	565.937919	173.130308	573.707179	0.036616	0.021932	1.515152	1.652004
3547509281.836853	151.269952	573.308303	56.793854	149.085321	564.577474	153.454583	582.039133	0.045476	0.047409	1.524927	1.681329
3547509282.599391	143.412804	559.370894	63.430099	138.344055	551.933974	148.481553	566.807815	0.036616	0.039016	1.515152	1.671554
3547509283.410963	135.670205	541.421821	69.215557	134.767060	532.467250	136.573351	550.376391	0.032143	0.039016	1.510264	1.671554
3547509284.129471	129.319970	521.531863	75.583557	127.661501	512.685990	130.978438	530.377737	0.032143	0.034783	1.510264	1.666667
3547509284.807950	125.169021	501.035331	82.945923	116.587871	498.321685	133.750170	503.748977	0.045476	0.030524	1.524927	1.661779
3547509286.167908	126.128552	463.148143	100.915394	122.753284	454.805029	129.503820	471.491258	0.027640	0.030524	1.505376	1.661779
3547509286.826373	130.543193	444.934730	107.454132	125.168565	437.715771	135.917821	452.153690	0.036616	0.063906	1.515152	1.700880
3547509287.543880	137.252763	427.340873	113.180355	136.506445	418.371870	137.999081	436.309875	0.041060	0.030524	1.520039	1.661779
3547509288.217355	145.830783	410.104169	119.842640	141.818169	402.048182	149.843396	418.160157	0.023109	0.034783	1.500489	1.666667
3547509288.927856	157.081104	393.236202	127.848248	149.723632	398.419600	164.438575	388.052805	0.045476	0.034783	1.524927	1.666667
3547509289.695396	170.155771	378.707818	136.712784	179.142893	378.226517	161.168650	379.189118	0.058556	0.026241	1.539589	1.656891
3547509291.061361	202.856885	355.971672	152.745010	194.491469	359.291282	211.222301	352.652062	0.045476	0.039016	1.524927	1.671554
3547509291.746844	220.195191	348.851609	161.655075	229.110928	350.080279	211.279454	347.622938	0.041060	0.034783	1.520039	1.666667
3547509292.446343	239.832263	344.565141	171.304306	230.866699	345.351694	248.797827	343.778588	0.036616	0.030524	1.515152	1.661779
3547509293.870342	277.510104	344.683072	185.134216	275.548231	353.466640	279.471977	335.899505	0.036616	0.030524	1.515152	1.661779
3547509296.651304	291.096066	347.290800	177.108307	282.777638	343.855141	299.414494	350.726460	0.027640	0.026241	1.505376	1.656891
3547509300.022687	290.019305	349.793321	312.925903	298.511770	346.813717	281.526840	352.772926	0.023109	0.026241	1.500489	1.656891
3547509300.745193	282.082501	357.190290	320.980194	277.472708	349.460490	286.692294	364.920090	0.036616	0.021932	1.515152	1.652004
3547509302.183208	255.682143	374.095632	332.560852	259.580368	365.983674	251.783919	382.207589	0.018547	0.034783	1.495601	1.666667
3547509302.893708	240.228748	381.285603	337.023743	247.126988	387.066112	233.330508	375.505095	0.023109	0.021932	1.500489	1.652004
3547509303.654245	223.015884	387.473203	344.653687	230.184498	382.031607	215.847269	392.914799	0.032143	0.026241	1.510264	1.656891
3547509304.337727	205.689540	390.930504	354.216522	199.338004	397.306866	212.041076	384.554142	0.023109	0.021932	1.500489	1.652004
3547509305.028218	186.076138	391.556982	3.104295	185.740537	400.550722	186.411739	382.563241	0.036616	0.039016	1.515152	1.671554
3547509305.727707	168.757786	389.455717	12.148522	172.409939	381.230039	165.105634	397.681395	0.023109	0.039016	1.500489	1.671554
3547509306.474235	151.259541	384.594205	21.875581	150.221744	393.534171	152.297337	375.654240	0.041060	0.030524	1.495601	1.647116
3547509307.279804	135.150968	376.729252	30.857946	139.916232	369.094316	130.385704	384.364189	0.032143	0.026241	1.510264	1.656891
3547509308.904950	107.441767	353.311886	48.773216	116.414030	352.605841	98.469504	354.017931	0.036616	0.039016	1.515152	1.671554
3547509309.716521	95.405075	337.976242	55.581894	102.812594	332.864622	87.997556	343.087862	0.032143	0.013238	1.510264	1.642229
3547509310.700218	84.254282	318.721338	63.968597	76.088859	314.936383	92.419704	322.506292	0.036616	0.013238	1.515152	1.642229
3547509311.458751	77.460202	299.070443	74.878002	81.933854	291.261061	72.986551	306.879825	0.049864	0.026241	1.529814	1.656891
3547509312.898769	79.063131	252.514507	107.734100	71.902988	247.061769	86.223274	257.967246	0.032143	0.039016	1.510264	1.671554
3547509314.239714	96.052304	221.076150	129.174774	99.302440	229.468802	92.802167	212.683498	0.041060	0.021932	1.520039	1.652004
3547509314.966225	108.655574	208.293060	139.743927	99.670163	207.780822	117.640985	208.805298	0.049864	0.017598	1.529814	1.647116
3547509315.708757	123.838321	196.766609	151.867645	115.938345	192.454951	131.738296	201.078267	0.036616	0.039016	1.515152	1.671554
3547509316.412245	141.224226	189.597941	163.870789	136.846580	181.734340	145.601872	197.461542	0.143575	0.039016	1.642229	1.671554
3547509317.112739	160.098884	185.928782	175.147720	166.437786	179.539860	153.759982	192.317703	0.371194	0.183375	1.999022	1.857283
3547509317.791218	178.906990	185.959026	186.186386	185.563049	192.016820	172.250932	179.901231	0.462397	0.292949	2.189638	2.028348
3547509318.455688	195.349984	189.068457	198.541245	200.585944	196.388615	190.114023	181.748299	0.487348	0.357988	2.248289	2.145650
3547509319.172192	208.699910	195.292978	211.544907	216.543172	199.706961	200.856648	190.878995	0.487348	0.385478	2.248289	2.199413
3547509319.838665	218.064387	202.607473	225.095596	226.081472	198.517688	210.047301	206.697258	0.483281	0.390333	2.238514	2.209189
3547509320.535154	226.061280	212.673864	236.091766	230.155840	220.688512	221.966720	204.659217	0.477112	0.390333	2.223851	2.209189
3547509321.245656	230.806383	222.326319	250.062408	239.388861	219.616878	222.223905	225.035760	0.470862	0.383035	2.209189	2.194526
3547509322.653649	234.605609	246.533575	270.702728	230.088774	238.749090	239.122444	254.318059	0.433813	0.370652	2.126100	2.170088
3547509323.318118	233.383020	258.341736	281.585510	241.626424	254.729771	225.139616	261.953700	0.417703	0.350249	2.091887	2.130987
3547509324.008605	229.583952	270.543804	290.637695	220.591287	270.907079	238.576617	270.180529	0.405869	0.320941	2.067449	2.077224
3547509324.687083	224.738643	280.886685	299.324829	231.638029	286.665826	217.839256	275.107544	0.381341	0.334449	2.018573	2.101662
3547509325.332544	217.452730	290.858515	309.455902	208.453096	290.939745	226.452363	290.777284	0.368626	0.318201	1.994135	2.072336
3547509326.039037	209.756455	299.532991	318.852890	218.754871	299.701860	200.758040	299.364122	0.352951	0.320941	1.964809	2.077224
3547509326.745539	200.730396	306.826501	324.531403	208.037285	312.080962	193.423506	301.572039	0.339526	0.292949	1.940371	2.028348
3547509327.491061	189.705475	312.643734	336.752014	194.799138	320.063613	184.611813	305.223855	0.328541	0.281371	1.920821	2.008798
3547509328.185552	176.658114	316.954174	346.462738	169.678390	311.272322	183.637838	322.636027	0.300073	0.275497	1.871945	1.999022
3547509328.863029	162.639821	319.440210	353.569651	153.728478	320.700356	171.551164	318.180064	0.291240	0.260557	1.857283	1.974585
3547509329.554517	150.047807	319.725062	1.240919	141.533067	316.809723	158.562547	322.640401	0.263886	0.242135	1.813294	1.945259
3547509330.219987	137.389499	318.813541	7.309275	129.691985	314.150035	145.087012	323.477047	0.260764	0.232713	1.808407	1.930596
3547509330.913476	125.114285	316.678036	12.170272	128.586684	308.374877	121.641886	324.981195	0.254470	0.213435	1.798631	1.901271
3547509332.975931	87.315155	303.092039	28.995413	93.256914	309.851884	81.373396	296.332195	0.228595	0.216689	1.759531	1.906158
3547509333.723460	75.910358	296.150768	33.625467	68.684754	301.516460	83.135963	290.785077	0.208421	0.190178	1.730205	1.867058
3547509334.441965	63.295883	286.333441	40.311573	58.752829	294.102654	67.838937	278.564229	0.201543	0.176501	1.720430	1.847507
3547509335.135457	53.532107	275.972946	48.536678	62.419991	277.389106	44.644222	274.556785	0.194587	0.176501	1.710655	1.847507
3547509335.814937	44.380099	263.652979	57.842491	35.723111	261.191972	53.037087	266.113986	0.184002	0.162532	1.695992	1.827957
3547509336.504425	37.071796	250.265254	66.260773	39.622304	258.896298	34.521287	241.634211	0.194587	0.141009	1.710655	1.798631
3547509337.861377	27.824645	224.242357	74.111847	36.463067	221.716954	19.186223	226.767760	0.162275	0.133678	1.666667	1.788856
3547509339.251359	23.647534	194.379873	90.573204	19.074591	202.131530	28.220476	186.628215	0.147360	0.133678	1.647116	1.788856
3547509340.676368	28.365168	163.296429	105.043930	37.186796	165.079371	19.543540	161.513488	0.143575	0.126266	1.642229	1.779081
3547509341.398873	33.526234	147.546791	110.388504	37.300645	155.717092	29.751823	139.376490	0.132086	0.122530	1.627566	1.774194
3547509342.123384	40.145456	132.955800	116.242294	40.175751	141.955749	40.115161	123.955851	0.143575	0.133678	1.642229	1.788856
3547509343.514365	60.236280	104.915262	133.917328	51.945470	108.417043	68.527090	101.413480	0.135939	0.091880	1.632454	1.735093
3547509344.209857	72.877793	93.744478	142.230835	79.693474	99.622105	66.062113	87.866852	0.135939	0.111196	1.632454	1.759531
3547509344.874325	86.520933	84.516164	150.563446	88.599022	75.759364	84.442844	93.272964	0.128210	0.126266	1.622678	1.779081
3547509345.596836	101.578177	77.124868	158.496170	92.685046	75.742037	110.471308	78.507699	0.124311	0.103534	1.617791	1.749756
3547509347.756364	154.747387	69.922815	187.114990	163.585039	68.221075	145.909736	71.624554	0.143575	0.148261	1.642229	1.808407
3547509348.437840	171.515152	73.831147	197.714569	169.676280	82.641286	173.354024	65.021008	0.165949	0.183375	1.671554	1.857283
3547509349.118319	187.018975	79.713622	203.805275	183.528743	88.009300	190.509208	71.417943	0.215221	0.206876	1.739980	1.891496
3547509349.825818	200.357753	86.241433	206.939163	203.911795	77.972891	196.803712	94.509975	0.266990	0.257525	1.818182	1.969697
3547509350.544325	214.810442	94.608657	210.441620	214.404788	103.599510	215.216096	85.617803	0.308768	0.290076	1.886608	2.023460
3547509351.239817	228.240287	103.482516	213.770309	226.966497	94.573113	229.514076	112.391919	0.350293	0.318201	1.959922	2.072336
3547509351.933307	240.349060	112.652080	219.462509	244.255454	104.544054	236.442665	120.760106	0.344937	0.350249	1.950147	2.130987
3547509353.344303	262.157333	131.812103	222.932388	261.073757	140.746635	263.240909	122.877571	0.344937	0.373151	1.950147	2.174976
3547509354.038792	271.575160	141.589123	225.565384	276.872277	134.313098	266.278043	148.865149	0.334061	0.360543	1.930596	2.150538
3547509354.719275	280.086942	151.034107	230.978134	289.064219	150.394978	271.109664	151.673235	0.336801	0.347646	1.935484	2.126100
3547509355.378737	286.436687	158.797091	209.889221	281.373591	166.237860	291.499784	151.356321	0.308768	0.350249	1.886608	2.130987
3547509356.093241	288.002167	158.829747	150.485855	290.752770	150.260373	285.251563	167.399122	0.297144	0.329084	1.867058	2.091887
3547509356.756708	288.624505	157.618783	85.997398	296.926619	161.093680	280.322391	154.143887	0.297144	0.345031	1.867058	2.121212
3547509357.475215	288.729681	157.589415	16.941536	297.222773	160.567231	280.236589	154.611600	0.273150	0.318201	1.827957	2.072336
3547509358.147690	287.012299	158.744774	321.706329	278.432875	156.025678	295.591723	161.463870	0.254470	0.326382	1.798631	2.086999
3547509358.845181	279.990902	165.767729	312.378571	288.793370	167.642975	271.188433	163.892484	0.266990	0.307112	1.818182	2.052786
3547509360.248173	262.160094	185.898085	310.847809	260.638660	194.768555	263.681527	177.027615	0.235171	0.290076	1.769306	2.023460
3547509360.943662	253.518714	196.232091	309.702179	244.810432	198.504935	262.226997	193.959247	0.238431	0.269565	1.774194	1.989247
3547509361.614141	244.722712	206.329071	309.587799	235.811931	207.593182	253.633493	205.064961	0.221945	0.263575	1.749756	1.979472
3547509362.291614	236.087752	216.081736	312.548004	245.080385	216.445820	227.095119	215.717651	0.218592	0.245244	1.744868	1.950147
3547509362.964087	227.551720	226.028717	309.271912	218.689126	224.462056	236.414314	227.595378	0.211830	0.254478	1.735093	1.964809
3547509364.419114	209.765679	247.667363	309.835052	201.435270	251.073871	218.096087	244.260856	0.180433	0.232713	1.691105	1.930596
3547509365.207670	200.665420	258.325077	311.844421	207.287019	264.420520	194.043821	252.229634	0.180433	0.200248	1.691105	1.881720
3547509365.895155	190.158527	270.428198	310.630086	186.756932	278.760614	193.560122	262.095782	0.173233	0.206876	1.681329	1.891496
3547509366.634677	179.469188	281.238415	309.947418	171.573284	285.557524	187.365092	276.919306	0.162275	0.196909	1.666667	1.876833
3547509367.312155	170.375755	293.266537	311.931900	177.504576	298.760162	163.246935	287.772911	0.154861	0.186785	1.656891	1.862170
3547509367.983629	160.150317	304.338123	313.669022	164.387886	296.398159	155.912749	312.278086	0.151121	0.169554	1.652004	1.837732
3547509368.653102	151.569048	313.883534	312.266724	160.107213	316.729540	143.030884	311.037528	0.132086	0.173037	1.627566	1.842620
3547509369.340588	139.714334	324.853835	313.871582	142.267918	316.223701	137.160750	333.483968	0.104456	0.155435	1.593353	1.818182
3547509370.008057	129.986837	334.462474	316.381027	122.827345	339.916067	137.146329	329.008881	0.120388	0.155435	1.612903	1.818182
3547509370.736571	120.101536	344.146551	318.400787	128.122113	348.229483	112.080958	340.063619	0.108476	0.155435	1.598240	1.818182
3547509371.563155	109.817905	354.104662	317.648437	112.883512	362.566461	106.752297	345.642862	0.120388	0.122530	1.612903	1.774194
3547509372.959139	83.775297	373.159075	328.247711	74.785977	372.720758	92.764617	373.597391	0.100412	0.133678	1.588465	1.788856
3547509373.645623	69.491427	381.825169	329.649384	67.546292	390.612458	71.436563	373.037880	0.116442	0.133678	1.608016	1.788856
3547509374.325103	55.651380	390.727111	327.834808	47.593406	386.718487	63.709353	394.735735	0.112471	0.129982	1.603128	1.783969
3547509375.005583	42.616063	399.414503	326.263062	46.632344	391.360343	38.599782	407.468662	0.116442	0.114995	1.608016	1.764418
3547509375.682060	28.868860	408.507430	326.179230	33.545441	400.817853	24.192279	416.197007	0.104456	0.114995	1.593353	1.764418
3547509376.381554	17.690898	415.552788	315.232880	9.780527	411.260233	25.601269	419.845344	0.104456	0.114995	1.593353	1.764418
3547509379.888027	67.560059	429.127218	190.039001	58.563426	428.881062	76.556692	429.373374	0.088128	0.099671	1.573803	1.744868
3547509380.574512	85.116600	431.887229	188.103348	88.556696	423.570634	81.676504	440.203823	0.079811	0.095787	1.564027	1.739980
3547509381.304028	104.232937	434.097951	185.359238	104.280377	443.097826	104.185497	425.098076	0.079811	0.095787	1.564027	1.739980
3547509382.023534	122.613068	435.317244	183.385155	114.316580	431.828937	130.909556	438.805552	0.083983	0.084000	1.568915	1.725318
3547509382.700011	140.249125	436.300172	183.696075	131.283238	435.517310	149.215011	437.083035	0.083983	0.076031	1.568915	1.715543
3547509383.434532	156.754804	437.501041	183.436691	148.289635	434.444748	165.219972	440.557334	0.079811	0.087951	1.564027	1.730205
3547509384.136027	174.360110	438.918772	183.677048	165.410741	437.965461	183.309478	439.872083	0.075613	0.087951	1.559140	1.730205
3547509384.825511	193.550613	440.324971	182.464401	191.306303	431.609291	195.794923	449.040651	0.071389	0.080027	1.554252	1.720430
3547509385.477971	212.564959	441.162539	180.440643	221.383884	442.958803	203.746034	439.366275	0.071389	0.076031	1.554252	1.715543
3547509386.162454	231.066221	441.446582	179.047470	230.856439	450.444137	231.276002	432.449027	0.071389	0.080027	1.554252	1.720430
3547509386.812914	249.427615	441.344993	178.769501	246.756926	449.939609	252.098305	432.750378	0.067139	0.072012	1.549365	1.710655
3547509387.505403	267.822144	441.259431	178.824707	265.629759	449.988317	270.014529	432.530545	0.075613	0.099671	1.559140	1.744868
3547509388.209898	286.520474	441.040069	178.867386	284.702511	449.854547	288.338437	432.225592	0.075613	0.080027	1.559140	1.720430
3547509391.028888	289.862113	442.973341	358.274933	288.665335	434.053266	291.058890	451.893415	0.075613	0.059817	1.559140	1.695992
3547509391.713370	280.040937	441.947258	7.792351	271.058024	441.392936	289.023850	442.501581	0.067139	0.091880	1.549365	1.735093
3547509392.366831	266.300142	439.310047	13.664947	258.285097	435.216264	274.315187	443.403830	0.067139	0.063906	1.549365	1.700880
3547509393.047311	251.678426	435.213760	16.817093	259.736228	439.222729	243.620624	431.204792	0.049864	0.055705	1.529814	1.691105
3547509393.728793	236.717608	430.315736	19.496952	231.289605	423.136824	242.145611	437.494648	0.062861	0.063906	1.544477	1.700880
3547509395.866300	191.447948	407.985686	32.323986	184.353147	402.448197	198.542750	413.523176	0.067139	0.059817	1.549365	1.695992
3547509396.542778	177.474804	397.736625	38.240135	172.839683	390.021986	182.109925	405.451264	0.058556	0.059817	1.539589	1.695992
3547509397.208248	163.114449	384.877767	43.927078	163.611166	375.891485	162.617731	393.864050	0.058556	0.055705	1.539589	1.691105
3547509397.897733	151.550391	372.914775	49.241837	159.236485	368.232473	143.864296	377.597077	0.067139	0.072012	1.549365	1.710655
3547509398.580220	140.950635	360.268681	54.446674	148.710446	364.827773	133.190823	355.709588	0.067139	0.067971	1.549365	1.705767
3547509399.254690	131.747713	346.729349	56.670752	130.651686	337.796336	132.843740	355.662362	0.075613	0.055705	1.559140	1.691105
3547509399.930167	122.724483	331.875339	61.534149	131.390956	329.447944	114.058010	334.302734	0.067139	0.047409	1.549365	1.681329
3547509401.328154	111.378020	299.305372	79.160793	116.614490	306.625166	106.141550	291.985578	0.071389	0.051569	1.554252	1.686217
3547509402.077685	110.429670	281.345538	89.732513	101.603962	283.108176	119.255377	279.582900	0.058556	0.059817	1.539589	1.695992
3547509402.755160	112.444460	261.903799	102.310005	103.638901	263.764478	121.250019	260.043120	0.071389	0.076031	1.554252	1.715543
3547509403.449649	118.169884	243.725340	112.776085	121.011666	235.185769	115.328103	252.264912	0.058556	0.047409	1.539589	1.681329
3547509404.830625	137.926294	214.173108	135.994392	145.009167	219.725847	130.843421	208.620368	0.058556	0.059817	1.539589	1.695992
3547509405.481084	151.396486	203.126344	144.991425	147.255149	195.135767	155.537822	211.116922	0.071389	0.072012	1.554252	1.710655
3547509406.178575	167.657635	193.797533	153.671677	165.288612	202.480144	170.026659	185.114922	0.062861	0.063906	1.544477	1.700880
3547509406.839044	184.376081	187.175956	162.067863	193.035847	184.724743	175.716314	189.627169	0.079811	0.076031	1.564027	1.715543
3547509407.552544	200.711475	182.755430	170.490692	193.981594	176.779754	207.441356	188.731106	0.071389	0.063906	1.554252	1.700880
3547509408.278063	219.252309	181.124124	178.731125	216.253840	189.609947	222.250777	172.638301	0.079811	0.067971	1.564027	1.705767
3547509408.953533	238.846438	182.275218	187.208099	247.487590	179.759172	230.205285	184.791264	0.071389	0.051569	1.554252	1.686217
3547509409.641022	256.834346	185.446379	192.042313	260.381845	193.717731	253.286848	177.175028	0.062861	0.059817	1.544477	1.695992
3547509410.313497	273.426558	189.625500	195.803421	265.735642	184.951121	281.117474	194.299878	0.067139	0.087951	1.549365	1.730205
3547509410.990970	287.708492	194.738492	218.016220	296.238872	197.607744	279.178112	191.869239	0.062861	0.067971	1.544477	1.705767
3547509411.683463	290.123169	199.268907	264.823761	282.908707	193.888243	297.337630	204.649571	0.058556	0.039016	1.539589	1.671554
3547509412.393960	289.432478	202.591719	297.316132	281.273022	206.389520	297.591933	198.793918	0.067139	0.043225	1.549365	1.676442
3547509413.052424	286.463729	205.459565	334.084290	278.545413	201.181682	294.382044	209.737448	0.049864	0.051569	1.529814	1.686217
3547509413.782939	281.997242	205.999892	2.049350	274.008285	210.144354	289.986199	201.855429	0.058556	0.080027	1.539589	1.720430
3547509414.466422	270.348476	204.691001	8.513870	263.237932	210.208261	277.459021	199.173742	0.054224	0.034783	1.534702	1.666667
3547509415.210948	253.332235	201.747502	10.934224	262.315303	202.299308	244.349167	201.195697	0.058556	0.051569	1.539589	1.686217
3547509415.888425	237.675627	198.508902	11.004313	246.675283	198.430251	228.675971	198.587554	0.041060	0.059817	1.520039	1.695992
3547509416.581916	221.917861	194.890544	13.120994	217.178255	187.239653	226.657466	202.541435	0.062861	0.039016	1.544477	1.671554
3547509417.306425	204.782703	189.937432	16.324759	209.988518	197.279059	199.576888	182.595805	0.067139	0.063906	1.549365	1.700880
3547509418.006919	187.756919	184.303572	20.583588	178.876559	185.766175	196.637279	182.840969	0.049864	0.043225	1.529814	1.676442
3547509419.389895	156.637662	169.906058	27.275354	149.069390	174.776505	164.205935	165.035611	0.062861	0.080027	1.544477	1.720430
3547509420.096395	142.045372	161.918162	30.810875	147.164612	154.515907	136.926131	169.320416	0.088128	0.129982	1.573803	1.783969
3547509420.845922	126.328279	152.071620	34.029047	121.790348	159.843826	130.866210	144.299414	0.147360	0.118773	1.647116	1.769306
3547509421.534410	112.092189	143.031670	34.275753	109.589715	151.676763	114.594662	134.386577	0.204991	0.158993	1.725318	1.823069
3547509422.230900	96.789424	132.699761	34.303581	94.528466	141.411137	99.050382	123.988385	0.231892	0.166052	1.764418	1.832845
3547509423.562840	74.096218	113.491192	44.995159	66.461063	108.726277	81.731373	118.256106	0.254470	0.176501	1.798631	1.847507
3547509424.204291	64.533095	103.299100	50.747818	60.358449	95.325874	68.707740	111.272326	0.254470	0.151857	1.798631	1.813294
3547509424.876766	56.136313	92.238615	56.296150	58.384895	83.524036	53.887731	100.953193	0.257625	0.179947	1.803519	1.852395
3547509425.561250	49.943156	81.486773	61.864212	57.355105	76.381578	42.531207	86.591967	0.244900	0.173037	1.783969	1.842620
3547509426.957235	39.750651	55.164840	74.877052	44.231718	47.359711	35.269584	62.969969	0.235171	0.166052	1.769306	1.832845
3547509427.669736	36.793601	41.753434	79.886810	45.569146	43.750883	28.018055	39.755985	0.225279	0.162532	1.754643	1.827957
3547509428.336208	35.050053	28.439747	84.267647	30.304849	36.087168	39.795256	20.792327	0.218592	0.151857	1.744868	1.813294
3547509432.452112	47.053844	21.420102	263.942596	46.614697	12.430822	47.492991	30.409382	0.187551	0.144645	1.700880	1.803519
3547509433.196636	46.989396	36.011928	274.353333	54.727108	40.608428	39.251684	31.415427	0.184002	0.137353	1.695992	1.793744
3547509433.842093	43.822159	52.372316	285.716980	42.317691	61.245680	45.326626	43.498953	0.191079	0.151857	1.705767	1.813294
3547509435.164025	31.213799	81.363148	301.851532	28.911929	72.662493	33.515669	90.063802	0.180433	0.144645	1.691105	1.803519
3547509435.823489	21.564064	95.083160	309.284210	12.682873	93.625613	30.445255	96.540708	0.176844	0.144645	1.686217	1.803519
3547509436.497966	15.792000	100.267748	352.376221	11.336932	92.447750	20.247068	108.087746	0.173233	0.129982	1.681329	1.783969
3547509437.203465	13.873431	99.582506	48.732254	22.867081	99.244475	4.879782	99.920538	0.165949	0.122530	1.671554	1.774194
3547509437.880940	13.501585	98.473612	88.319817	10.371396	90.035489	16.631774	106.911735	0.187551	0.158993	1.700880	1.823069
3547509438.619463	13.868258	97.879095	142.850494	22.830221	98.705670	4.906296	97.052519	0.165949	0.141009	1.671554	1.798631
3547509439.307948	18.762267	97.529142	179.885635	25.310897	103.702913	12.213637	91.355371	0.162275	0.107376	1.666667	1.754643
3547509439.974418	32.887796	98.286196	188.655045	31.458505	89.400413	34.317087	107.171978	0.158579	0.137353	1.661779	1.793744
3547509440.633883	47.848250	101.843535	197.588547	44.916623	110.352681	50.779877	93.334389	0.169602	0.126266	1.676442	1.779081
3547509441.300354	62.248220	108.274752	209.161545	53.518368	110.463288	70.978072	106.086215	0.132086	0.129982	1.627566	1.783969
3547509442.669319	87.506575	129.657675	227.275284	79.566357	125.420584	95.446793	133.894765	0.147360	0.141009	1.647116	1.798631
3547509443.364814	98.291095	143.659727	236.730362	106.356033	147.654320	90.226156	139.665134	0.147360	0.107376	1.647116	1.754643
3547509444.055296	106.093765	158.261173	245.968246	98.911492	152.837616	113.276037	163.684729	0.143575	0.107376	1.642229	1.754643
3547509445.461290	114.400249	190.721433	265.212555	105.684563	188.477150	123.115936	192.965717	0.132086	0.144645	1.627566	1.803519
3547509446.136767	114.501988	208.108092	275.275452	122.839470	204.718933	106.164507	211.497252	0.128210	0.091880	1.622678	1.735093
3547509446.827252	112.096942	223.623692	283.209991	108.047848	215.585978	116.146036	231.661405	0.132086	0.099671	1.627566	1.744868
3547509448.189213	100.988822	252.237228	297.249786	92.595537	255.485730	109.382107	248.988726	0.124311	0.103534	1.617791	1.749756
3547509448.911723	92.992719	265.157593	305.175720	96.836209	273.295626	89.149228	257.019560	0.116442	0.103534	1.608016	1.749756
3547509449.572189	83.137704	277.361926	312.205444	91.485551	280.725476	74.789858	273.998377	0.096343	0.099671	1.583578	1.744868
3547509450.283691	71.389428	287.586511	317.521393	73.358192	296.368537	69.420665	278.804486	0.112471	0.107376	1.603128	1.754643
3547509450.961170	61.973520	296.773541	319.577515	68.823004	290.935342	55.124036	302.611740	0.112471	0.095787	1.603128	1.739980
3547509453.032632	26.043131	321.630328	332.262787	32.151717	315.020852	19.934544	328.239804	0.096343	0.080027	1.583578	1.720430
3547509453.698100	17.697384	326.183979	311.900146	24.648198	331.901162	10.746569	320.466796	0.116442	0.080027	1.608016	1.720430
3547509454.392592	17.570989	327.126711	247.549591	12.223494	334.365792	22.918485	319.887630	0.124311	0.099671	1.617791	1.744868
3547509455.080074	19.912429	328.495472	205.335571	28.059989	332.318725	11.764869	324.672218	0.112471	0.103534	1.603128	1.749756
3547509455.750547	32.530751	333.647482	198.694199	38.820871	340.084437	26.240631	327.210527	0.096343	0.122530	1.583578	1.774194
3547509456.435032	46.627330	339.269522	202.086319	38.937758	334.592934	54.316903	343.946111	0.112471	0.091880	1.603128	1.735093
3547509457.204576	61.377055	346.154484	207.600464	59.103810	337.446307	63.650301	354.862662	0.112471	0.107376	1.603128	1.754643
3547509457.892066	76.946019	355.613283	215.553986	68.506853	358.740658	85.385186	352.485908	0.096343	0.095787	1.583578	1.739980
3547509459.272033	104.462631	380.567489	229.109192	102.436502	389.336457	106.488761	371.798521	0.112471	0.067971	1.603128	1.705767
3547509459.911487	115.049352	395.024249	238.158508	120.149936	387.609127	109.948768	402.439372	0.100412	0.072012	1.588465	1.710655
3547509460.578954	122.667054	410.041334	247.220787	115.268446	415.165844	130.065661	404.916823	0.108476	0.107376	1.598240	1.754643
3547509461.234416	128.482564	427.027577	256.612213	136.047937	422.152627	120.917191	431.902526	0.096343	0.084000	1.583578	1.725318
3547509461.930908	131.218437	441.948759	263.953140	130.684535	432.964609	131.752340	450.932909	0.104456	0.072012	1.593353	1.710655
3547509462.629401	131.584509	459.040325	274.430267	139.652615	463.028516	123.516404	455.052133	0.083983	0.072012	1.568915	1.710655
3547509464.087431	124.805258	491.332754	287.784714	133.322592	488.425002	116.287924	494.240505	0.096343	0.080027	1.583578	1.720430
3547509464.778919	118.455651	506.483419	297.012512	109.533953	507.668029	127.377349	505.298808	0.088128	0.076031	1.573803	1.715543
3547509465.458398	110.204858	519.954565	304.583466	108.850822	528.852126	111.558893	511.057004	0.096343	0.067971	1.583578	1.705767