Time	X	Y	Theta	LS_X	LS_Y	RS_X	RS_Y	RsRoL	RsRoR	VL	VR
3547658655.436469	37.064331	549.923991	182.708450	32.780524	542.008879	41.348139	557.839103	-0.033147	-0.013255	1.480938	1.666667
3547658656.124953	38.827931	548.652608	177.649963	29.928962	549.997359	47.726900	547.307856	0.004613	-0.017725	1.520039	1.661779
3547658656.853467	38.818198	548.654873	177.680771	29.964874	550.273098	47.671522	547.036648	-0.028318	-0.004392	1.485826	1.676442
3547658657.519936	38.825307	548.652116	177.670944	29.956508	550.183265	47.694105	547.120966	-0.023521	-0.004392	1.490714	1.676442
3547658658.169395	38.830085	548.651326	177.784973	30.193100	551.181641	47.467070	546.121011	-0.018755	-0.017725	1.495601	1.661779
3547658658.832863	38.820388	548.651150	177.718842	30.035071	550.605173	47.605705	546.697127	-0.023521	-0.008811	1.490714	1.671554
3547658659.517346	38.822122	548.653153	177.720764	30.040578	550.624064	47.603666	546.682243	-0.033147	-0.022222	1.480938	1.656891
3547658660.173809	38.833004	548.655225	177.750610	30.114187	550.887314	47.551822	546.423136	-0.028318	-0.022222	1.485826	1.656891
3547658660.869300	38.823185	548.659070	177.737595	30.076054	550.777491	47.570315	546.540649	-0.033147	-0.013255	1.480938	1.666667
3547658661.500745	38.833639	548.652712	177.662125	29.951682	550.105584	47.715597	547.199840	-0.047826	-0.022222	1.466276	1.656891
3547658662.186228	38.832124	548.655437	177.671387	29.964005	550.190511	47.700244	547.120363	-0.028318	0.008709	1.485826	1.691105
3547658662.875716	38.829496	548.654187	177.718735	30.043971	550.607272	47.615022	546.701103	-0.033147	-0.022222	1.480938	1.656891
3547658663.534183	38.828089	548.652414	177.756927	30.123546	550.939536	47.532632	546.365292	-0.038007	0.004367	1.476051	1.686217
3547658664.185641	38.827098	548.656155	177.724442	30.052861	550.659345	47.601335	546.652965	0.000000	-0.022222	1.515152	1.656891
3547658664.840100	38.826947	548.658930	177.705338	30.016045	550.494141	47.637850	546.823719	-0.033147	-0.026745	1.480938	1.652004
3547658665.522583	38.827852	548.653803	177.645966	29.923578	549.962968	47.732126	547.344639	-0.038007	-0.040477	1.476051	1.637341
3547658666.170039	38.818966	548.653222	177.627167	29.891657	549.794775	47.746276	547.511669	-0.038007	-0.026745	1.476051	1.652004
3547658666.834508	38.820449	548.654679	177.662735	29.939380	550.112972	47.701518	547.196387	-0.038007	-0.031295	1.476051	1.647116
3547658667.465953	38.831159	548.654047	177.651779	29.934646	550.014955	47.727671	547.293140	-0.052785	-0.026745	1.461388	1.652004
3547658668.138428	38.826089	548.653803	177.682922	29.976267	550.291072	47.675911	547.016534	-0.038007	-0.026745	1.476051	1.652004
3547658668.814907	38.833808	548.650184	177.758560	30.133011	550.951515	47.534606	546.348853	-0.047826	-0.049768	1.466276	1.627566
3547658669.480374	38.825666	548.651398	177.740646	30.085041	550.796503	47.566290	546.506292	-0.047826	-0.035872	1.466276	1.642229
3547658670.151853	38.822923	548.652855	177.782089	30.178677	551.158252	47.467169	546.147459	-0.042900	-0.031295	1.471163	1.647116
3547658670.800306	38.829830	548.653836	177.733505	30.074110	550.736469	47.585551	546.571202	-0.038007	-0.049768	1.476051	1.627566
3547658671.441759	38.825045	548.648641	177.711700	30.025998	550.539877	47.624091	546.757404	-0.038007	-0.008811	1.476051	1.671554
3547658672.094219	38.811901	548.654295	177.758514	30.110998	550.955228	47.512804	546.353363	-0.033147	-0.054456	1.480938	1.622678
3547658672.764692	38.826840	548.652062	177.768066	30.148312	551.035999	47.505367	546.268125	-0.014021	-0.035872	1.500489	1.642229
3547658673.421154	38.823113	548.650730	177.769699	30.148489	551.048834	47.497737	546.252627	-0.028318	-0.031295	1.485826	1.647116
3547658674.083621	38.821648	548.653013	177.760880	30.126212	550.974518	47.517085	546.331509	-0.004643	-0.000000	1.510264	1.681329
3547658674.763104	39.091801	548.642616	182.450546	36.968458	539.896679	41.215144	557.388553	-0.038007	-0.026745	1.476051	1.652004
3547658675.439578	47.515969	550.269413	198.536514	52.717245	557.614256	42.314693	542.924569	-0.033147	-0.013255	1.480938	1.666667
3547658676.060017	60.680274	556.503308	211.522095	68.420813	561.095046	52.939736	551.911569	-0.047826	-0.026745	1.466276	1.652004
3547658676.723485	72.806829	565.422535	222.379745	67.194475	572.458264	78.419184	558.386807	-0.014021	-0.026745	1.500489	1.652004
3547658677.411972	83.112954	577.293278	235.754684	84.326366	586.211104	81.899541	568.375451	-0.023521	-0.022222	1.490714	1.656891
3547658679.400373	96.276756	580.015209	153.213852	90.314009	586.756548	102.239504	573.273871	-0.009317	-0.013255	1.505376	1.666667
3547658680.076852	111.119888	573.031585	159.367432	104.335879	578.945740	117.903897	567.117431	-0.042900	-0.040477	1.471163	1.637341
3547658680.764336	128.708047	568.468407	171.839035	121.394849	573.714085	136.021245	563.222730	-0.052785	-0.073494	1.461388	1.603128
3547658681.442815	149.540670	568.714085	190.884636	143.389372	575.283829	155.691967	562.144340	0.040480	-0.000000	1.559140	1.681329
3547658682.117289	168.594776	576.443823	211.998871	177.579311	576.971220	159.610242	575.916426	-0.047826	-0.054456	1.466276	1.622678
3547658684.149726	183.840851	581.713009	113.962708	176.988823	575.877796	190.692880	587.548221	-0.062802	-0.049768	1.451613	1.627566
3547658684.811191	190.749315	569.651089	125.205994	194.726390	561.577498	186.772240	577.724680	-0.057776	-0.054456	1.456500	1.622678
3547658685.474658	201.966125	557.272053	138.986908	195.786535	550.728914	208.145715	563.815191	-0.057776	-0.059173	1.456500	1.617791
3547658686.145133	217.740729	547.860219	159.874054	214.678575	556.323269	220.802883	539.397170	-0.052785	-0.045109	1.461388	1.632454
3547658686.854631	236.582422	545.580845	186.927185	245.582396	545.559045	227.582448	545.602644	-0.047826	-0.040477	1.466276	1.637341
3547658687.523105	250.579972	549.933958	207.097412	252.786572	541.208654	248.373373	558.659261	-0.038007	-0.059173	1.476051	1.617791
3547658688.199582	262.908369	560.861777	233.700760	254.447531	557.793519	271.369208	563.930036	-0.042900	-0.035872	1.471163	1.642229
3547658705.705932	283.762122	582.241763	9.661642	285.874021	590.990470	281.650223	573.493055	-0.033147	-0.026745	1.480938	1.652004
3547658706.377409	274.580859	579.037121	28.395239	275.666355	587.971420	273.495364	570.102822	-0.038007	-0.035872	1.476051	1.642229
3547658714.688274	257.310329	541.941857	84.168320	251.830166	549.081032	262.790492	534.802683	-0.052785	-0.040477	1.461388	1.637341
3547658715.346733	257.140652	526.434185	94.485428	255.021894	517.687136	259.259411	535.181234	-0.052785	-0.040477	1.461388	1.637341
3547658716.024211	260.200966	511.576664	107.540558	254.223270	504.848577	266.178662	518.304751	-0.042900	-0.049768	1.471163	1.627566
3547658716.703691	266.925147	496.629245	120.330894	259.602452	491.396832	274.247842	501.861657	-0.042900	-0.083188	1.471163	1.593353
3547658717.388173	276.671951	483.573543	134.687790	273.161432	491.860657	280.182470	475.286429	-0.057776	-0.049768	1.456500	1.627566
3547658724.811410	271.961793	484.220556	338.774353	276.415376	476.399712	267.508211	492.041401	-0.057776	-0.035872	1.456500	1.642229
3547658725.474878	258.608219	487.656029	352.635376	252.297935	481.238840	264.918503	494.073219	-0.047826	-0.059173	1.466276	1.617791
3547658738.431021	228.365614	492.821352	344.857056	234.287455	486.044052	222.443773	499.598652	-0.072955	-0.049768	1.441838	1.627566
3547658739.085481	213.829417	495.051699	355.007050	213.893134	504.051473	213.765700	486.051924	-0.062802	-0.059173	1.451613	1.617791
3547658739.750949	200.583642	494.438067	8.101875	191.858760	496.646330	209.308525	492.229804	-0.028318	-0.059173	1.485826	1.617791
3547658740.439439	186.361352	490.983135	18.900621	185.901962	481.994867	186.820742	499.971403	-0.067861	-0.054456	1.446725	1.622678
3547658741.095899	173.295655	484.728155	31.635183	171.338117	475.943620	175.253194	493.512689	-0.093680	-0.063918	1.422287	1.612903
3547658742.582948	151.348032	462.189895	60.027191	154.323360	470.683859	148.372704	453.695931	-0.052785	-0.059173	1.461388	1.617791
3547658743.215394	144.606564	443.982441	77.352551	136.260420	447.350212	152.952708	440.614670	-0.109601	-0.068691	1.407625	1.608016
3547658743.919892	143.267559	427.908140	91.601437	147.544821	435.826791	138.990297	419.989490	-0.067861	-0.063918	1.446725	1.612903
3547658744.663416	146.284542	411.313029	107.665588	139.514483	405.382911	153.054601	417.243147	-0.072955	-0.063918	1.441838	1.612903
3547658745.314876	154.290813	394.898542	124.113682	163.288872	394.711607	145.292755	395.085476	-0.062802	-0.078326	1.451613	1.598240
3547658746.006365	166.063692	382.198881	140.305588	158.185880	386.550901	173.941504	377.846862	-0.062802	-0.059173	1.451613	1.617791
3547658746.698851	180.897108	373.640522	157.564560	176.701812	365.678142	185.092404	381.602902	-0.057776	-0.054456	1.456500	1.622678
3547658748.088832	215.852321	371.739692	194.500916	218.320738	363.084814	213.383904	380.394570	-0.052785	-0.083188	1.461388	1.593353
3547658748.870387	232.445364	379.146111	213.466492	233.895297	370.263673	230.995432	388.028548	-0.078083	-0.063918	1.436950	1.612903
3547658749.547861	244.550493	390.972294	233.266052	238.168752	384.626163	250.932234	397.318426	-0.078083	-0.059173	1.436950	1.617791
3547658762.644101	275.949857	451.403486	180.876877	284.701859	449.305280	267.197856	453.501692	-0.062802	-0.059173	1.451613	1.617791
3547658763.331585	287.693347	451.478249	170.281784	282.349093	444.236774	293.037600	458.719724	-0.062802	-0.049768	1.451613	1.627566
3547658764.101129	290.252183	449.728452	119.943123	285.451682	442.115621	295.052684	457.341283	-0.057776	-0.063918	1.456500	1.612903
3547658764.814633	290.524829	447.189282	78.082588	286.551665	455.264799	294.497993	439.113766	-0.072955	-0.054456	1.441838	1.622678
3547658765.562160	289.722506	445.950444	33.051449	280.741352	446.532571	298.703660	445.368317	-0.067861	-0.073494	1.446725	1.603128
3547658766.276663	287.042484	445.962608	354.924561	286.364444	454.937030	287.720525	436.988185	-0.062802	-0.054456	1.451613	1.622678
3547658766.986167	275.531145	447.389300	350.755096	283.565362	443.333272	267.496929	451.445329	-0.062802	-0.054456	1.451613	1.622678
3547658768.272078	248.406645	451.824446	350.435303	257.308626	450.499779	239.504665	453.149112	-0.062802	-0.035872	1.451613	1.642229
3547658768.916526	234.916801	454.107446	349.478363	241.127384	460.621175	228.706218	447.593718	-0.062802	-0.054456	1.451613	1.622678
3547658769.613019	221.368601	456.359385	350.814514	229.147782	451.833420	213.589421	460.885350	-0.062802	-0.068691	1.451613	1.608016
3547658770.281489	207.575987	458.459328	352.219696	204.394413	450.040445	210.757562	466.878211	-0.067861	-0.059173	1.446725	1.617791
3547658770.958968	192.272728	460.725871	350.407318	201.208288	459.650809	183.337167	461.800933	-0.072955	-0.073494	1.441838	1.603128
3547658771.637448	179.492273	462.729467	349.928833	187.919308	465.889386	171.065238	459.569549	-0.057776	-0.063918	1.456500	1.612903
3547658772.327935	164.523362	465.521172	348.650146	163.924064	474.501197	165.122661	456.541148	-0.072955	-0.045109	1.441838	1.632454
3547658773.045439	149.332524	468.469464	346.939148	140.524361	466.621147	158.140686	470.317781	-0.062802	-0.063918	1.451613	1.612903
3547658773.722918	135.801464	471.554192	347.677567	128.043391	476.116242	143.559537	466.992141	-0.067861	-0.093002	1.446725	1.583578
3547658776.462861	80.579457	485.025561	340.520142	72.102682	482.001607	89.056231	488.049514	-0.072955	-0.049768	1.441838	1.627566
3547658777.184360	67.666961	489.226768	343.482147	75.467260	493.716238	59.866663	484.737298	-0.088446	-0.078326	1.427175	1.598240
3547658777.925886	54.660302	492.951612	344.982178	59.690070	485.488272	49.630534	500.414951	-0.057776	-0.088080	1.456500	1.588465
3547658778.625377	40.090109	496.138140	348.902618	41.753004	504.983182	38.427214	487.293097	-0.057776	-0.063918	1.456500	1.612903
3547658779.254819	25.843077	498.588021	349.955353	34.350939	501.523371	17.335215	495.652670	-0.062802	-0.068691	1.451613	1.608016
3547658779.943305	15.887454	499.980369	9.427413	15.911169	508.980338	15.863739	490.980400	-0.083247	-0.063918	1.432063	1.612903
3547658780.636795	15.162465	499.629591	60.003567	17.936316	508.191469	12.388614	491.067713	-0.078083	-0.059173	1.436950	1.617791
3547658781.298263	15.114717	499.223811	86.342354	24.102810	499.686604	6.126623	498.761018	-0.078083	-0.078326	1.436950	1.598240
3547658781.980742	14.892741	498.810075	56.237629	17.647171	490.241930	12.138311	507.378220	-0.062802	-0.107951	1.451613	1.568915
3547658782.659222	13.086490	497.766063	12.187402	16.416154	489.404644	9.756826	506.127483	-0.072955	-0.078326	1.441838	1.598240
3547658785.341114	14.909901	496.317413	345.388397	16.581293	487.473972	13.238508	505.160854	-0.067861	-0.063918	1.446725	1.612903
3547658786.032601	16.399717	495.673265	322.595642	8.883388	500.623497	23.916046	490.723033	-0.083247	-0.063918	1.432063	1.612903
3547658786.747108	17.465741	493.858471	282.520538	19.454397	485.080928	15.477086	502.636013	-0.072955	-0.063918	1.441838	1.612903
3547658787.459608	17.524476	493.957287	321.309204	10.664393	488.131546	24.384559	499.783029	-0.057776	-0.068691	1.456500	1.608016
3547658789.547082	17.619739	493.775264	349.117615	21.131385	502.061900	14.108093	485.488627	-0.083247	-0.059173	1.432063	1.617791
3547658790.273593	16.745920	494.068017	305.557953	23.347471	500.185167	10.144369	487.950867	-0.062802	-0.059173	1.451613	1.617791
3547658790.935060	17.005885	492.893608	256.440033	25.294621	489.386923	8.717148	496.400294	-0.042900	-0.078326	1.471163	1.598240
3547658791.635555	17.353270	493.243755	213.576065	17.823175	484.256030	16.883365	502.231479	-0.057776	-0.040477	1.456500	1.637341
3547658792.304029	18.572612	493.260054	162.877090	22.774279	485.301034	14.370946	501.219074	-0.057776	-0.054456	1.456500	1.622678
3547658792.949483	28.679257	489.096479	155.490143	37.677685	489.264711	19.680830	488.928247	-0.072955	-0.059173	1.441838	1.617791
3547658793.605945	41.601204	482.678288	153.005493	34.372944	488.040402	48.829463	477.316174	-0.067861	-0.049768	1.446725	1.627566
3547658794.986920	69.211010	463.511272	135.306580	71.158346	472.298073	67.263675	454.724470	-0.072955	-0.068691	1.441838	1.608016
3547658795.690416	79.713088	452.485073	130.341904	88.707828	452.792736	70.718349	452.177410	-0.062802	-0.054456	1.451613	1.622678
3547658796.361888	90.688040	438.964626	128.180542	85.423940	446.264574	95.952140	431.664677	-0.078083	-0.054456	1.436950	1.622678
3547658797.691827	108.713771	414.052554	124.979507	114.402242	407.078222	103.025301	421.026886	-0.062802	-0.054456	1.451613	1.622678
3547658798.408333	117.469858	401.638581	123.314354	123.877214	407.958850	111.062502	395.318313	-0.072955	-0.045109	1.441838	1.632454
3547658799.061798	126.284080	389.095526	124.283875	135.120474	387.387270	117.447686	390.803781	-0.057776	-0.045109	1.456500	1.632454
3547658799.735271	135.020277	376.555019	125.200439	139.042132	368.503642	130.998421	384.606397	-0.062802	-0.073494	1.451613	1.603128
3547658801.088223	152.449947	351.521735	125.693172	152.184788	342.525642	152.715105	360.517828	-0.072955	-0.063918	1.441838	1.612903
3547658801.777710	162.132469	339.243587	127.466492	153.373570	341.312812	170.891367	337.174362	-0.057776	-0.045109	1.456500	1.632454
3547658802.526238	172.647493	326.515858	128.804459	172.639931	335.515855	172.655054	317.515861	-0.067861	-0.078326	1.446725	1.598240
3547658803.188706	183.802867	313.215640	128.925980	184.886360	322.150182	182.719374	304.281098	-0.052785	-0.049768	1.461388	1.627566
3547658803.830157	193.431676	300.493430	128.607224	191.660633	309.317455	195.202720	291.669406	-0.067861	-0.059173	1.446725	1.617791
3547658804.505636	202.685294	288.211179	126.442513	196.363421	281.805407	209.007168	294.616952	-0.067861	-0.054456	1.446725	1.622678
3547658805.165101	211.905900	276.101623	124.753345	219.013426	270.580474	204.798375	281.622772	-0.057776	-0.049768	1.456500	1.627566
3547658805.794545	221.054480	263.464569	124.844612	227.629227	257.318619	214.479732	269.610519	-0.078083	-0.059173	1.436950	1.617791
3547658806.472021	229.793168	251.215856	126.059944	226.319613	242.913181	233.266723	259.518531	-0.062802	-0.017725	1.451613	1.661779
3547658807.143496	238.274704	239.197725	125.280540	241.639430	230.850353	234.909978	247.545097	-0.018755	0.120852	1.495601	1.827957
3547658808.518465	254.451010	214.896894	122.720970	256.228948	223.719532	252.673072	206.074256	0.107073	0.459597	1.637341	2.419355
3547658809.221960	261.955513	202.596774	120.253929	255.056812	196.816814	268.854213	208.376734	0.160334	0.560861	1.705767	2.678397
3547658809.870419	266.878636	191.310228	106.124634	272.604114	184.366244	261.153159	198.254211	0.188893	0.586059	1.744868	2.751711
3547658811.847818	259.018986	163.222772	34.771542	260.930516	172.017433	257.107456	154.428112	0.216200	0.577811	1.783969	2.727273
3547658812.494273	250.516174	159.674337	6.156726	251.651274	150.746205	249.381075	168.602470	0.254988	0.569413	1.842620	2.702835
3547658813.157738	241.707233	161.078914	335.383118	235.459508	167.557026	247.954958	154.600802	0.276495	0.555655	1.876833	2.663734
3547658814.013343	234.415579	166.756660	312.310944	243.071206	169.222450	225.759952	164.290871	0.294314	0.532417	1.906158	2.600196
3547658815.353286	228.337567	185.709599	255.842865	237.163603	187.470591	219.511531	183.948607	0.331104	0.508015	1.969697	2.536657
3547658816.060785	232.388575	194.920099	238.145874	237.582434	187.570008	227.194716	202.270189	0.333836	0.502209	1.974585	2.521994
3547658816.704240	238.337188	202.229883	221.033844	230.227059	198.327856	246.447316	206.131910	0.331104	0.496335	1.969697	2.507331
3547658817.376722	246.911017	207.504679	203.258987	239.618997	212.779755	254.203038	202.229602	0.397993	0.486392	2.096774	2.482893
3547658818.049192	257.317736	210.525970	189.528763	249.587241	205.917342	265.048230	215.134598	0.496423	0.500259	2.316716	2.517107
3547658819.414154	276.557464	208.482551	162.217468	284.755155	204.768003	268.359774	212.197100	0.576129	0.528741	2.531769	2.590420
3547658820.138663	282.650639	206.228201	165.291763	274.221713	209.383072	291.079564	203.073329	0.590793	0.530583	2.575758	2.595308
3547658820.843159	283.099867	206.329129	213.765427	281.869596	197.413612	284.330139	215.244645	0.608049	0.528741	2.629521	2.590420
3547658821.463601	283.580486	207.069344	254.570557	284.492881	216.022976	282.668091	198.115711	0.617168	0.530583	2.658847	2.595308
3547658822.148080	283.586093	207.394157	288.946777	284.303054	198.422760	282.869133	216.365555	0.626087	0.534245	2.688172	2.605083
3547658822.793540	283.741508	207.050732	310.106750	276.630883	212.567889	290.852133	201.533576	0.636250	0.525037	2.722385	2.580645
3547658823.474015	282.772986	208.308900	304.500793	280.688832	217.064259	284.857139	199.553542	0.629017	0.521305	2.697947	2.570870
3547658824.151494	280.568854	211.633306	303.531525	272.170877	214.869659	288.966831	208.396953	0.627555	0.500259	2.693060	2.517107
3547658824.853990	276.656631	216.767423	309.437164	267.657056	216.680016	285.656207	216.854830	0.633373	0.513754	2.712610	2.551320
3547658825.579501	271.778840	222.517778	307.202454	277.393259	215.483697	266.164420	229.551859	0.636250	0.509935	2.722385	2.541544
3547658879.380458	261.166051	250.371237	272.014038	252.483227	252.739481	269.848874	248.002994	0.070419	-0.017725	1.593353	1.661779
3547658880.027914	261.172366	250.379969	272.020508	252.505046	252.804338	269.839686	247.955600	0.070419	-0.017725	1.593353	1.661779
3547658880.889523	261.094271	250.808927	272.202332	253.008210	254.760587	269.180332	246.857267	0.074591	-0.017725	1.598240	1.661779
3547658881.549989	260.764037	255.498432	275.824951	266.104100	248.253867	255.423973	262.742997	0.066221	-0.017725	1.588465	1.661779
3547658882.182436	258.227583	272.307244	280.181839	263.160497	279.834950	253.294669	264.779538	0.074591	-0.035872	1.598240	1.642229
3547658882.823887	255.568969	285.262898	283.389221	250.151839	278.075777	260.986099	292.450019	0.057747	-0.004392	1.578690	1.676442
3547658883.509370	252.405853	297.954921	283.790146	244.613382	293.451878	260.198324	302.457965	0.074591	-0.013255	1.598240	1.666667
3547658884.233881	248.695686	311.162729	286.045898	250.138141	320.046384	247.253231	302.279074	0.078738	-0.022222	1.603128	1.656891
3547658884.902353	243.851468	325.014834	291.104340	235.983706	329.384996	251.719231	320.644672	0.074591	-0.017725	1.598240	1.661779
3547658885.562826	238.694615	337.600074	295.171875	239.931201	328.685432	237.458029	346.514717	0.086957	-0.008811	1.612903	1.671554
3547658886.276322	233.198576	348.867664	296.891693	224.199140	348.968348	242.198013	348.766980	0.078738	-0.022222	1.603128	1.656891
3547658886.953804	226.472409	360.777428	301.855957	224.132061	352.087044	228.812758	369.467812	0.070419	-0.008811	1.593353	1.671554
3547658887.629282	218.740129	374.720989	298.872681	222.421298	382.933722	215.058960	366.508255	0.053470	-0.026745	1.573803	1.652004
3547658888.319767	212.141056	388.354542	294.366272	219.427282	383.071465	204.854829	393.637619	0.053470	-0.022222	1.573803	1.656891
3547658889.025270	206.698152	401.167718	290.594971	197.698177	401.146570	215.698127	401.188866	0.061997	-0.022222	1.583578	1.656891
3547658889.723756	201.153165	416.537612	287.782318	209.677440	413.650273	192.628889	419.424951	0.036095	-0.017725	1.554252	1.661779
3547658890.387223	197.362297	430.889825	283.025360	194.857618	422.245371	199.866976	439.534279	0.022774	-0.022222	1.539589	1.656891
3547658891.090718	194.629737	446.376889	277.714966	186.075318	443.580122	203.184156	449.173657	0.044837	-0.017725	1.564027	1.661779
3547658891.804223	193.112140	461.577828	272.817505	188.788973	469.471510	197.435308	453.684146	0.040480	-0.031295	1.559140	1.647116
3547658893.327297	194.914419	493.981895	261.765320	202.550849	498.744766	187.277989	489.219024	0.027243	-0.045109	1.544477	1.632454
3547658894.039800	198.349095	510.426432	254.543594	199.019778	519.401408	197.678413	501.451457	0.040480	-0.017725	1.559140	1.661779
3547658894.670246	203.313143	525.087971	246.360580	194.602910	522.822615	212.023376	527.353327	0.031683	-0.045109	1.549365	1.632454
3547658895.289682	210.310156	539.434199	240.716629	201.968264	542.812488	218.652048	536.055910	0.013752	-0.022222	1.529814	1.656891
3547658895.972162	218.409291	551.427870	233.417831	211.141401	546.119596	225.677182	556.736143	0.031683	-0.040477	1.549365	1.637341
3547658896.624627	228.329367	562.204566	222.673218	224.992248	570.563013	231.666486	553.846119	0.004613	-0.022222	1.520039	1.656891
3547658897.286090	240.437163	571.948566	213.747131	239.370200	563.012035	241.504126	580.885097	0.013752	-0.040477	1.529814	1.637341
3547658897.956563	253.095285	579.288118	208.691223	244.321513	577.282895	261.869057	581.293340	-0.004643	-0.035872	1.510264	1.642229
3547658901.990408	255.423986	580.267863	21.474586	250.978942	588.093563	259.869029	572.442162	-0.009317	-0.031295	1.505376	1.647116
3547658902.638866	243.948167	575.941652	21.877281	242.925574	584.883369	244.970760	566.999935	-0.023521	-0.045109	1.490714	1.632454
3547658903.279319	230.933713	571.003994	17.984718	237.782623	565.165120	224.084804	576.842867	-0.023521	-0.040477	1.490714	1.637341
3547658903.940786	217.388486	566.709583	14.294154	208.499161	568.116672	226.277812	565.302494	-0.014021	-0.045109	1.500489	1.632454
3547658904.674304	203.251169	563.554951	9.981437	208.006340	571.196177	198.495998	555.913724	-0.018755	-0.045109	1.495601	1.632454
3547658905.340775	190.034777	561.804186	3.807050	195.591547	568.883896	184.478006	554.724475	-0.033147	-0.035872	1.480938	1.642229
3547658906.006243	173.878289	561.381374	356.376343	182.708722	563.120182	165.047856	559.642566	-0.033147	-0.049768	1.480938	1.627566
3547658906.677717	159.573995	562.123409	352.107574	157.354360	553.401412	161.793630	570.845405	-0.033147	-0.040477	1.480938	1.637341
3547658907.332177	145.146510	564.778420	346.077179	140.815994	556.888766	149.477025	572.668074	-0.014021	-0.054456	1.500489	1.622678
3547658908.021663	131.828694	568.415240	340.170441	124.901032	562.670024	138.756356	574.160455	0.009197	-0.054456	1.524927	1.622678
3547658908.709150	118.568800	573.152357	336.171722	118.760562	582.150314	118.377038	564.154400	-0.018755	-0.073494	1.495601	1.603128
3547658909.404641	106.855414	579.058621	331.136414	115.449145	581.732154	98.261682	576.385087	-0.028318	-0.040477	1.485826	1.637341
3547658911.526136	99.269793	576.606684	74.584557	105.811090	570.425144	92.728496	582.788224	-0.033147	-0.040477	1.480938	1.637341
3547658912.178598	95.539004	562.236008	75.303932	96.386371	553.275987	94.691637	571.196028	-0.033147	-0.059173	1.480938	1.617791
3547658912.870084	91.876953	548.239874	73.238281	99.359692	553.240735	84.394214	543.239012	-0.033147	-0.054456	1.480938	1.622678
3547658914.342247	79.672332	517.302843	62.226887	84.790942	509.900151	74.553723	524.705534	-0.028318	-0.054456	1.485826	1.622678
3547658915.002714	71.092001	503.947028	52.853382	66.359513	511.602324	75.824489	496.291732	-0.038007	-0.026745	1.476051	1.652004
3547658915.655179	56.529190	489.060548	37.829025	55.363255	480.136390	57.695124	497.984706	-0.023521	-0.049768	1.490714	1.627566
3547658918.995533	14.382198	470.700841	116.475967	16.495629	479.449179	12.268767	461.952504	-0.038007	-0.054456	1.476051	1.622678
3547658919.706038	14.957077	470.195447	153.815552	13.857437	479.128017	16.056717	461.262878	-0.033147	-0.045109	1.480938	1.632454
3547658920.359493	16.042102	470.138076	178.124023	8.738374	475.396931	23.345829	464.879220	-0.042900	-0.059173	1.471163	1.617791
3547658921.020961	27.128647	470.338754	183.420975	18.712557	467.149801	35.544737	473.527708	-0.042900	-0.063918	1.471163	1.612903
3547658921.691435	41.649043	471.102758	181.074310	49.819452	467.328580	33.478635	474.876937	-0.057776	-0.059173	1.456500	1.617791
3547658922.376917	59.450254	470.662096	171.174225	50.458409	470.279039	68.442098	471.045153	-0.038007	-0.059173	1.476051	1.617791
3547658923.068404	76.889840	465.707547	156.408035	82.489975	458.662089	71.289704	472.753006	-0.052785	-0.059173	1.461388	1.617791
3547658923.729871	92.470889	456.356857	142.070847	98.263182	463.245205	86.678596	449.468509	-0.047826	-0.049768	1.466276	1.627566
3547658924.407350	105.331785	442.620897	125.265381	108.822663	434.325490	101.840908	450.916304	-0.038007	-0.078326	1.476051	1.598240
3547658925.056807	113.211214	426.744309	107.395599	108.268095	419.223300	118.154334	434.265317	-0.038007	-0.059173	1.476051	1.617791
3547658925.726279	115.797947	409.273509	88.623734	110.286017	402.158832	121.309876	416.388187	-0.018755	-0.068691	1.495601	1.608016
3547658926.379742	113.106746	393.011620	70.989418	104.518304	395.702094	121.695189	390.321146	-0.047826	-0.054456	1.466276	1.622678
3547658927.057219	105.265051	377.633942	55.887356	110.792425	370.531258	99.737676	384.736627	-0.057776	-0.049768	1.456500	1.627566
3547658928.373147	82.734833	357.597578	26.343098	74.313157	354.423405	91.156509	360.771751	-0.038007	-0.054456	1.476051	1.622678
3547658929.124678	67.681850	352.279269	10.538082	75.756317	356.254565	59.607383	348.303973	-0.028318	-0.083188	1.485826	1.593353
3547658929.787146	50.461974	351.509787	356.447357	59.393527	352.617651	41.530421	350.401923	-0.052785	-0.078326	1.461388	1.598240
3547658930.444608	35.099490	354.345795	343.539154	43.142909	358.383543	27.056071	350.308047	-0.047826	-0.040477	1.466276	1.637341
3547658931.229164	20.793616	360.173626	330.676880	27.310036	366.381385	14.277196	353.965867	-0.038007	-0.049768	1.476051	1.627566
3547658937.986930	90.121491	358.406912	157.893204	83.580787	352.224744	96.662194	364.589080	-0.047826	-0.031295	1.466276	1.647116
3547658939.315868	125.963126	343.767726	154.749046	132.487952	349.966650	119.438300	337.568803	-0.052785	-0.063918	1.461388	1.612903
3547658940.041378	143.978262	334.327310	146.434052	135.523887	337.413332	152.432638	331.241288	-0.047826	-0.054456	1.466276	1.622678
3547658940.806920	160.989058	321.084410	134.787094	158.317428	329.678733	163.660689	312.490087	-0.057776	-0.063918	1.456500	1.612903
3547658941.519421	176.183902	304.007539	125.073334	181.193935	296.530938	171.173868	311.484140	-0.057776	-0.063918	1.456500	1.612903
3547658942.178887	187.161079	283.163515	113.585464	182.940311	275.214608	191.381846	291.112422	-0.052785	-0.063918	1.461388	1.612903
3547658942.860367	194.416048	262.296318	102.828926	187.692489	268.279107	201.139606	256.313530	-0.052785	-0.068691	1.461388	1.608016
3547658943.531843	197.575110	243.042813	91.097992	197.501356	252.042510	197.648864	234.043115	0.095076	0.223757	1.622678	1.974585
3547658944.214324	195.516605	222.738073	77.327286	187.088048	225.893929	203.945162	219.582217	0.400404	0.509935	2.101662	2.541544
3547658944.905810	189.210232	203.286023	62.792545	189.563910	194.292975	188.856553	212.279071	0.496423	0.592554	2.316716	2.771261
3547658945.545261	179.619945	190.280203	42.401667	188.619510	190.368710	170.620381	190.191697	0.534413	0.608395	2.414467	2.820137
3547658946.218737	170.794158	183.336664	32.877079	161.848202	182.351845	179.740115	184.321482	0.541645	0.613041	2.434018	2.834800
3547658952.914461	86.157883	183.289395	334.458038	77.224318	182.197875	95.091448	184.380915	0.405193	0.490392	2.111437	2.492669
3547658953.689007	77.469673	188.722691	324.833313	86.008460	191.566829	68.930887	185.878553	0.373249	0.465905	2.047898	2.434018
3547658954.412518	68.899071	194.900037	321.568970	60.772778	191.031788	77.025365	198.768285	0.349947	0.461708	2.003910	2.424242
3547658955.090995	60.184301	203.092898	315.039795	53.244615	197.362212	67.123987	208.823584	0.325599	0.422360	1.959922	2.336266
3547658955.754466	52.416226	211.149317	310.586395	48.653942	219.325209	56.178511	202.973425	0.325599	0.410898	1.959922	2.311828
3547658956.439948	46.119298	219.067168	307.457184	49.780069	210.845322	42.458527	227.289015	0.291383	0.394439	1.901271	2.277615
3547658958.432354	30.655423	246.484102	291.513245	25.173902	253.622234	36.136943	239.345969	0.261214	0.352329	1.852395	2.194526
3547658959.178880	26.737519	256.801880	290.842773	18.007272	258.988841	35.467765	254.614918	0.248696	0.317912	1.832845	2.130987
3547658959.869367	22.667780	267.444443	287.750397	31.279865	264.830635	14.055695	270.058250	0.235908	0.306906	1.813294	2.111437
3547658960.568861	18.945032	279.873925	285.544067	15.936318	288.356121	21.953747	271.391730	0.212852	0.292857	1.779081	2.086999
3547658961.213315	15.060716	290.994627	284.464905	6.162814	292.346418	23.958618	289.642835	0.206101	0.295693	1.769306	2.091887
3547658961.876782	14.652483	296.029075	245.908089	7.809275	290.183520	21.495691	301.874629	0.199275	0.284269	1.759531	2.072336
3547658962.552259	15.379402	296.394142	181.221031	22.910260	291.466040	7.848544	301.322243	0.185393	0.266724	1.739980	2.043011
3547658963.245749	20.078790	293.756715	141.642296	22.484806	302.429148	17.672774	285.084283	0.188893	0.248667	1.744868	2.013685
3547658963.912219	29.814748	284.306380	135.338379	32.040466	293.026826	27.589029	275.585934	0.185393	0.223757	1.739980	1.974585
3547658964.581691	40.137615	274.480911	131.667587	42.618797	265.829684	37.656433	283.132139	0.156672	0.220573	1.700880	1.969697
3547658965.322215	49.610106	263.091700	126.944267	40.986517	260.516101	58.233696	265.667298	0.156672	0.220573	1.700880	1.969697
3547658965.995693	58.060088	250.616693	121.906334	52.861732	257.963604	63.258444	243.269782	0.134249	0.204417	1.671554	1.945259
3547658966.678172	65.469350	238.350752	123.843040	74.189853	240.576248	56.748847	236.125255	0.141810	0.191196	1.681329	1.925709
3547658967.314619	73.166324	226.781742	122.994423	77.260821	234.796422	69.071828	218.767062	0.118858	0.191196	1.652004	1.925709
3547658967.990097	80.985567	213.808845	117.179016	88.254056	219.116298	73.717077	208.501392	0.114953	0.184485	1.647116	1.915934
3547658968.640555	87.207970	199.948764	111.549713	96.205553	199.740217	78.210386	200.157310	0.103098	0.174289	1.632454	1.901271
3547658969.312033	91.556957	186.297633	104.284531	96.727309	193.664278	86.386605	178.930988	0.099099	0.153416	1.627566	1.871945
3547658969.962492	94.650649	171.194003	96.087074	85.973116	173.581558	103.328182	168.806448	0.099099	0.149874	1.627566	1.867058
3547658971.322448	95.020218	140.013351	84.843452	95.204263	149.011469	94.836174	131.015233	0.082860	0.117137	1.608016	1.823069
3547658972.649384	88.174246	109.255518	68.760384	91.299646	100.815620	85.048846	117.695416	0.082860	0.163934	1.608016	1.886608
3547658973.295840	81.806052	94.559973	61.866879	89.204362	89.435033	74.407742	99.684913	0.066221	0.109647	1.588465	1.813294
3547658973.945299	74.003863	81.766228	55.177002	82.826014	79.985874	65.181713	83.546582	0.066221	0.098258	1.588465	1.798631
3547658974.622778	64.456052	70.131524	47.032200	63.631999	79.093719	65.280106	61.169330	0.066221	0.109647	1.588465	1.813294
3547658975.947711	42.269629	51.174029	37.090229	47.417192	43.791442	37.122067	58.556617	0.044837	0.090562	1.564027	1.788856
3547658976.607175	29.899602	42.720867	32.244499	23.266896	36.637512	36.532308	48.804222	0.070419	0.094421	1.593353	1.793744
3547658977.280653	18.243301	36.165438	15.853763	19.550851	45.069949	16.935751	27.260927	0.053470	0.078859	1.573803	1.774194
3547658978.039187	15.830604	36.663535	311.376801	18.993725	45.089368	12.667484	28.237701	0.057747	0.078859	1.578690	1.774194
3547658978.709659	15.752261	38.605329	246.273880	7.270906	35.594247	24.233616	41.616412	0.049167	0.074915	1.568915	1.769306
3547658979.362120	16.791112	39.424946	179.035980	16.477966	48.419496	17.104258	30.430395	0.040480	0.074915	1.559140	1.769306
3547658980.026595	17.785185	38.248814	123.536415	25.427192	43.002732	10.143178	33.494896	0.057747	0.038413	1.578690	1.725318
3547658980.701063	23.451408	28.513280	119.913589	18.877800	20.762015	28.025015	36.264546	0.036095	0.050785	1.554252	1.739980
3547658985.465426	54.669931	18.513112	191.274063	51.473461	26.926350	57.866401	10.099873	0.022774	0.046684	1.539589	1.735093
3547658986.145905	74.254934	21.730915	183.276886	66.383962	17.366536	82.125906	26.095294	0.049167	0.054863	1.568915	1.744868
3547658986.825386	92.694968	21.101048	171.833740	85.354098	26.307930	100.035838	15.894166	0.061997	0.070949	1.583578	1.764418
3547658990.229786	122.418239	25.316960	289.652527	117.145047	18.023576	127.691430	32.610344	0.195834	0.210928	1.754643	1.955034
3547658990.918271	116.416555	39.446490	292.288788	117.499960	48.381043	115.333149	30.511938	0.216200	0.239440	1.783969	1.999022
3547658991.562725	110.688043	52.803748	292.930817	116.905926	59.310509	104.470160	46.296988	0.229410	0.263750	1.803519	2.038123
3547658992.867649	101.797252	79.044920	283.326843	96.838684	71.534087	106.755819	86.555753	0.276495	0.301325	1.876833	2.101662
3547658993.558135	98.439507	92.563586	281.349518	107.298933	90.979110	89.580080	94.148063	0.276495	0.309676	1.876833	2.116325
3547658994.202590	96.377943	105.636650	278.806396	89.950967	111.936966	102.804919	99.336334	0.282496	0.328719	1.886608	2.150538
3547658995.570554	93.288430	132.427034	273.899048	98.224311	139.952795	88.352549	124.901273	0.273470	0.317912	1.871945	2.130987
3547658996.937523	92.705631	159.672154	267.895721	99.528245	165.541732	85.883017	153.802576	0.254988	0.312434	1.842620	2.121212
3547658998.238439	94.559616	187.485691	263.615356	97.033203	178.832289	92.086029	196.139093	0.242336	0.284269	1.823069	2.072336
3547658998.890896	96.495630	199.943292	259.291656	87.550285	200.933646	105.440975	198.952939	0.258109	0.287145	1.847507	2.077224
3547658999.556366	99.230681	213.495132	256.612946	106.792482	208.614643	91.668881	218.375621	0.261214	0.298516	1.852395	2.096774
3547659000.200821	102.510476	226.453295	254.595581	103.646621	235.381294	101.374330	217.525296	0.264302	0.298516	1.857283	2.096774
3547659001.533761	109.380258	251.040022	253.280731	101.030724	254.399379	117.729792	247.680665	0.242336	0.295693	1.823069	2.091887
3547659002.230253	113.290429	263.113413	251.040787	115.834882	254.480583	110.745975	271.746243	0.248696	0.284269	1.832845	2.072336
3547659002.893722	118.056477	276.221187	248.875702	123.784494	283.163076	112.328459	269.279299	0.226134	0.275559	1.798631	2.057674
3547659003.540179	122.491514	288.467075	246.314087	113.895980	285.799343	131.087048	291.134807	0.229410	0.266724	1.803519	2.043011
3547659004.229662	128.280180	300.103519	246.138992	120.280793	295.979223	136.279566	304.227815	0.212852	0.260762	1.779081	2.033236
3547659004.909143	134.212188	310.743191	246.562424	125.224635	310.270013	143.199740	311.216369	0.206101	0.257760	1.769306	2.028348
3547659005.579615	138.838897	324.846769	245.029404	138.972302	315.847758	138.705492	333.845780	0.178335	0.226924	1.730205	1.979472
3547659006.245086	144.935499	337.641907	243.839584	153.338901	334.419667	136.532097	340.864148	0.181874	0.201137	1.735093	1.940371
3547659006.913559	150.980746	349.315026	240.370567	141.987495	349.663503	159.973997	348.966549	0.167596	0.230076	1.715543	1.984360
3547659008.310544	168.509329	373.010698	227.221069	160.810377	368.349569	176.208282	377.671828	0.149284	0.170855	1.691105	1.896383
3547659008.996026	180.404797	383.847161	218.575577	189.157662	381.752561	171.651932	385.941762	0.138040	0.170855	1.676442	1.896383
3547659009.674506	194.224575	393.474341	210.286591	192.435517	402.294730	196.013632	384.653951	0.130435	0.160446	1.666667	1.881720
3547659010.324963	207.101268	400.540422	204.480560	209.562837	409.197250	204.639700	391.883593	0.118858	0.149874	1.652004	1.867058
3547659011.019456	222.723655	406.784603	198.004044	223.476133	415.753091	221.971177	397.816115	0.095076	0.139134	1.622678	1.852395
3547659011.655903	238.528097	410.474177	189.401993	231.442309	404.925159	245.613886	416.023194	0.103098	0.131880	1.632454	1.842620
3547659013.014864	271.753671	410.494296	169.663300	271.598012	401.495642	271.909329	419.492950	0.095076	0.131880	1.622678	1.842620
3547659013.716357	286.064709	406.837092	149.561661	294.561410	403.869588	277.568009	409.804595	0.086957	0.117137	1.612903	1.823069
3547659014.463883	287.851284	403.385420	79.655144	295.933778	407.344371	279.768791	399.426468	0.086957	0.090562	1.612903	1.788856
3547659015.128351	285.627684	401.695666	26.598358	276.677420	400.750795	294.577947	402.640536	0.078738	0.098258	1.603128	1.798631
3547659015.810834	274.189972	396.574115	20.193600	265.420357	394.550785	282.959586	398.597444	0.057747	0.078859	1.578690	1.774194
3547659016.424267	260.752702	391.621677	19.950626	252.727471	387.547900	268.777934	395.695454	0.066221	0.086683	1.588465	1.783969
3547659017.107753	247.193711	387.403940	16.639957	254.419005	392.770049	239.968416	382.037832	0.049167	0.086683	1.568915	1.783969
3547659018.388651	214.874211	382.990350	358.474091	211.936309	374.483369	217.812114	391.497332	0.036095	0.062951	1.554252	1.754643
3547659019.074136	199.263120	384.387258	351.830658	199.512561	375.390716	199.013678	393.383801	0.044837	0.102075	1.564027	1.803519
3547659019.740606	183.177711	388.024113	343.658600	191.644965	391.074622	174.710456	384.973605	0.049167	0.066961	1.568915	1.759531
3547659020.472123	167.570891	393.963213	334.225800	159.128381	390.844876	176.013401	397.081550	0.040480	0.062951	1.559140	1.754643
3547659021.154603	151.534989	403.667452	322.363617	143.081777	406.756660	159.988201	400.578245	0.044837	0.046684	1.564027	1.735093
3547659021.880116	137.864779	415.831216	312.983459	146.171782	412.368022	129.557777	419.294411	0.013752	0.046684	1.529814	1.735093
3547659022.545584	127.482331	428.885985	303.497009	118.977674	431.830608	135.986988	425.941361	0.009197	0.050785	1.524927	1.739980
3547659023.231069	119.719785	444.129855	292.856567	125.437858	451.079937	114.001712	437.179773	0.009197	0.038413	1.524927	1.725318
3547659023.894537	115.227829	462.331284	278.728607	108.330685	468.113102	122.124972	456.549467	0.022774	0.034242	1.539589	1.720430
3547659025.222478	116.195563	495.338693	259.538177	107.762337	498.482052	124.628788	492.195333	0.018277	0.050785	1.534702	1.739980
3547659025.897950	120.308638	511.988433	250.922745	123.852056	503.715333	116.765219	520.261533	0.018277	0.017318	1.534702	1.700880
3547659026.599444	126.591118	527.603614	243.411270	135.573736	528.162698	117.608500	527.044529	0.009197	0.030047	1.524927	1.715543
3547659027.291934	137.993359	543.237810	229.608772	140.415694	551.905699	135.571025	534.569922	0.013752	0.021585	1.529814	1.705767
3547659027.954402	152.680065	556.096788	213.530876	153.555497	547.139466	151.804633	565.054110	0.004613	-0.000000	1.520039	1.681329
3547659028.610865	170.783527	564.805177	196.725830	162.413215	568.112424	179.153839	561.497930	0.004613	0.008709	1.520039	1.691105
3547659029.270334	190.191741	567.549597	180.332245	198.764573	570.289405	181.618909	564.809789	0.000000	0.013026	1.515152	1.695992
3547659030.590262	230.534575	555.374423	146.331955	221.809699	557.582712	239.259451	553.166135	-0.004643	-0.000000	1.510264	1.681329
3547659031.248725	245.368788	542.480655	131.925491	245.561375	533.482715	245.176202	551.478594	0.004613	-0.000000	1.520039	1.681329
3547659031.909190	257.114806	526.176336	116.378670	258.368391	535.088604	255.861221	517.264068	0.018277	0.013026	1.534702	1.695992
3547659032.608684	263.788046	506.768905	100.487747	264.176885	497.777309	263.399208	515.760501	0.009197	0.004367	1.524927	1.686217
3547659033.311181	265.363890	487.687989	87.439163	269.878164	479.902019	260.849616	495.473959	0.000000	-0.013255	1.515152	1.666667
3547659033.977649	262.408978	467.917408	74.516243	269.356972	462.196799	255.460984	473.638018	0.004613	0.013026	1.520039	1.695992
3547659034.636115	255.794323	451.037644	62.716465	256.830513	442.097492	254.758133	459.977795	0.000000	-0.000000	1.515152	1.681329
3547659035.306589	245.236252	435.987422	48.494370	254.056285	437.778239	236.416220	434.196605	0.022774	-0.004392	1.539589	1.676442
3547659037.309000	197.571922	409.497237	9.528127	198.500406	418.449215	196.643438	400.545259	0.004613	-0.008811	1.520039	1.671554
3547659037.970467	180.844246	408.244383	357.684113	184.819201	400.169748	176.869291	416.319018	-0.028318	0.004367	1.485826	1.686217
3547659038.667959	160.039602	411.738441	342.682205	162.254080	420.461748	157.825125	403.015133	-0.023521	-0.013255	1.490714	1.666667
3547659040.100970	126.409001	431.412445	316.826248	122.296078	439.417685	130.521924	423.407205	-0.009317	-0.000000	1.505376	1.681329
3547659040.768440	114.714586	445.787319	303.345367	105.862707	447.413427	123.566466	444.161212	-0.014021	-0.008811	1.500489	1.671554
3547659041.420901	106.732722	461.313589	291.512573	101.246410	468.448039	112.219034	454.179138	-0.009317	-0.000000	1.505376	1.681329
3547659042.715814	100.161235	493.445453	271.171448	92.614956	488.540998	107.707515	498.349907	-0.004643	-0.022222	1.510264	1.656891
3547659043.388288	100.568545	509.076829	265.642761	91.711037	510.671995	109.426053	507.481663	-0.009317	-0.008811	1.505376	1.671554
3547659044.054759	102.714191	525.551618	259.951080	96.251031	531.814808	109.177352	519.288427	-0.014021	-0.004392	1.500489	1.676442
3547659044.814297	106.786151	541.733277	251.855911	102.248012	533.961192	111.324290	549.505361	-0.004643	-0.017725	1.510264	1.661779
3547659045.516791	113.321534	558.225781	243.735565	122.014086	555.893497	104.628983	560.558066	-0.023521	-0.017725	1.490714	1.661779
3547659046.204277	122.840701	575.198921	234.229332	113.987205	576.816201	131.694198	573.581640	-0.018755	-0.008811	1.495601	1.671554
3547659052.963046	118.799083	574.908497	41.371300	123.353505	582.671051	114.244662	567.145943	-0.023521	-0.035872	1.490714	1.642229
3547659053.639521	107.740149	565.160181	39.971199	100.864060	570.967021	114.616239	559.353340	-0.004643	-0.017725	1.510264	1.661779
3547659054.321005	95.141733	554.559697	36.883255	101.696550	548.392495	88.586916	560.726898	-0.014021	-0.040477	1.500489	1.637341
3547659054.975464	80.740233	544.050851	32.425621	73.120209	539.261777	88.360257	548.839926	0.013752	-0.031295	1.529814	1.647116
3547659057.026912	33.712085	523.415529	12.539142	33.957115	514.418865	33.467055	532.412192	-0.033147	-0.004392	1.480938	1.676442
3547659057.722403	16.105181	520.668996	3.839330	21.887551	527.565675	10.322810	513.772316	-0.009317	-0.022222	1.505376	1.656891
3547659059.727816	20.598706	509.114555	136.227097	28.771184	512.884249	12.426227	505.344861	-0.014021	-0.008811	1.500489	1.671554
3547659060.400290	32.856184	498.105812	137.235794	40.401498	493.199873	25.310871	503.011752	-0.028318	-0.013255	1.485826	1.666667
3547659061.079771	47.542788	483.080995	130.332428	56.534208	483.473874	38.551367	482.688115	-0.033147	0.013026	1.480938	1.695992
3547659061.774262	59.597887	465.723000	119.008865	62.866312	457.337453	56.329461	474.108546	-0.038007	-0.026745	1.476051	1.652004
3547659062.440732	68.831683	445.852747	109.058716	61.798404	451.468171	75.864962	440.237323	-0.023521	-0.031295	1.490714	1.647116
3547659063.196263	73.905750	426.955198	99.814659	79.815175	420.167069	67.996324	433.743326	-0.023521	-0.035872	1.490714	1.642229
3547659064.003833	75.470981	403.732421	86.479927	84.437620	402.958217	66.504343	404.506625	-0.014021	-0.022222	1.500489	1.656891
3547659064.716338	72.302225	384.203799	73.618561	81.106624	386.069960	63.497826	382.337638	-0.028318	-0.017725	1.485826	1.661779
3547659066.028265	52.823406	348.101327	47.632652	57.207278	355.961458	48.439535	340.241195	-0.023521	-0.040477	1.490714	1.637341
3547659066.746769	38.799920	335.534726	34.928097	42.059305	343.923791	35.540535	327.145662	-0.052785	-0.026745	1.461388	1.652004
3547659067.412238	20.709377	326.273504	19.308388	16.723267	318.204370	24.695486	334.342639	-0.023521	-0.045109	1.490714	1.632454
3547659068.071704	13.767308	325.494457	325.586884	21.940314	321.725908	5.594301	329.263007	-0.018755	-0.040477	1.495601	1.637341
3547659070.130157	13.404664	325.003403	310.794006	11.408409	333.779220	15.400919	316.227586	-0.038007	-0.026745	1.476051	1.652004
3547659070.789620	14.734036	323.697686	303.943390	8.333908	330.025274	21.134164	317.370099	-0.028318	-0.026745	1.485826	1.652004
3547659071.468100	14.861455	322.398776	246.921448	6.280691	325.113641	23.442219	319.683912	-0.018755	-0.059173	1.495601	1.617791
3547659072.105550	18.353298	325.522461	224.905365	26.999081	323.022373	9.707515	328.022549	-0.014021	-0.054456	1.500489	1.622678
3547659072.803041	27.709511	335.359697	223.755478	33.523970	342.229344	21.895051	328.490049	-0.018755	-0.031295	1.495601	1.647116
3547659073.453501	40.400171	346.875499	217.746277	47.856469	351.915699	32.943872	341.835300	-0.038007	-0.035872	1.476051	1.642229
3547659074.087948	56.279279	356.849077	206.076447	64.871629	354.171107	47.686929	359.527047	-0.023521	-0.040477	1.490714	1.637341
3547659076.784850	136.372063	351.698617	149.597649	144.756491	348.427323	127.987635	354.969911	-0.042900	-0.040477	1.471163	1.637341
3547659077.449319	152.933017	339.834018	139.496452	144.346830	337.136353	161.519203	342.531684	-0.018755	-0.040477	1.495601	1.637341
3547659078.113789	167.441572	325.271089	129.314026	171.825165	333.131376	163.057979	317.410802	-0.033147	-0.026745	1.480938	1.652004
3547659078.784264	180.067461	306.657732	115.799660	176.239963	314.803299	183.894958	298.512165	-0.033147	-0.040477	1.480938	1.637341
3547659079.469745	186.351407	286.441550	101.553139	178.672214	281.747938	194.030600	291.135161	-0.042900	-0.035872	1.471163	1.642229
3547659080.113199	188.816083	265.045361	88.359118	185.356765	256.736744	192.275400	273.353978	-0.023521	-0.040477	1.490714	1.637341
3547659080.765659	185.946188	244.524715	74.731140	191.514464	237.454051	180.377912	251.595380	-0.014021	-0.026745	1.500489	1.652004
3547659081.455145	178.071085	225.591070	60.438179	184.192114	232.189024	171.950056	218.993116	-0.042900	-0.035872	1.471163	1.642229
3547659082.158641	166.170290	209.729669	46.303020	159.584642	215.863937	172.755937	203.595401	0.156672	0.251713	1.700880	2.018573
3547659082.799095	149.127781	196.820591	27.915402	145.966315	205.247046	152.289247	188.394137	0.405193	0.394439	2.111437	2.277615
3547659083.612668	132.116586	190.497009	10.970124	141.113671	190.726039	123.119501	190.267979	0.523343	0.474197	2.385142	2.453568
3547659084.255120	118.199525	189.687984	0.274671	115.758456	181.025353	120.640595	198.350615	0.541645	0.496335	2.434018	2.507331
3547659084.878561	104.247025	189.648032	1.557293	95.247845	189.526503	113.246204	189.769561	0.550523	0.498301	2.458456	2.512219
3547659085.561042	94.953419	189.648793	357.819122	97.805356	181.112608	92.101482	198.184978	0.541645	0.494362	2.434018	2.502444
3547659086.247528	85.400148	189.521872	2.597264	80.739551	197.221147	90.060744	181.822597	0.534413	0.490392	2.414467	2.492669
3547659087.730572	66.177537	188.593989	5.717319	71.002859	180.996867	61.352215	196.191111	0.502324	0.463811	2.331378	2.429130
3547659089.084527	46.034859	186.761143	6.464926	44.408185	177.909368	47.661534	195.612919	0.474129	0.435801	2.262952	2.365591
3547659089.776015	36.871891	185.882647	4.022122	43.811575	191.613336	29.932207	180.151959	0.457238	0.417804	2.223851	2.326491
3547659090.470505	26.640590	184.637160	9.311179	25.620398	193.579151	27.660782	175.695169	0.444175	0.392047	2.194526	2.272727
3547659091.114960	17.543610	183.229869	16.648863	24.816405	188.531421	10.270815	177.928317	0.435271	0.394439	2.174976	2.277615
3547659094.027014	27.707621	167.459939	131.266006	33.372949	160.466796	22.042292	174.453083	0.380795	0.323340	2.062561	2.140762
3547659094.701490	38.785613	156.110119	134.888824	37.000592	164.931327	40.570635	147.288912	0.365594	0.315180	2.033236	2.126100
3547659095.319926	47.634862	147.448750	137.908951	50.475579	138.908824	44.794146	155.988675	0.355213	0.290008	2.013685	2.082111
3547659095.979393	57.364973	138.760382	136.983261	65.896754	135.895298	48.833192	141.625466	0.344629	0.281380	1.994135	2.067449
3547659096.626851	66.500017	131.036287	140.752808	61.279041	138.367140	71.720993	123.705434	0.322826	0.266724	1.955034	2.043011
3547659097.935772	87.623458	114.293726	142.743637	96.446145	116.071417	78.800770	112.516035	0.308751	0.239440	1.930596	1.999022
3547659098.609247	98.264024	107.237102	148.116119	102.269753	115.296515	94.258296	99.177689	0.294314	0.210928	1.906158	1.955034
3547659099.317748	109.409454	100.442326	151.510620	103.514521	93.641608	115.304387	107.243044	0.285474	0.217374	1.891496	1.964809
3547659099.987220	122.500505	93.745800	151.812057	114.852284	89.001886	130.148725	98.489714	0.276495	0.197840	1.876833	1.935484
3547659100.647686	135.564869	86.733231	151.363457	130.730862	79.141631	140.398875	94.324830	0.297231	0.204417	1.911046	1.945259
3547659101.325166	148.193457	80.177333	153.995338	148.708861	89.162563	147.678054	71.192103	0.314423	0.210928	1.940371	1.955034
3547659102.024657	160.971320	73.954040	155.742355	169.727043	71.871418	152.215597	76.036662	0.368158	0.266724	2.038123	2.043011
3547659108.196011	263.834881	57.938762	169.140564	268.192607	50.064106	259.477154	65.813419	0.657191	0.715360	2.795699	3.201369
3547659108.856478	271.875228	55.636421	161.048828	278.502031	61.726206	265.248425	49.546636	0.644760	0.722543	2.751711	3.230694
3547659109.512939	278.968769	53.259838	159.223450	271.406365	58.139392	286.531172	48.380283	0.636250	0.721355	2.722385	3.225806
3547659110.136380	283.022274	51.112421	128.584579	281.051890	59.894083	284.992658	42.330759	0.631926	0.735378	2.707722	3.284457
3547659110.817860	283.465353	49.618262	77.257500	274.837256	52.178717	292.093451	47.057806	0.620162	0.731919	2.668622	3.269795
3547659111.544374	282.378240	48.156504	44.746937	276.147747	41.661817	288.608733	54.651191	0.603413	0.730759	2.614858	3.264907
3547659112.228856	278.424706	46.063816	15.942911	280.519837	54.816555	276.329576	37.311078	0.604964	0.730759	2.619746	3.264907
3547659112.926349	271.941171	44.675080	7.764265	262.977368	43.868709	280.904974	45.481450	0.609583	0.738805	2.634409	3.299120
3547659113.575808	266.352740	44.650928	350.998901	273.170245	38.775417	259.535236	50.526440	0.627555	0.728429	2.693060	3.255132
3547659114.231272	259.383425	46.872357	337.992615	268.053983	44.459594	250.712867	49.285120	0.659900	0.727259	2.805474	3.250244
3547659114.841699	253.009562	49.711115	333.018951	252.918392	40.711577	253.100731	58.710654	0.671862	0.721355	2.849462	3.225806
3547659115.529185	247.866272	53.073344	318.410004	255.924138	57.082184	239.808406	49.064505	0.689753	0.710499	2.917889	3.181818
3547659116.168635	244.853758	56.508182	304.442474	242.262833	65.127178	247.444684	47.889185	0.694712	0.687860	2.937439	3.093842
3547659118.217081	236.175637	71.764496	299.715759	244.756632	74.478628	227.594641	69.050364	0.683461	0.654193	2.893451	2.971652
3547659118.883550	233.608837	76.587743	296.638367	224.871391	74.429725	242.346283	78.745762	0.677061	0.642828	2.869013	2.932551
3547659119.558026	230.395110	82.600083	299.440216	237.913976	87.546460	222.876244	77.653706	0.657191	0.623698	2.795699	2.869013
3547659120.213489	227.239185	88.104408	300.656281	234.489194	82.771738	219.989176	93.437077	0.653091	0.613041	2.781036	2.834800
3547659120.867955	224.209629	93.501586	297.557892	217.196706	99.142412	231.222552	87.860761	0.639107	0.598957	2.732160	2.790811
3547659121.556437	220.516235	100.170453	300.205383	229.365488	98.530110	211.666982	101.810797	0.626087	0.582777	2.688172	2.741935
3547659122.175878	216.995832	106.204363	299.322693	223.882857	111.998229	210.108807	100.410497	0.626087	0.569413	2.688172	2.702835
3547659122.833340	213.712649	112.548359	297.296631	205.480690	116.186333	221.944608	108.910386	0.629017	0.557397	2.697947	2.668622
3547659124.246335	205.002869	127.854549	300.172821	213.900834	126.503175	196.104903	129.205922	0.669236	0.553907	2.839687	2.658847
3547659124.898798	199.509142	136.028088	307.201691	205.128927	128.998292	193.889358	143.057883	0.665263	0.548624	2.825024	2.644184
3547659125.584278	194.205259	142.540874	310.518250	189.894986	150.441604	198.515533	134.640143	0.663929	0.546850	2.820137	2.639296
3547659126.268762	188.552013	149.047033	319.265030	196.864597	145.597258	180.239429	152.496808	0.659900	0.537880	2.805474	2.614858
3547659126.897205	182.207999	154.259976	321.027252	177.239694	146.755581	187.176304	161.764371	0.648948	0.536066	2.766373	2.609971
3547659127.610708	175.557783	158.795841	331.022629	183.792392	162.427813	167.323175	155.163869	0.634814	0.541488	2.717498	2.624633
3547659128.285183	168.048530	162.405640	333.664978	162.557845	155.274556	173.539216	169.536725	0.624614	0.534245	2.683284	2.605083
3547659128.966665	160.527663	165.874438	340.347778	152.695137	161.441431	168.360188	170.307444	0.611111	0.525037	2.639296	2.580645
3547659129.619126	152.670773	167.815385	349.262360	157.340961	175.508846	148.000586	160.121923	0.600294	0.530583	2.605083	2.595308
3547659130.348641	143.742508	169.485702	352.347809	139.511389	161.542300	147.973627	177.429103	0.590793	0.504152	2.575758	2.526882
3547659131.030120	135.426612	169.070680	2.710264	131.663913	177.246382	139.189312	160.894979	0.574468	0.492381	2.526882	2.497556
3547659131.683581	126.519454	169.099998	5.433057	133.281740	163.161017	119.757169	175.038979	0.546993	0.494362	2.448680	2.502444
3547659132.369069	117.359409	167.992310	15.849131	118.625699	176.902782	116.093118	159.081838	0.552277	0.465905	2.463343	2.434018
3547659133.016523	108.902695	165.273630	20.286800	99.982839	164.075233	117.822552	166.472027	0.536232	0.455350	2.419355	2.409580
3547659133.686995	100.133849	161.455986	26.390892	91.570141	158.687794	108.697558	164.224179	0.513908	0.440208	2.360704	2.375367
3547659134.383486	92.252640	157.034972	32.401176	84.751948	152.061078	99.753332	162.008866	0.498398	0.422360	2.321603	2.336266
3547659135.080978	84.093770	151.304220	36.529549	92.378991	147.789235	75.808550	154.819204	0.482357	0.410898	2.282502	2.311828
3547659135.775469	76.359013	145.005697	43.744438	78.479615	136.259095	74.238411	153.752299	0.459382	0.392047	2.228739	2.272727
3547659136.468957	68.996625	137.156749	47.485172	72.177892	145.575748	65.815357	128.737751	0.444175	0.379932	2.194526	2.248289
3547659137.190469	62.589864	129.173671	55.535126	70.228258	124.413950	54.951471	133.933392	0.423913	0.354894	2.150538	2.199413
3547659138.519404	51.806346	110.953760	64.695793	43.190285	113.554429	60.422408	108.353090	0.400404	0.334049	2.101662	2.160313
3547659139.218904	46.680344	100.169326	67.152954	55.000111	103.601740	38.360576	96.736912	0.400404	0.326036	2.101662	2.145650
3547659139.886368	43.443977	89.958737	74.758255	48.818509	82.739707	38.069444	97.177768	0.349947	0.298516	2.003910	2.096774
3547659140.517815	40.462493	78.145665	79.288429	46.588102	84.739368	34.336884	71.551962	0.344629	0.287145	1.994135	2.077224
3547659141.920804	37.927287	55.721660	88.224686	35.612767	47.024361	40.241807	64.418958	0.322826	0.263750	1.955034	2.038123
3547659143.290771	38.501807	30.579802	93.954620	41.102610	21.963781	35.901004	39.195823	0.282496	0.242530	1.886608	2.003910
3547659143.952238	39.993848	17.225233	99.181557	48.774191	15.248977	31.213506	19.201490	0.294314	0.239440	1.906158	1.999022
3547659146.574086	56.228237	21.377549	225.092453	64.258138	17.312985	48.198335	25.442114	0.254988	0.201137	1.842620	1.940371
3547659147.234553	65.593076	31.221078	229.358917	65.796940	40.218769	65.389212	22.223388	0.248696	0.210928	1.832845	1.955034
3547659147.903025	75.978479	43.496162	229.202469	74.777915	52.415728	77.179043	34.576597	0.242336	0.201137	1.823069	1.940371
3547659148.617529	85.565312	54.594021	226.198471	85.531112	45.594086	85.599512	63.593956	0.239130	0.201137	1.818182	1.940371
3547659149.964477	107.966476	77.448288	225.724014	112.047722	69.426852	103.885230	85.469724	0.239130	0.197840	1.818182	1.935484
3547659150.624945	118.086793	87.299059	224.103806	125.896856	91.771520	110.276729	82.826597	0.242336	0.194527	1.823069	1.930596
3547659151.304430	128.796811	97.517270	223.326462	131.226728	106.183036	126.366895	88.851503	0.235908	0.191196	1.813294	1.925709
3547659151.955883	139.323776	108.046479	224.579071	148.314745	108.449577	130.332808	107.643380	0.232667	0.223757	1.808407	1.974585
3547659153.260808	159.998279	128.245379	222.847672	158.162589	137.056182	161.833969	119.434576	0.388235	0.207680	2.077224	1.950147
3547659153.984314	171.120832	138.236821	219.342995	175.966081	130.652393	166.275582	145.821250	0.469961	0.230076	2.253177	1.984360
3547659154.730843	182.407622	148.463465	223.582916	186.956163	156.229467	177.859081	140.697464	0.528912	0.260762	2.399804	2.033236
3547659155.404317	191.035842	158.510793	234.675262	183.745661	163.788411	198.326024	153.233175	0.538043	0.295693	2.424242	2.091887
3547659156.758271	200.995346	182.035851	261.254700	205.329983	189.923242	196.660710	174.148461	0.543435	0.320632	2.438905	2.135875
3547659157.488787	201.399532	193.489629	275.419708	209.163198	188.937104	193.635866	198.042155	0.515810	0.312434	2.365591	2.121212
3547659158.187281	199.043205	204.788081	288.387604	204.410167	197.563420	193.676243	212.012741	0.496423	0.315180	2.316716	2.126100
3547659158.816723	194.566083	215.173441	299.387207	201.812308	220.511252	187.319857	209.835630	0.484392	0.306906	2.287390	2.111437
3547659159.499205	187.272655	224.540818	312.498535	196.236283	225.349133	178.309027	223.732504	0.467864	0.292857	2.248289	2.086999
3547659160.889185	170.984296	238.437656	333.706421	165.202877	231.540179	176.765715	245.335133	0.437512	0.269683	2.179863	2.047898
3547659161.583677	159.882380	242.186899	348.721848	159.927947	251.186784	159.836813	233.187014	0.423913	0.290008	2.150538	2.082111
3547659162.905608	136.862586	242.684050	6.252368	137.139898	233.688323	136.585274	251.679777	0.390692	0.245606	2.082111	2.008798
3547659163.596094	124.958423	240.082748	16.054678	128.016712	248.547196	121.900135	231.618301	0.365594	0.226924	2.033236	1.979472
3547659165.637536	91.290320	224.935282	34.068626	87.063482	232.880963	95.517158	216.989601	0.308751	0.204417	1.930596	1.945259
3547659166.350040	80.748828	217.383316	39.723598	72.659306	221.327886	88.838351	213.438747	0.308751	0.207680	1.930596	1.950147
3547659167.007503	70.380766	207.458867	45.811382	61.679310	209.757706	79.082222	205.160029	0.294314	0.174289	1.906158	1.901271
3547659167.676975	61.956917	196.700283	54.845661	70.878374	197.886712	53.035461	195.513854	0.285474	0.167403	1.891496	1.891496
3547659168.333438	54.931718	185.598159	61.023666	63.679313	187.714662	46.184123	183.481656	0.264302	0.160446	1.857283	1.881720
3547659169.674384	44.394453	162.436947	72.018715	42.273351	171.183428	46.515554	153.690466	0.235908	0.139134	1.813294	1.852395
3547659170.375879	41.153167	148.834901	81.669991	41.255931	139.835488	41.050403	157.834315	0.226134	0.139134	1.798631	1.852395
3547659171.003320	39.946619	135.246757	87.071739	46.956410	129.602040	32.936829	140.891475	0.219530	0.124548	1.788856	1.832845
3547659172.368284	41.665756	107.498153	99.106049	50.570161	106.189885	32.761351	108.806421	0.209486	0.120852	1.774194	1.827957
3547659173.705228	49.014760	78.974681	108.361343	40.017267	78.762272	58.012253	79.187090	0.185393	0.120852	1.739980	1.827957
3547659175.038167	59.018423	52.007217	110.133812	60.612589	60.864905	57.424257	43.149529	0.199275	0.135517	1.759531	1.847507
3547659175.689628	64.433492	38.944963	112.536034	69.224091	31.325897	59.642892	46.564029	0.206101	0.128224	1.769306	1.837732
3547659176.366105	70.576174	24.671579	114.830093	61.693958	26.122868	79.458390	23.220289	0.206101	0.139134	1.769306	1.852395
3547659179.114042	88.597008	22.564264	236.679687	96.449256	26.962240	80.744760	18.166288	0.251850	0.260762	1.837732	2.033236
3547659179.766505	96.131963	35.158495	241.853973	95.694188	44.147842	96.569739	26.169148	0.282496	0.278476	1.886608	2.062561
3547659180.419969	102.253115	47.081070	242.732162	108.891631	53.158085	95.614599	41.004055	0.294314	0.326036	1.906158	2.145650
3547659181.719882	114.954506	72.286017	243.068802	123.227743	75.829115	106.681268	68.742919	0.305893	0.323340	1.925709	2.140762
3547659182.379348	121.076031	83.635579	240.261154	112.098505	82.999954	130.053557	84.271204	0.325599	0.357448	1.959922	2.204301
3547659183.080842	126.968166	94.361959	241.051849	120.201982	100.296498	133.734350	88.427420	0.328358	0.379932	1.964809	2.248289
3547659183.732303	132.908773	105.462837	243.413010	141.892350	106.006296	123.925196	104.919379	0.322826	0.420087	1.955034	2.331378
3547659185.113275	145.809256	128.301548	236.062065	149.664000	136.434256	141.954511	120.168839	0.368158	0.478294	2.038123	2.463343
3547659185.771740	153.799083	138.964830	231.174187	162.479883	136.589180	145.118284	141.340480	0.465757	0.509935	2.243402	2.541544
3547659186.451224	161.711944	147.485758	222.341415	155.834098	154.301249	167.589791	140.670266	0.545217	0.541488	2.443793	2.624633
3547659187.252785	170.827016	155.725651	220.273331	167.641013	147.308443	174.013019	164.142859	0.582709	0.571104	2.551320	2.707722
3547659187.902244	179.491865	162.143325	216.064400	173.656179	168.994951	185.327550	155.291700	0.598725	0.564300	2.600196	2.688172
3547659188.550701	188.601027	169.308661	216.186836	183.645822	176.821713	193.556232	161.795609	0.598725	0.574469	2.600196	2.717498
3547659190.573130	209.370763	185.703367	218.185959	218.263240	187.090392	200.478285	184.316342	0.654462	0.590939	2.785924	2.766373
3547659191.213580	216.174349	191.727970	222.494293	211.402940	199.359068	220.945758	184.096872	0.678350	0.595767	2.873900	2.781036
3547659191.866039	222.374033	196.984470	220.340134	218.633260	188.798713	226.114806	205.170227	0.680914	0.613041	2.883675	2.834800
3547659192.541518	227.645138	202.509101	231.892899	232.614615	195.005483	222.675660	210.012720	0.659900	0.613041	2.805474	2.834800
3547659193.180967	231.636002	208.000156	233.742035	223.055763	205.283633	240.216241	210.716679	0.650334	0.603701	2.771261	2.805474
3547659193.849439	236.030650	214.443407	241.038483	229.185747	220.286977	242.875552	208.599838	0.648948	0.594163	2.766373	2.776149
3547659194.489897	239.187113	221.747519	248.749283	243.994168	229.356213	234.380058	214.138826	0.629017	0.592554	2.697947	2.771261
3547659196.537334	247.678375	244.832547	248.186295	247.682649	253.832546	247.674100	235.832548	0.584338	0.537880	2.556207	2.614858
3547659197.190797	251.315212	253.849549	252.305725	243.849204	248.823742	258.781219	258.875355	0.559226	0.517544	2.482893	2.561095
3547659197.862271	253.787616	262.263528	254.467903	253.777700	271.263523	253.797532	253.263534	0.548761	0.502209	2.453568	2.521994
3547659198.566769	255.887672	271.764864	260.023651	249.895649	278.480194	261.879695	265.049533	0.527063	0.486392	2.394917	2.482893
3547659199.193211	257.159795	280.123406	260.097595	251.680253	287.263057	262.639337	272.983755	0.519592	0.474197	2.375367	2.453568
3547659199.871687	258.669938	290.631326	262.206573	267.609023	291.676679	249.730854	289.585973	0.504275	0.448913	2.336266	2.394917
3547659200.535156	259.644460	298.903197	262.994370	266.691119	293.304572	252.597801	304.501821	0.482357	0.442398	2.282502	2.380254
3547659201.191620	260.405723	309.132134	265.916534	252.309368	313.062661	268.502077	305.201607	0.467864	0.410898	2.248289	2.311828
3547659201.907125	261.006695	318.786076	266.011139	253.317836	323.463837	268.695555	314.108316	0.448568	0.417804	2.204301	2.326491
3547659202.619626	261.345906	329.903351	268.877533	270.016568	327.490965	252.675243	332.315738	0.430759	0.389645	2.165200	2.267840
3547659203.271087	261.351664	339.572910	271.748444	252.351667	339.579021	270.351662	339.566798	0.423913	0.370049	2.150538	2.228739
3547659203.930552	260.407662	350.443695	277.140381	254.746933	343.446827	266.068390	357.440563	0.397993	0.359991	2.096774	2.209189
3547659204.589015	258.801276	360.602671	281.418518	267.530378	358.411147	250.072173	362.794195	0.373249	0.352329	2.047898	2.194526
3547659205.239475	256.174297	372.078163	281.893677	262.933813	366.136030	249.414781	378.020296	0.363017	0.352329	2.028348	2.194526
3547659205.896938	253.123788	383.029613	288.913208	254.141452	374.087334	252.106124	391.971892	0.349947	0.320632	2.003910	2.135875
3547659206.560408	249.515084	393.605427	289.378296	246.414029	385.156553	252.616138	402.054300	0.333836	0.295693	1.974585	2.091887
3547659207.202862	244.591195	404.660605	295.933594	239.333466	397.356067	249.848925	411.965144	0.328358	0.287145	1.964809	2.077224
3547659207.916365	239.609142	414.916244	299.643799	247.972788	418.240311	231.245496	411.592177	0.308751	0.284269	1.930596	2.072336
3547659209.267319	224.636052	436.715402	308.935089	216.789217	432.307775	232.482888	441.123028	0.291383	0.257760	1.901271	2.028348
3547659209.902764	216.534110	446.809136	311.318085	219.197334	455.406068	213.870885	438.212205	0.279503	0.242530	1.881720	2.003910
3547659210.570235	207.601758	456.113829	314.243805	206.841808	447.145971	208.361708	465.081687	0.270430	0.233213	1.867058	1.989247
3547659211.224699	198.226432	464.678162	320.789032	195.169272	456.213307	201.283591	473.143017	0.245524	0.230076	1.827957	1.984360
3547659213.210098	167.925748	488.805730	322.998871	162.954659	496.308281	172.896836	481.303178	0.229410	0.197840	1.803519	1.935484
3547659213.926604	157.886043	496.083073	323.258087	155.004110	504.609178	160.767976	487.556968	0.209486	0.197840	1.774194	1.935484
3547659214.602083	147.287030	503.254674	325.456451	155.880760	500.581137	138.693299	505.928210	0.188893	0.174289	1.744868	1.901271
3547659215.284564	135.709504	510.723641	329.399292	131.650093	518.756149	139.768915	502.691133	0.188893	0.156940	1.744868	1.876833
3547659215.932019	124.112641	517.419499	331.448807	133.112118	517.322465	115.113165	517.516534	0.178335	0.153416	1.730205	1.871945
3547659216.597486	113.520468	522.364509	333.647217	108.157298	515.137032	118.883637	529.591985	0.181874	0.170855	1.735093	1.896383
3547659217.278969	102.320317	527.305824	338.562714	108.317400	520.595012	96.323233	534.016635	0.167596	0.177705	1.715543	1.906158
3547659219.271374	67.500745	538.864443	345.574921	67.503186	529.864444	67.498304	547.864443	0.156672	0.117137	1.700880	1.823069
3547659219.965863	54.163460	541.914374	347.963776	48.008924	548.481085	60.317995	535.347663	0.141810	0.113402	1.681329	1.818182
3547659220.660355	41.311513	544.125452	350.659729	49.695449	540.852896	32.927578	547.398008	0.122740	0.139134	1.656891	1.852395
3547659221.346840	27.108804	545.708961	354.262665	21.058146	552.371509	33.159462	539.046414	0.130435	0.128224	1.666667	1.837732
3547659222.032323	15.144114	546.201355	18.114769	21.177975	539.523593	9.110252	552.879118	0.145558	0.120852	1.686217	1.827957
3547659222.712805	13.780402	544.845817	73.811447	22.779253	544.989633	4.781551	544.702001	0.126598	0.120852	1.661779	1.827957
3547659223.372266	15.097645	541.085933	120.312111	7.874520	535.716906	22.320771	546.454960	0.099099	0.094421	1.627566	1.793744
3547659224.705209	32.159367	518.079247	127.844215	24.781055	523.232936	39.537679	512.925558	0.111025	0.098258	1.642229	1.798631
3547659225.367676	42.273564	504.793786	125.476883	43.945209	495.950393	40.601919	513.637180	0.118858	0.078859	1.652004	1.774194
3547659226.046154	52.544059	488.124150	118.094299	61.182089	485.597405	43.906029	490.650894	0.111025	0.082782	1.642229	1.779081
3547659226.761658	60.171735	470.853907	108.791489	51.905292	474.412827	68.438178	467.294986	0.095076	0.078859	1.622678	1.774194
3547659228.058573	66.219607	434.822944	91.565109	70.206447	442.891718	62.232768	426.754170	0.095076	0.070949	1.622678	1.764418
3547659229.352487	63.536079	401.435117	79.129532	68.541200	408.915007	58.530957	393.955226	0.070419	0.070949	1.593353	1.764418
3547659230.025962	59.978973	385.158996	74.594452	66.458782	378.913031	53.499164	391.404960	0.086957	0.054863	1.612903	1.744868
3547659231.344893	48.987686	355.228671	64.849113	40.869871	359.114681	57.105501	351.342661	0.078738	0.046684	1.603128	1.735093
3547659232.053393	41.986516	341.772704	58.521214	33.703111	345.291965	50.269921	338.253442	0.074591	0.046684	1.598240	1.735093
3547659232.748883	32.073373	327.329486	50.389370	30.961235	318.398464	33.185510	336.260508	0.066221	0.050785	1.588465	1.739980
3547659234.691253	16.948135	305.282843	118.179764	25.338953	302.027975	8.557317	308.537712	0.070419	0.050785	1.593353	1.739980
3547659235.325699	23.568134	298.309189	140.147224	15.102576	301.364402	32.033692	295.253976	0.074591	0.050785	1.598240	1.739980
3547659235.976159	35.692472	288.759878	144.094742	39.350152	280.536656	32.034793	296.983100	0.049167	0.030047	1.568915	1.715543
3547659236.599600	50.297517	278.931624	141.552963	51.920238	287.784125	48.674796	270.079123	0.078738	0.025828	1.603128	1.710655
3547659237.269071	63.472870	267.219954	134.622742	59.431093	275.261350	67.514646	259.178558	0.070419	0.034242	1.593353	1.720430
3547659237.926537	74.580781	254.086100	124.734428	81.791473	248.700385	67.370090	259.471816	0.061997	0.021585	1.583578	1.705767
3547659239.278491	89.647123	219.280068	105.183578	98.631049	219.817726	80.663197	218.742410	0.070419	0.046684	1.593353	1.735093
3547659241.268896	90.064758	167.380696	75.371353	90.306564	158.383945	89.822952	176.377447	0.057747	0.034242	1.578690	1.720430
3547659241.946371	83.815759	149.771070	64.701492	75.214659	152.420802	92.416859	147.121339	0.036095	0.034242	1.554252	1.720430
3547659242.605840	74.920659	133.892113	56.263088	77.456081	125.256626	72.385237	142.527600	0.057747	0.025828	1.578690	1.710655
3547659243.913759	55.392342	109.994778	44.585907	50.283779	102.585151	60.500905	117.404406	0.049167	0.034242	1.568915	1.720430
3547659244.621257	42.443029	98.591615	39.653656	34.097618	101.961200	50.788441	95.222030	0.049167	0.034242	1.568915	1.720430
3547659245.267714	30.044828	88.487203	36.116966	39.044249	88.589344	21.045408	88.385062	0.061997	0.021585	1.583578	1.705767
3547659245.919174	18.420955	80.120576	41.273724	22.197473	88.289903	14.644436	71.951248	0.044837	0.034242	1.564027	1.720430
3547659246.596652	16.892541	77.227921	94.166595	17.622396	68.257564	16.162686	86.198278	0.078738	0.030047	1.603128	1.715543
3547659247.251113	17.622958	76.318284	139.926819	8.694244	77.448801	26.551671	75.187766	0.074591	0.050785	1.598240	1.739980
3547659249.314571	52.157778	55.368186	151.151123	49.032201	46.928353	55.283354	63.808018	0.086957	0.058918	1.612903	1.749756
3547659250.040082	68.212943	46.287781	148.089981	72.006667	54.449132	64.419218	38.126430	0.103098	0.074915	1.632454	1.769306
3547659250.719562	84.729554	35.052078	142.879669	93.711814	35.616875	75.747293	34.487280	0.118858	0.094421	1.652004	1.793744
3547659251.391036	98.963010	23.393418	137.986374	101.134689	14.659357	96.791330	32.127478	0.126598	0.082782	1.661779	1.779081
3547659254.001878	125.130850	23.196705	235.909218	127.702427	31.821495	122.559274	14.571916	0.145558	0.131880	1.686217	1.842620
3547659254.646330	133.454018	36.584312	238.590042	134.985525	27.715576	131.922512	45.453049	0.145558	0.139134	1.686217	1.852395
3547659255.306798	142.185656	50.787558	237.348625	151.073013	49.368091	133.298299	52.207024	0.149284	0.128224	1.691105	1.837732