Time	X	Y	Theta	LS_X	LS_Y	RS_X	RS_Y	RsRoL	RsRoR	VL	VR
3547668763.212962	47.134168	552.578328	178.854965	45.206866	561.369545	49.061469	543.787110	-0.000000	0.013878	1.612903	1.505376
3547668763.901445	47.134785	552.573743	178.984650	46.360559	561.540380	47.909012	543.607106	-0.000000	-0.018934	1.612903	1.471163
3547668764.578924	47.137912	552.573007	179.026230	46.737082	561.564077	47.538742	543.581937	-0.004487	0.004656	1.608016	1.495601
3547668765.207369	47.136918	552.574324	179.020981	46.688899	561.563166	47.584936	543.585482	0.026361	-0.009405	1.642229	1.480938
3547668765.855824	47.125501	552.574059	178.840805	45.073912	561.337105	49.177090	543.811012	0.008893	-0.009405	1.622678	1.480938
3547668766.539308	47.136749	552.572637	178.961029	46.150961	561.518486	48.122537	543.626788	-0.004487	-0.009405	1.608016	1.480938
3547668767.190766	47.125408	552.571090	178.979614	46.306041	561.533714	47.944774	543.608465	0.004460	-0.018934	1.617791	1.471163
3547668767.858239	47.128179	552.571897	178.948944	46.034356	561.505181	48.222003	543.638614	0.004460	-0.023747	1.617791	1.466276
3547668768.535716	47.127479	552.569808	178.877823	45.401610	561.402779	48.853348	543.736837	0.008893	-0.018934	1.622678	1.471163
3547668769.189178	47.128247	552.567510	178.954178	46.081193	561.506396	48.175302	543.628625	-0.000000	-0.023747	1.612903	1.466276
3547668769.886669	47.144450	552.571847	178.946320	46.027185	561.502229	48.261715	543.641465	-0.000000	0.036416	1.612903	1.529814
3547668770.596172	47.124725	552.569284	179.009033	46.569346	561.552132	47.680105	543.586436	-0.000000	-0.009405	1.612903	1.480938
3547668771.287659	47.126948	552.570425	178.915924	45.738797	561.462728	48.515099	543.678123	-0.004487	-0.028591	1.608016	1.461388
3547668771.946123	47.139251	552.571567	178.904007	45.645231	561.446695	48.633272	543.696439	-0.004487	0.000000	1.608016	1.490714
3547668772.637617	47.120988	552.569650	178.826797	44.946855	561.303100	49.295121	543.836200	-0.000000	-0.023747	1.612903	1.466276
3547668773.307081	47.126567	552.573517	178.854858	45.198327	561.364528	49.054808	543.782505	-0.000000	-0.023747	1.612903	1.466276
3547668773.941531	47.134107	552.579135	178.907425	45.670430	561.459318	48.597784	543.698952	-0.000000	-0.009405	1.612903	1.480938
3547668774.612002	47.133626	552.570196	178.986450	46.375545	561.538212	47.891706	543.602180	-0.004487	-0.009405	1.608016	1.480938
3547668775.285478	47.133805	552.574181	178.926804	45.842478	561.481059	48.425132	543.667303	-0.009001	-0.014154	1.603128	1.476051
3547668775.957951	47.133353	552.575448	178.900391	45.607247	561.445116	48.659459	543.705781	-0.004487	-0.018934	1.608016	1.471163
3547668776.639432	47.133392	552.575376	179.024338	46.715551	561.565672	47.551233	543.585081	-0.004487	-0.018934	1.608016	1.471163
3547668777.316918	47.133583	552.573657	178.983002	46.344581	561.539005	47.922584	543.608308	-0.009001	-0.028591	1.603128	1.461388
3547668778.005398	47.124898	552.569284	178.889465	45.501981	561.421749	48.747815	543.716819	0.017679	-0.014154	1.632454	1.476051
3547668778.701891	47.129224	552.578274	178.824448	44.934575	561.306591	49.323873	543.849957	-0.004487	-0.014154	1.608016	1.476051
3547668779.418396	47.129407	552.577308	178.924835	45.820551	561.481627	48.438263	543.672989	-0.022711	-0.014154	1.588465	1.476051
3547668780.082867	47.128800	552.574041	179.005753	46.543955	561.555018	47.713646	543.593063	-0.031992	-0.028591	1.578690	1.461388
3547668780.758338	47.133755	552.569442	178.968109	46.211328	561.522046	48.056181	543.616837	-0.004487	-0.038378	1.608016	1.451613
3547668781.427813	47.135037	552.573215	178.963730	46.173413	561.521694	48.096660	543.624736	-0.009001	-0.023747	1.603128	1.466276
3547668782.252395	47.121354	552.570318	178.859085	45.230288	561.369401	49.012421	543.771234	-0.027337	-0.038378	1.583578	1.451613
3547668782.954889	47.121591	552.571757	178.944351	45.986750	561.499923	48.256433	543.643592	-0.031992	-0.023747	1.578690	1.466276
3547668783.654382	47.134667	552.570267	178.927994	45.853942	561.478676	48.415392	543.661859	-0.018113	-0.043321	1.593353	1.446725
3547668784.349873	56.084679	552.869113	184.437256	48.942237	558.345018	63.227120	547.393208	-0.013543	-0.028591	1.598240	1.461388
3547668785.018343	72.655186	554.202894	183.528519	63.945426	551.935720	81.364946	556.470068	-0.031992	-0.068547	1.578690	1.422287
3547668785.685814	90.413655	554.565509	178.338867	84.399002	561.260579	96.428307	547.870440	-0.060538	-0.048298	1.549365	1.441838
3547668786.332277	108.639662	552.899005	170.695114	100.836838	548.413926	116.442486	557.384084	-0.041389	-0.043321	1.568915	1.446725
3547668786.985731	125.810858	548.995685	161.180786	133.181314	554.160602	118.440401	543.830767	-0.018113	-0.033468	1.593353	1.456500
3547668787.682224	142.140354	541.352346	151.183792	138.740774	533.019109	145.539935	549.685584	-0.031992	-0.043321	1.578690	1.446725
3547668789.094219	172.847539	516.678009	130.902054	180.631127	512.159628	165.063952	521.196391	-0.000000	-0.058353	1.612903	1.432063
3547668789.722663	184.058993	501.439826	122.133255	180.646801	509.767908	187.471184	493.111744	-0.027337	-0.023747	1.583578	1.466276
3547668790.510218	193.321730	483.866454	113.456406	190.159096	475.440438	196.484364	492.292470	-0.022711	-0.053309	1.588465	1.436950
3547668791.191701	199.625781	467.644035	107.665070	192.858800	461.710406	206.392763	473.577665	-0.041389	-0.043321	1.568915	1.446725
3547668791.873179	204.786587	446.986737	100.546570	204.646149	437.987833	204.927026	455.985641	-0.013543	-0.028591	1.598240	1.461388
3547668792.527643	207.600157	429.577100	96.237083	199.376888	433.234675	215.823425	425.919525	-0.022711	-0.033468	1.588465	1.456500
3547668793.173097	208.918884	411.551642	90.122925	201.428094	416.540435	216.409675	406.562848	-0.041389	-0.038378	1.568915	1.451613
3547668793.887603	207.764926	393.097311	80.729813	215.094013	387.873857	200.435838	398.320766	-0.031992	-0.038378	1.578690	1.451613
3547668794.575087	203.475464	375.157688	71.733177	198.976594	382.952568	207.974334	367.362807	-0.036676	-0.048298	1.573803	1.441838
3547668795.263572	196.187206	357.370519	64.406296	187.187266	357.403336	205.187147	357.337702	-0.046131	-0.043321	1.564027	1.446725
3547668795.954061	186.635127	340.246175	57.003643	182.680166	332.161728	190.590088	348.330622	-0.041389	-0.048298	1.568915	1.441838
3547668796.610523	175.321927	325.399963	49.413647	182.094343	319.472537	168.549511	331.327389	-0.041389	-0.043321	1.568915	1.446725
3547668797.271989	163.091112	311.486681	42.350292	172.074258	312.037214	154.107966	310.936147	-0.036676	-0.068547	1.573803	1.422287
3547668797.960477	148.084968	300.505508	35.985857	156.993798	301.783302	139.176139	299.227713	-0.031992	-0.038378	1.578690	1.451613
3547668798.636952	131.628971	290.582987	29.149013	138.535008	296.354179	124.722933	284.811796	-0.036676	-0.043321	1.573803	1.446725
3547668799.982902	99.361021	275.659649	19.358286	94.977404	267.799375	103.744637	283.519924	-0.031992	-0.063432	1.578690	1.427175
3547668800.683396	82.893498	270.173003	14.964290	76.800533	276.796882	88.986464	263.549124	-0.065401	-0.048298	1.544477	1.441838
3547668801.342862	65.508796	265.555015	12.317781	67.723126	256.831671	63.294465	274.278360	-0.046131	-0.068547	1.564027	1.422287
3547668802.026343	48.238359	261.869276	10.173798	54.366649	268.460487	42.110069	255.278065	-0.046131	-0.038378	1.564027	1.451613
3547668804.052775	13.332905	258.513951	287.091278	21.741786	261.721868	4.924025	255.306034	-0.027337	-0.063432	1.583578	1.427175
3547668804.757271	14.115459	259.490833	218.003372	22.608273	262.469443	5.622646	256.512222	-0.031992	-0.028591	1.578690	1.461388
3547668805.417735	24.110922	266.211191	214.445648	17.546918	260.053769	30.674927	272.368613	-0.027337	-0.038378	1.583578	1.451613
3547668806.102219	37.999747	275.270212	211.269562	44.347496	281.650344	31.651997	268.890081	-0.050903	-0.043321	1.559140	1.446725
3547668806.777698	53.851402	284.483592	204.857513	59.326631	291.626552	48.376174	277.340633	-0.027337	-0.048298	1.583578	1.441838
3547668807.471185	71.853154	291.786512	197.802017	70.790758	300.723588	72.915551	282.849437	-0.031992	-0.038378	1.578690	1.451613
3547668808.143661	90.651100	296.658611	190.637672	83.080394	301.525273	98.221807	291.791949	-0.036676	-0.028591	1.573803	1.461388
3547668808.814131	111.620780	298.889884	179.609772	116.240208	306.613930	107.001351	291.165839	-0.018113	-0.038378	1.593353	1.451613
3547668809.471596	131.577936	296.920588	168.673874	139.012724	291.848712	124.143148	301.992463	-0.031992	-0.048298	1.578690	1.441838
3547668810.123056	149.667192	291.834752	160.156214	149.082506	300.815740	150.251878	282.853765	-0.050903	-0.028591	1.559140	1.461388
3547668810.769513	167.319433	283.725455	149.813004	174.811130	278.738022	159.827736	288.712887	-0.022711	-0.058353	1.588465	1.432063
3547668811.488019	184.584322	271.695227	138.942469	178.701506	264.884025	190.467139	278.506428	-0.027337	-0.033468	1.583578	1.456500
3547668812.141479	197.720298	257.112964	126.260445	192.662770	249.668409	202.777827	264.557520	-0.027337	-0.048298	1.583578	1.441838
3547668812.853983	207.944530	238.909934	113.366852	205.548143	230.234836	210.340917	247.585032	-0.027337	-0.033468	1.583578	1.456500
3547668813.509445	214.285424	219.340441	104.818359	222.484793	223.051283	206.086055	215.629599	-0.004487	-0.028591	1.608016	1.461388
3547668814.194927	218.224194	199.168955	98.506248	226.312810	203.115384	210.135579	195.222527	-0.027337	-0.009405	1.583578	1.480938
3547668814.858399	219.876294	180.723557	91.925514	226.452475	186.867974	213.300114	174.579141	-0.009001	0.004656	1.603128	1.495601
3547668815.526867	218.479350	160.165535	82.081871	214.970756	151.877607	221.987945	168.453464	0.043417	0.066787	1.661779	1.564027
3547668816.198343	214.646111	141.396903	75.932068	210.066493	133.649187	219.225728	149.144619	0.060078	0.146670	1.681329	1.661779
3547668816.849800	209.541398	124.947203	70.684479	200.541406	124.934999	218.541390	124.959406	0.100081	0.168834	1.730205	1.691105
3547668817.579316	202.090267	108.358066	61.235184	211.087255	108.590897	193.093279	108.125235	0.119247	0.183187	1.754643	1.710655
3547668818.260796	193.334181	94.825828	51.461792	184.957921	91.533674	201.710440	98.117983	0.130492	0.197217	1.769306	1.730205
3547668818.921263	182.596489	82.193226	43.819242	184.057487	73.312602	181.135491	91.073850	0.145199	0.204113	1.788856	1.739980
3547668819.634765	169.917788	71.647308	36.393314	178.603623	69.290135	161.231953	74.004481	0.141553	0.210933	1.783969	1.749756
3547668820.996728	143.273468	57.317040	19.091928	141.113418	48.580097	145.433518	66.053984	0.156020	0.214314	1.803519	1.754643
3547668821.650187	129.734014	52.973650	16.273468	134.556593	60.572514	124.911436	45.374785	0.141553	0.197217	1.783969	1.730205
3547668822.973121	102.079844	47.050647	10.089589	107.632039	54.133947	96.527650	39.967347	0.126764	0.165193	1.764418	1.686217
3547668823.645595	88.463316	44.599176	8.458843	81.060088	49.717010	95.866543	39.481341	0.111645	0.157849	1.744868	1.676442
3547668824.362102	74.855957	42.887765	8.237544	66.509920	46.255803	83.201993	39.519727	0.115456	0.161532	1.749756	1.681329
3547668825.067598	59.948578	41.374154	5.980948	62.627486	32.782096	57.269671	49.966211	0.119247	0.179630	1.754643	1.705767
3547668825.746080	45.305777	39.835953	4.562822	54.205298	41.177044	36.406256	38.494862	0.111645	0.142899	1.744868	1.656891
3547668827.115043	15.551240	37.239211	2.597524	10.892650	44.939700	20.209830	29.538721	0.103957	0.115872	1.735093	1.622678
3547668829.133468	21.484421	47.160206	222.413635	16.113682	54.382059	26.855159	39.938352	0.076355	0.083553	1.700880	1.583578
3547668829.833961	32.933955	57.552646	221.198288	24.294459	55.030918	41.573451	60.074374	0.060078	0.107939	1.681329	1.612903
3547668831.212935	61.980150	81.417676	218.372406	70.975623	81.132274	52.984676	81.703077	0.072321	0.083553	1.695992	1.583578
3547668831.921434	78.123336	94.579655	218.782578	86.258848	90.730832	69.987823	98.428477	0.064182	0.066787	1.686217	1.564027
3547668832.606917	92.685160	106.316938	216.807648	93.024870	115.310524	92.345449	97.323351	0.060078	0.079400	1.681329	1.578690
3547668833.978889	124.140580	127.388740	208.740982	115.277931	125.822393	133.003230	128.955088	0.060078	0.058246	1.681329	1.554252
3547668834.665370	140.446680	136.044222	205.783264	149.446319	135.963715	131.447040	136.124729	0.060078	0.058246	1.681329	1.554252
3547668835.327839	157.218522	143.821883	202.425499	148.411076	141.970158	166.025969	145.673608	0.115456	0.058246	1.749756	1.554252
3547668836.065358	175.265314	151.019344	199.597450	184.214497	150.064295	166.316131	151.974393	0.273369	0.127593	1.979472	1.637341
3547668836.762848	192.978793	157.133200	198.432770	197.391482	164.977190	188.566103	149.289211	0.400820	0.259747	2.214076	1.823069
3547668837.427320	210.444042	163.729322	202.955688	201.909347	166.585716	218.978737	160.872928	0.444108	0.332929	2.306940	1.945259
3547668839.407715	245.030587	187.376448	226.255859	244.480236	178.393291	245.580938	196.359605	0.461310	0.387652	2.346041	2.047898
3547668840.078191	253.054428	196.899985	233.213928	247.011991	190.229981	259.096866	203.569989	0.475897	0.392579	2.380254	2.057674
3547668840.739655	259.606668	207.250276	240.259491	250.630211	206.599721	268.583124	207.900832	0.452781	0.377655	2.326491	2.028348
3547668841.446156	264.903956	217.529984	246.387039	256.136840	215.495855	273.671072	219.564112	0.428571	0.354443	2.272727	1.984360
3547668842.855151	271.398750	238.202160	260.455658	268.768899	246.809360	274.028600	229.594960	0.405547	0.321844	2.223851	1.925709
3547668844.236121	272.785302	250.721355	261.557159	279.272585	256.959556	266.298018	244.483154	0.374057	0.293121	2.160313	1.876833
3547668844.945622	272.815836	250.709062	261.558258	279.309969	256.940132	266.321703	244.477992	0.358890	0.281209	2.130987	1.857283
3547668845.630107	272.872748	253.722541	271.505951	264.134601	251.567367	281.610896	255.877716	0.327269	0.275158	2.072336	1.847507
3547668846.287569	270.585102	266.858467	284.094696	261.800925	264.899327	279.369279	268.817607	0.329972	0.265961	2.077224	1.832845
3547668846.958041	266.159467	279.491673	293.623917	275.100023	280.524361	257.218910	278.458984	0.316327	0.250301	2.052786	1.808407
3547668847.732588	260.687138	291.453973	298.662048	262.569845	300.254848	258.804431	282.653097	0.305174	0.230941	2.033236	1.779081
3547668848.453096	253.337583	302.681980	304.407013	250.442708	311.203699	256.232458	294.160260	0.282213	0.224346	1.994135	1.769306
3547668849.137579	244.181154	313.974410	310.470947	239.502119	321.662493	248.860189	306.286326	0.273369	0.217676	1.979472	1.759531
3547668849.823063	234.455840	325.150199	316.096741	226.054132	328.376854	242.857548	321.923544	0.261370	0.210933	1.959922	1.749756
3547668850.583600	224.210117	334.722190	318.442902	232.395482	338.463821	216.024752	330.980559	0.249130	0.183187	1.940371	1.710655
3547668851.290099	213.760226	343.094303	322.832336	207.614246	349.669022	219.906207	336.519585	0.236641	0.176052	1.920821	1.700880
3547668851.923544	201.382522	351.639092	329.893646	201.620253	360.635951	201.144791	342.642232	0.214162	0.179630	1.886608	1.705767
3547668852.625040	188.736578	358.313021	335.468445	183.063672	365.300018	194.409484	351.326024	0.200947	0.154144	1.867058	1.671554
3547668855.411004	129.015840	372.915141	353.730713	120.421916	375.588056	137.609764	370.242227	0.156020	0.111917	1.803519	1.617791
3547668856.067469	114.261301	373.435507	1.759334	105.420787	375.122314	123.101814	371.748700	0.141553	0.099909	1.783969	1.603128
3547668856.727935	99.373141	372.648934	6.456810	97.818354	363.784250	100.927928	381.513619	0.137886	0.079400	1.779081	1.578690
3547668859.418833	42.745260	359.353550	19.240099	39.319045	351.031228	46.171476	367.675873	0.126764	0.111917	1.764418	1.617791
3547668860.129335	27.597428	354.025964	20.538660	18.660340	355.088253	36.534516	352.963676	0.107812	0.058246	1.739980	1.554252
3547668860.814819	16.965005	349.520494	42.887661	24.963859	345.395165	8.966151	353.645823	0.107812	0.066787	1.739980	1.564027
3547668861.517317	16.387320	347.454988	111.741249	25.180664	345.537412	7.593976	349.372564	0.080366	0.049597	1.705767	1.544477
3547668862.169774	19.696918	345.297286	154.856354	26.848129	350.761734	12.545708	339.832838	0.092262	0.053935	1.720430	1.549365
3547668862.808228	32.978944	341.515989	170.287537	27.593123	334.305377	38.364766	348.726601	0.080366	0.045231	1.705767	1.539589
3547668864.213215	66.111703	343.784773	194.914093	64.897283	334.867083	67.326124	352.702462	0.076355	0.013878	1.700880	1.505376
3547668864.879686	83.787633	350.612607	208.344238	76.218661	345.743248	91.356605	355.481967	0.055949	0.031966	1.676442	1.524927
3547668865.549159	97.647047	359.980976	218.689514	106.105022	356.904834	89.189071	363.057118	0.072321	0.018444	1.695992	1.510264
3547668866.303691	110.894616	372.180010	225.800812	114.348412	363.869096	107.440821	380.490924	0.064182	0.031966	1.686217	1.524927
3547668866.989176	122.854438	387.095355	237.020897	131.725691	388.612216	113.983184	385.578493	0.060078	0.027488	1.681329	1.520039
3547668867.658647	131.875726	404.699186	249.459091	140.480311	407.337577	123.271140	402.060794	0.060078	0.022981	1.681329	1.515152
3547668869.010602	137.623546	438.471963	271.277283	129.601396	434.392121	145.645696	442.551805	0.060078	0.009282	1.681329	1.500489
3547668869.666063	135.842607	454.802648	282.842148	134.954773	445.846546	136.730442	463.758749	0.051796	0.013878	1.671554	1.505376
3547668870.325529	131.394444	470.227314	289.452805	127.673061	462.032724	135.115826	478.421905	0.017679	0.004656	1.632454	1.495601
3547668871.017015	124.834669	485.133612	296.542603	116.343602	482.150025	133.325735	488.117198	0.043417	-0.004687	1.661779	1.485826
3547668871.711507	117.190295	497.577857	305.659546	124.378199	502.993948	110.002392	492.161766	0.043417	0.018444	1.661779	1.510264
3547668872.403996	107.298460	508.983857	314.925232	101.059354	502.497443	113.537565	515.470271	0.026361	-0.009405	1.642229	1.480938
3547668873.099485	96.082533	518.857145	321.503693	88.225875	514.467051	103.939191	523.247240	0.026361	0.009282	1.642229	1.500489
3547668873.775962	83.992728	527.316487	327.240021	79.564734	519.481126	88.420722	535.151847	0.030663	-0.018934	1.647116	1.471163
3547668875.148931	58.509281	540.939980	334.888641	49.935602	543.677139	67.082959	538.202821	0.013299	0.004656	1.627566	1.495601
3547668875.823410	43.217872	546.620344	341.719147	37.321037	553.419412	49.114707	539.821275	0.022033	-0.038378	1.637341	1.451613
3547668876.477869	28.654336	550.022266	349.320740	33.765458	557.430129	23.543214	542.614403	0.017679	-0.009405	1.632454	1.480938
3547668877.160350	15.276796	551.841997	2.674978	11.228004	559.879862	19.325589	543.804131	0.043417	-0.023747	1.661779	1.466276
3547668877.878857	13.044580	550.360119	68.413818	18.850933	543.483618	7.238227	557.236620	0.017679	-0.018934	1.632454	1.471163
3547668878.567342	14.117859	546.082394	122.108810	10.503131	554.324586	17.732587	537.840201	0.008893	-0.014154	1.622678	1.476051
3547668879.902285	35.943706	523.470394	141.187073	34.291756	532.317487	37.595657	514.623301	0.004460	-0.014154	1.617791	1.476051
3547668880.561750	51.495779	512.464545	147.396652	49.197691	521.166200	53.793866	503.762890	0.004460	-0.018934	1.617791	1.471163
3547668881.235223	67.530425	502.971194	152.224792	58.621587	501.693465	76.439264	504.248924	0.004460	-0.023747	1.617791	1.466276
3547668881.908699	86.409816	494.390856	158.651947	77.409826	494.404518	95.409805	494.377194	0.013299	-0.004687	1.627566	1.485826
3547668882.598186	106.518214	487.702020	165.344513	98.267354	491.296920	114.769074	484.107120	0.013299	-0.009405	1.627566	1.480938
3547668883.288673	126.034349	483.697132	171.947556	119.332318	489.704027	132.736380	477.690238	0.013299	0.027488	1.627566	1.520039
3547668884.692665	164.541716	484.046345	189.387115	157.539262	478.392528	171.544169	489.700162	0.008893	-0.033468	1.622678	1.456500
3547668885.411172	183.896909	488.596988	197.777222	182.613262	497.504976	185.180556	479.689000	-0.004487	-0.018934	1.608016	1.471163
3547668886.075638	201.503706	495.552059	207.020660	204.372834	487.021637	198.634578	504.082481	-0.009001	-0.018934	1.603128	1.471163
3547668886.709089	218.148060	505.058177	212.758926	225.023387	499.250433	211.272734	510.865920	-0.013543	-0.018934	1.598240	1.471163
3547668887.379559	233.308458	515.930133	218.676193	241.806659	512.966928	224.810257	518.893337	-0.004487	-0.018934	1.608016	1.471163
3547668888.062041	246.680903	527.561928	223.475586	250.371342	535.770500	242.990464	519.353355	-0.013543	-0.043321	1.598240	1.446725
3547668889.438013	270.514376	557.550982	237.544739	278.954779	554.426944	262.073974	560.675020	-0.000000	-0.028591	1.612903	1.461388
3547668890.187541	280.926043	574.652456	240.623032	272.304926	577.236318	289.547160	572.068594	0.022033	-0.023747	1.637341	1.466276
3547668906.847293	280.849488	580.665440	23.491011	289.826855	581.303313	271.872121	580.027567	-0.000000	0.000000	1.612903	1.490714
3547668907.544787	268.307793	574.066987	27.611286	262.768098	581.160066	273.847488	566.973907	-0.009001	-0.018934	1.603128	1.471163
3547668908.287309	254.946918	565.749535	34.708241	256.298280	574.647502	253.595557	556.851568	-0.000000	-0.033468	1.612903	1.456500
3547668909.000813	242.532026	556.590650	42.522980	251.476160	555.589417	233.587892	557.591884	-0.004487	-0.028591	1.608016	1.461388
3547668909.655275	229.207059	543.563430	46.595230	224.667671	551.334785	233.746447	535.792075	-0.009001	-0.068547	1.603128	1.422287
3547668910.966198	206.051964	518.846030	45.937233	197.707873	522.218883	214.396056	515.473177	0.004460	-0.038378	1.617791	1.451613
3547668911.632672	194.242044	506.291881	44.734856	188.090467	499.722398	200.393621	512.861363	0.004460	0.004656	1.617791	1.495601
3547668912.299140	182.307178	493.987302	44.154827	180.762100	485.120919	183.852256	502.853684	-0.009001	-0.048298	1.603128	1.441838
3547668913.701130	158.218906	468.915756	48.375738	166.764998	471.737866	149.672814	466.093646	-0.018113	-0.068547	1.593353	1.422287
3547668914.378608	146.837715	455.838632	49.992123	149.267427	447.172808	144.408003	464.504455	-0.031992	-0.043321	1.578690	1.446725
3547668915.074100	134.347206	441.334697	48.724688	143.343155	441.064724	125.351256	441.604669	-0.022711	-0.043321	1.588465	1.446725
3547668915.739568	122.251336	427.922494	49.222979	130.024357	423.385960	114.478315	432.459028	0.008893	-0.043321	1.622678	1.446725
3547668916.427057	110.878539	414.737696	49.033253	119.367625	411.748477	102.389454	417.726914	-0.022711	-0.053309	1.588465	1.436950
3547668917.140555	99.657163	401.974438	48.053749	106.870985	407.355959	92.443340	396.592917	-0.018113	-0.028591	1.593353	1.461388
3547668917.794016	87.904995	388.801753	47.123447	87.901013	397.801752	87.908976	379.801754	-0.013543	-0.023747	1.598240	1.466276
3547668918.452482	76.304276	375.838104	47.081974	75.927145	384.830199	76.681408	366.846010	-0.018113	-0.004687	1.593353	1.485826
3547668919.770410	55.371419	351.085481	48.600735	64.331727	351.929801	46.411110	350.241162	-0.009001	-0.018934	1.603128	1.471163
3547668920.466902	43.512420	338.533213	45.779861	34.742837	340.556678	52.282004	336.509748	-0.031992	-0.038378	1.578690	1.451613
3547668921.164395	30.665014	326.519190	41.355392	35.095383	334.353207	26.234644	318.685172	-0.000000	-0.033468	1.612903	1.456500
3547668923.846285	32.913618	303.852001	160.162804	32.388122	312.836646	33.439114	294.867355	-0.004487	-0.014154	1.608016	1.476051
3547668924.502749	50.455169	298.653074	166.415276	49.654015	307.617345	51.256322	289.688803	0.008893	0.018444	1.622678	1.510264
3547668925.186233	68.467442	294.693272	168.523933	76.576445	290.788906	60.358439	298.597638	0.026361	-0.028591	1.642229	1.461388
3547668925.919750	87.081903	291.343480	169.335373	89.832833	282.774211	84.330973	299.912750	0.004460	-0.018934	1.617791	1.471163
3547668926.604231	107.666808	287.426560	167.672485	115.946788	290.953873	99.386829	283.899247	-0.031992	-0.028591	1.578690	1.461388
3547668927.279708	128.627873	281.832006	165.422607	120.682617	286.059641	136.573130	277.604371	0.004460	-0.028591	1.617791	1.461388
3547668927.962191	147.245992	276.887744	163.022308	150.251700	268.404483	144.240284	285.371005	0.022033	-0.014154	1.637341	1.476051
3547668928.650677	167.337301	270.601553	161.697164	176.296840	271.453993	158.377761	269.749112	0.030663	-0.009405	1.647116	1.480938
3547668929.327157	185.496112	264.044573	157.629776	180.790827	256.372527	190.201396	271.716620	0.047619	0.000000	1.666667	1.490714
3547668929.955601	203.931392	255.371339	152.990341	196.622719	260.623319	211.240065	250.119358	0.043417	0.004656	1.661779	1.495601
3547668930.665106	220.080972	247.158070	153.082703	213.287842	253.061745	226.874103	241.254395	0.103957	0.045231	1.735093	1.539589
3547668931.377601	237.022420	239.239314	156.599411	241.180202	231.257282	232.864638	247.221347	0.145199	0.142899	1.788856	1.656891
3547668934.122535	290.222231	225.810906	94.254715	290.159813	216.811122	290.284648	234.810689	0.361447	0.357073	2.135875	1.989247
3547668934.755984	289.400441	224.629267	39.096813	280.534933	223.079180	298.265949	226.179354	0.379022	0.385171	2.170088	2.043011
3547668935.452475	282.266846	219.526486	31.988766	277.388664	211.963196	287.145028	227.089775	0.410232	0.411828	2.233627	2.096774
3547668936.107937	272.884452	213.979294	30.730247	278.583241	207.013390	267.185664	220.945197	0.428571	0.418862	2.272727	2.111437
3547668936.819439	262.575241	207.993450	26.541969	253.692455	206.545654	271.458027	209.441246	0.439716	0.434902	2.297165	2.145650
3547668937.504922	252.053485	202.299519	28.968924	257.814117	209.214366	246.292853	195.384671	0.457063	0.441621	2.336266	2.160313
3547668938.231435	242.418920	197.282012	25.873337	236.346372	190.639411	248.491469	203.924614	0.459191	0.448249	2.341153	2.174976
3547668938.906911	231.558590	191.372913	28.338074	232.131860	200.354637	230.985319	182.391189	0.471772	0.475967	2.370479	2.238514
3547668939.581388	221.910206	186.120721	30.832619	226.867297	178.608914	216.953116	193.632529	0.477947	0.461241	2.385142	2.204301
3547668941.603813	193.628118	166.583885	34.693592	194.848999	175.500692	192.407238	157.667078	0.469697	0.465495	2.365591	2.214076
3547668942.273286	185.459452	159.870865	39.917099	178.279426	165.297394	192.639479	154.444336	0.459191	0.465495	2.341153	2.214076
3547668942.972780	177.164568	153.438492	38.180513	172.997371	145.461371	181.331765	161.415614	0.454927	0.430372	2.331378	2.135875
3547668943.677279	168.475191	145.877738	40.506245	165.520860	154.379028	171.429522	137.376448	0.430820	0.434902	2.277615	2.145650
3547668944.390780	160.196186	138.950167	43.067636	167.327386	133.459632	153.064985	144.440703	0.424046	0.418862	2.262952	2.111437
3547668945.047246	152.139958	130.811080	43.257847	158.104473	124.071306	146.175443	137.550855	0.407895	0.395025	2.228739	2.062561
3547668947.101692	129.002157	104.740548	51.521006	120.445751	101.949862	137.558562	107.531233	0.356322	0.349144	2.126100	1.974585
3547668947.733139	121.040129	95.228399	55.004734	130.036882	94.986664	112.043376	95.470133	0.351149	0.346475	2.116325	1.969697
3547668948.410616	114.708447	85.069610	58.165272	105.717888	85.481734	123.699006	84.657485	0.327269	0.313381	2.072336	1.911046
3547668949.108108	108.869414	74.591536	63.964832	100.718301	70.775865	117.020528	78.407207	0.319082	0.307667	2.057674	1.901271
3547668950.485079	98.390457	51.242358	68.854797	100.706278	42.545406	96.074636	59.939310	0.290928	0.284210	2.008798	1.862170
3547668951.168565	94.128597	38.823217	74.367699	101.846719	34.193899	86.410474	43.452535	0.270391	0.253467	1.974585	1.813294
3547668951.863053	90.808355	26.660896	76.228981	84.162375	20.592046	97.454336	32.729747	0.261370	0.247118	1.959922	1.803519
3547668956.002972	86.270652	21.219936	314.878296	80.342752	14.447935	92.198551	27.991938	0.214162	0.210933	1.886608	1.749756
3547668956.679450	76.503124	29.197497	324.297424	82.392670	36.002880	70.613577	22.392114	0.200947	0.200675	1.867058	1.735093
3547668957.374943	63.838026	37.279778	330.949585	71.785620	41.503018	55.890433	33.056538	0.177143	0.165193	1.832845	1.686217
3547668958.055420	51.724960	43.680570	334.449951	42.800514	42.516839	60.649405	44.844300	0.180598	0.154144	1.837732	1.671554
3547668958.745908	38.333119	49.998968	335.492737	32.831598	57.121696	43.834640	42.876239	0.173669	0.183187	1.827957	1.710655
3547668959.394373	24.279456	56.062525	337.526642	33.109636	57.802613	15.449275	54.322437	0.163137	0.142899	1.813294	1.656891
3547668960.064837	16.248987	60.002085	304.686890	15.820769	68.991892	16.677205	51.012278	0.156020	0.135292	1.803519	1.647116
3547668963.496259	68.579575	70.604348	185.217758	67.357486	79.520990	69.801663	61.687706	0.123016	0.103936	1.759531	1.608016
3547668964.937276	104.622446	71.935160	178.231003	97.921989	77.943810	111.322903	65.926510	0.115456	0.087679	1.749756	1.588465
3547668965.628763	122.887860	71.250658	175.466370	126.906110	63.197481	118.869609	79.303835	0.100081	0.083553	1.730205	1.583578
3547668966.294232	139.593782	69.753364	175.734200	141.337584	60.923916	137.849980	78.582812	0.096182	0.087679	1.725318	1.588465
3547668969.792703	228.100103	57.619007	166.966812	232.114992	65.673861	224.085215	49.564153	0.096182	0.095858	1.725318	1.598240
3547668970.469183	246.814498	53.264900	165.241409	238.237463	55.991522	255.391533	50.538278	0.076355	0.058246	1.700880	1.554252
3547668971.145658	265.062944	48.506804	163.003143	268.230672	40.082702	261.895217	56.930907	0.080366	0.066787	1.705767	1.564027
3547668971.809126	281.141057	43.441982	160.014542	279.294119	52.250434	282.987995	34.633531	0.084354	0.062530	1.710655	1.559140
3547668972.473593	288.762731	42.113902	210.016388	284.684188	50.136713	292.841274	34.091092	0.088319	0.058246	1.715543	1.554252
3547668973.133057	289.765805	43.566950	275.856171	294.877131	36.159229	284.654478	50.974672	0.076355	0.062530	1.700880	1.559140
3547668973.826548	289.984034	43.393421	336.126221	289.766317	52.390787	290.201752	34.396055	0.068263	0.049597	1.691105	1.544477
3547668974.525042	289.585551	43.128090	35.496773	296.849610	48.441606	282.321492	37.814574	0.076355	0.031966	1.700880	1.524927
3547668975.226534	286.620051	37.773919	67.947601	294.897780	34.241327	278.342322	41.306511	0.068263	0.040838	1.691105	1.534702
3547668975.887002	282.127904	22.996467	77.203896	273.375014	25.090964	290.880794	20.901969	0.064182	0.053935	1.686217	1.549365
3547668979.923850	273.151995	17.821480	335.215363	265.910329	23.165474	280.393661	12.477486	0.039191	0.013878	1.656891	1.505376
3547668980.677380	258.990688	23.474768	341.002319	250.078138	24.726346	267.903238	22.223190	0.055949	0.027488	1.676442	1.520039
3547668981.404894	242.195286	28.859283	344.561737	249.833265	24.098896	234.557308	33.619670	0.055949	0.036416	1.676442	1.529814
3547668982.083372	226.377240	33.355916	345.067017	230.756496	25.493212	221.997985	41.218621	0.034939	0.009282	1.652004	1.500489
3547668982.766856	210.838836	37.727260	344.180878	219.699043	36.147154	201.978629	39.307367	0.047619	0.053935	1.666667	1.549365
3547668983.478358	195.813013	42.180310	341.860748	190.934742	49.743542	200.691284	34.617079	0.030663	0.013878	1.647116	1.505376
3547668984.178850	179.446890	47.846564	340.971115	170.499630	48.819469	188.394150	46.873660	0.030663	0.018444	1.647116	1.510264
3547668984.862335	162.833031	53.827037	339.473541	161.208178	44.974927	164.457884	62.679147	0.026361	-0.004687	1.642229	1.485826
3547668986.901774	115.453481	76.602858	330.651825	121.812337	82.971920	109.094624	70.233796	0.026361	0.009282	1.642229	1.500489
3547668987.586259	101.116210	85.147331	327.925751	92.727484	81.887073	109.504936	88.407588	0.034939	0.013878	1.652004	1.505376
3547668988.285749	86.464789	94.866620	324.175385	91.482064	102.338364	81.447514	87.394877	0.030663	0.009282	1.647116	1.500489
3547668988.937207	73.011629	104.866614	322.447723	64.847814	108.655034	81.175444	101.078195	0.022033	0.027488	1.637341	1.520039
3547668990.958633	31.472102	138.156250	319.751190	37.209682	131.222262	25.734523	145.090237	0.008893	0.031966	1.622678	1.524927
3547668991.632109	18.623300	149.695087	316.202820	10.610458	153.793180	26.636142	145.596995	0.022033	-0.018934	1.637341	1.471163
3547668992.293575	15.311729	151.259471	9.878273	19.254719	159.349764	11.368739	143.169179	0.026361	0.009282	1.642229	1.500489
3547668993.036098	15.019259	151.054643	80.286934	23.879719	149.475961	6.158798	152.633324	0.004460	0.040838	1.617791	1.534702
3547668993.710575	15.102611	150.984777	138.904907	9.479727	143.957461	20.725496	158.012093	0.013299	0.000000	1.627566	1.490714
3547668994.360033	15.734746	151.057285	200.544083	20.189843	143.237303	11.279650	158.877267	0.022033	0.013878	1.637341	1.505376
3547668995.011493	24.318047	156.709440	219.177261	30.348151	150.028285	18.287942	163.390596	0.039191	-0.004687	1.656891	1.485826
3547668995.665956	35.674414	167.335632	226.299728	34.730636	158.385253	36.618191	176.286011	0.026361	0.009282	1.642229	1.500489
3547668997.045928	59.363191	194.971367	229.107132	57.319002	203.736143	61.407380	186.206591	0.022033	0.004656	1.637341	1.495601
3547668997.745421	72.649097	208.328962	221.678635	63.822035	210.084802	81.476159	206.573123	0.008893	0.013878	1.622678	1.505376
3547668998.412894	87.506051	219.865344	214.195877	82.667738	212.276488	92.344363	227.454200	0.030663	0.004656	1.647116	1.495601
3547669000.559407	142.226010	242.596930	193.221764	151.225151	242.472595	133.226869	242.721265	0.030663	0.115872	1.647116	1.622678
3547669001.226878	160.237024	245.929112	190.933945	154.417018	252.794062	166.057030	239.064163	0.017679	0.321844	1.632454	1.925709
3547669001.899353	178.654662	249.027910	186.620972	187.242546	251.720169	170.066779	246.335650	0.039191	0.484182	1.656891	2.258065
3547669003.256311	213.019386	244.499735	147.329422	210.141917	253.027347	215.896856	235.972122	0.072321	0.560852	1.695992	2.458456
3547669004.689321	224.401475	217.263375	76.010857	219.226263	209.900143	229.576687	224.626606	0.103957	0.559131	1.735093	2.453568
3547669005.393818	216.457717	204.326954	41.030792	218.158223	213.164843	214.757212	195.489065	0.107812	0.543328	1.739980	2.409580
3547669006.077301	202.231973	198.209263	2.214593	195.033568	203.611389	209.430378	192.807138	0.130492	0.548659	1.769306	2.424242
3547669006.772791	187.965369	201.480118	333.015961	187.901115	192.480347	188.029623	210.479888	0.156020	0.528788	1.803519	2.370479
3547669007.446267	178.489506	209.517638	307.018814	185.294010	203.627075	171.685003	215.408201	0.159588	0.611006	1.808407	2.609971
3547669008.106731	171.930877	222.393858	285.587906	169.296781	230.999759	174.564973	213.787957	0.190853	0.667716	1.852395	2.805474
3547669009.509720	175.557833	245.906688	236.150719	180.117489	253.666169	170.998178	238.147207	0.302352	0.713561	2.028348	2.986315
3547669010.189204	184.074033	253.254679	204.394318	185.780790	262.091363	182.367276	244.417996	0.319082	0.728379	2.057674	3.049853
3547669012.363737	216.293774	244.818761	128.904266	217.183028	253.774721	215.404519	235.862800	0.435287	0.708875	2.302053	2.971652
3547669014.452209	219.032071	215.264000	68.279388	225.707664	209.227739	212.356477	221.300262	0.522878	0.684482	2.497556	2.869013
3547669015.094662	214.199482	207.134987	50.571449	211.488544	198.552982	216.910419	215.716993	0.555316	0.678122	2.585533	2.844575
3547669015.790153	206.862167	199.788281	39.435966	197.985972	201.275947	215.738363	198.300616	0.553571	0.672955	2.580645	2.825024
3547669016.477637	199.408179	194.995493	22.957903	206.815598	200.107258	192.000759	189.883728	0.541175	0.666394	2.546432	2.800587
3547669017.163121	191.113438	192.177853	17.239991	200.106676	192.526681	182.120201	191.829024	0.533941	0.652924	2.526882	2.751711
3547669017.885630	182.116621	189.864127	7.164492	175.172482	184.138838	189.060760	195.589415	0.535760	0.627431	2.531769	2.663734
3547669018.590128	172.708377	190.001122	358.032013	173.692352	181.055073	171.724402	198.947171	0.517248	0.607947	2.482893	2.600196
3547669019.255599	162.927317	190.478584	349.221512	167.279436	198.356342	158.575198	182.600827	0.505786	0.607947	2.453568	2.600196
3547669019.895049	154.381602	192.951557	337.842865	163.315085	191.859363	145.448120	194.043751	0.496024	0.592298	2.429130	2.551320
3547669020.581532	145.211859	197.181350	331.619690	154.063757	195.555343	136.359961	198.807357	0.484046	0.580983	2.399804	2.517107
3547669021.271019	137.515610	201.952058	322.080917	128.536209	202.560627	146.495011	201.343490	0.465521	0.552178	2.355816	2.434018
3547669021.936488	130.024146	208.676121	315.652435	121.051249	207.978185	138.997044	209.374057	0.448463	0.543328	2.316716	2.409580
3547669022.614968	123.164872	215.958771	307.676422	124.949879	207.137561	121.379866	224.779981	0.430820	0.530632	2.277615	2.375367
3547669023.341481	116.959100	225.787526	302.297577	111.128975	218.931169	122.789226	232.643884	0.424046	0.511847	2.262952	2.326491
3547669024.675421	106.383114	245.124489	293.950958	115.181537	243.230352	97.584691	247.018626	0.391240	0.473891	2.194526	2.233627
3547669025.370913	102.522711	255.600681	284.121094	93.689883	253.874079	111.355539	257.327283	0.374057	0.463372	2.160313	2.209189
3547669026.080412	99.655942	266.932794	282.642944	100.557975	257.978112	98.753909	275.887477	0.361447	0.446049	2.135875	2.170088
3547669026.749883	97.893960	278.678816	275.851501	103.039819	271.295041	92.748101	286.062591	0.351149	0.428091	2.116325	2.130987
3547669027.423361	96.005028	291.239939	270.882446	90.169447	284.388224	101.840609	298.091654	0.332663	0.416528	2.082111	2.106549
3547669029.468805	100.226290	325.895412	257.139648	104.309881	317.875170	96.142699	333.915654	0.290928	0.364886	2.008798	2.003910
3547669030.174301	103.266366	337.542057	252.396194	95.376830	333.211327	111.155902	341.872786	0.267399	0.346475	1.969697	1.969697
3547669030.935838	107.256806	349.271807	249.439484	115.808009	352.078396	98.705604	346.465219	0.264392	0.332929	1.964809	1.945259
3547669032.251766	119.141015	374.739270	239.358536	114.077863	367.298538	124.204167	382.180002	0.239787	0.304788	1.925709	1.896383
3547669032.994289	126.803634	386.658304	235.194496	123.093133	394.857827	130.514134	378.458780	0.230301	0.298985	1.911046	1.886608
3547669033.702789	136.444765	398.804734	230.252457	143.584370	404.284336	129.305159	393.325132	0.204277	0.281209	1.871945	1.857283
3547669034.357255	146.574416	410.036853	224.317970	155.156590	412.747255	137.992241	407.326451	0.210884	0.272109	1.881720	1.842620
3547669035.784257	168.580688	428.764090	216.947647	170.172063	437.622280	166.989314	419.905900	0.180598	0.253467	1.837732	1.813294
3547669036.512773	181.949155	437.571538	212.186218	190.874705	436.416307	173.023605	438.726769	0.184034	0.234212	1.842620	1.783969
3547669037.192252	196.056745	445.734974	207.379211	195.749938	436.740205	196.363552	454.729743	0.156020	0.217676	1.803519	1.759531
3547669037.879737	211.107448	453.107702	201.865524	204.628747	446.860589	217.586150	459.354815	0.163137	0.250301	1.813294	1.808407
3547669038.562218	225.083027	458.569763	198.435410	229.516407	466.402076	220.649646	450.737449	0.159588	0.204113	1.808407	1.739980
3547669039.235692	240.991043	463.072720	193.826859	248.321643	457.851389	233.660443	468.294052	0.152433	0.193739	1.798631	1.725318
3547669039.957202	256.796749	466.458117	192.401672	263.026469	472.953546	250.567030	459.962688	0.137886	0.176052	1.779081	1.700880
3547669040.639684	272.278077	469.326178	188.012253	276.460461	461.357009	268.095692	477.295348	0.107812	0.168834	1.739980	1.691105
3547669041.325169	287.560643	470.864433	166.478180	287.324594	479.861337	287.796693	461.867529	0.134199	0.176052	1.774194	1.700880
3547669042.764182	288.443603	466.804213	47.911308	294.820409	473.155304	282.066798	460.453122	0.115456	0.165193	1.749756	1.686217
3547669043.454669	279.906033	457.867388	42.558788	288.808588	456.546589	271.003478	459.188188	0.115456	0.154144	1.749756	1.671554
3547669044.153164	269.328532	447.678887	44.593693	264.162434	440.309257	274.494629	455.048516	0.126764	0.150418	1.764418	1.666667
3547669044.847653	257.671705	436.958057	42.434669	266.669290	436.749558	248.674121	437.166556	0.100081	0.150418	1.730205	1.666667
3547669045.541142	245.984904	427.387344	37.700054	245.976424	418.387348	245.993385	436.387340	0.111645	0.135292	1.744868	1.647116
3547669046.931122	218.580738	407.379573	31.769789	215.462028	398.937200	221.699448	415.821945	0.092262	0.135292	1.720430	1.647116
3547669047.640624	204.706942	399.136132	28.586906	207.474510	407.700043	201.939374	390.572222	0.092262	0.131454	1.720430	1.642229
3547669048.395155	189.393307	391.709379	24.679825	193.331614	383.616806	185.454999	399.801952	0.096182	0.119802	1.725318	1.627566
3547669049.083642	172.661006	385.018863	20.167395	163.947418	382.766446	181.374594	387.271280	0.107812	0.131454	1.739980	1.642229
3547669049.771125	156.261181	379.909160	15.006003	150.449742	386.781363	162.072620	373.036956	0.084354	0.099909	1.710655	1.603128
3547669050.469618	138.898538	376.337905	8.577728	132.154565	382.297673	145.642510	370.378137	0.088319	0.146670	1.715543	1.661779
3547669051.122082	123.273684	374.560858	4.311443	131.559914	378.073465	114.987455	371.048252	0.076355	0.099909	1.700880	1.603128
3547669051.820573	107.373266	373.475573	4.290393	115.583726	377.161810	99.162805	369.789337	0.092262	0.111917	1.720430	1.617791
3547669052.488043	92.429838	372.565828	3.231811	93.240705	381.529226	91.618972	363.602431	0.080366	0.091781	1.705767	1.593353
3547669053.167522	77.336096	372.001777	3.194615	77.813072	380.989129	76.859119	363.014426	0.084354	0.099909	1.710655	1.603128
3547669053.884029	62.374567	371.538841	359.780121	53.395221	372.148233	71.353912	370.929450	0.064182	0.095858	1.686217	1.598240
3547669055.919464	15.603573	373.353923	342.334656	14.714533	382.309904	16.492612	364.397941	0.076355	0.075222	1.700880	1.573803
3547669056.613954	14.406058	374.303232	274.917267	23.402553	374.052078	5.409563	374.554386	0.076355	0.099909	1.700880	1.603128
3547669057.293433	16.502771	376.049913	209.675537	9.976926	382.247763	23.028615	369.852062	0.076355	0.075222	1.700880	1.573803
3547669057.937886	28.549974	381.300280	201.280533	26.598179	372.514468	30.501769	390.086092	0.080366	0.083553	1.705767	1.583578
3547669058.646386	44.518455	386.876869	196.427750	35.545966	387.580030	53.490944	386.173707	0.076355	0.091781	1.700880	1.593353
3547669059.354888	62.612379	391.699958	192.341095	68.437435	398.560622	56.787322	384.839294	0.072321	0.075222	1.695992	1.573803
3547669060.034366	81.395799	395.346679	187.880219	86.590930	387.997488	76.200668	402.695870	0.088319	0.062530	1.715543	1.559140
3547669060.734863	99.812030	397.456617	183.673889	90.865717	396.475044	108.758343	398.438191	0.064182	0.079400	1.686217	1.578690
3547669061.406334	119.245461	398.368093	180.384369	127.949395	400.657531	110.541526	396.078654	0.064182	0.062530	1.686217	1.559140
3547669062.072806	137.142417	398.389641	179.194382	138.251991	407.320982	136.032843	389.458301	0.068263	0.071018	1.691105	1.568915
3547669062.748283	155.255826	397.848604	176.784157	148.464875	391.942421	162.046776	403.754786	0.068263	0.071018	1.691105	1.568915
3547669063.446774	173.489972	396.549270	175.473541	177.450365	388.467483	169.529578	404.631058	0.068263	0.045231	1.691105	1.539589
3547669064.147268	191.816563	394.645755	173.155869	195.056602	403.042310	188.576523	386.249199	0.072321	0.031966	1.695992	1.524927
3547669064.827748	209.196889	392.227733	171.197113	200.198633	392.050566	218.195145	392.404901	0.068263	0.062530	1.691105	1.559140
3547669065.493217	227.797635	389.322822	170.376419	221.793021	382.618748	233.802250	396.026896	0.072321	0.066787	1.695992	1.564027
3547669066.190709	246.504562	386.198606	169.212723	250.283216	378.030266	242.725909	394.366946	0.072321	0.066787	1.695992	1.564027
3547669067.574686	282.302921	377.360009	160.952606	288.314003	384.058285	276.291839	370.661734	0.084354	0.079400	1.710655	1.578690
3547669068.250167	290.010876	372.786138	108.978004	282.547756	377.816232	297.473995	367.756044	0.076355	0.062530	1.700880	1.559140
3547669071.025121	257.693879	352.482432	30.408535	265.302853	347.675822	250.084904	357.289043	0.068263	0.087679	1.691105	1.588465
3547669071.704600	242.739803	343.835553	26.859356	233.848839	345.232250	251.630766	342.438855	0.068263	0.036416	1.691105	1.529814
3547669072.406094	227.124787	336.894497	21.950140	226.755813	345.886931	227.493760	327.902064	0.055949	0.058246	1.676442	1.554252
3547669073.122599	210.408786	330.499987	20.999315	202.875512	335.424393	217.942060	325.575581	0.060078	0.071018	1.681329	1.568915
3547669073.803081	193.807457	324.102432	21.137873	187.026511	330.020099	200.588402	318.184766	0.055949	0.062530	1.676442	1.559140
3547669074.466547	177.312993	317.242468	21.065243	170.120503	322.652467	184.505484	311.832470	0.060078	0.062530	1.681329	1.559140
3547669075.139021	162.916341	310.970092	21.279348	157.037560	317.784777	168.795122	304.155407	0.043417	0.058246	1.661779	1.554252
3547669075.816500	147.140391	305.152572	20.914073	139.215210	309.417722	155.065572	300.887422	0.064182	0.058246	1.686217	1.554252
3547669076.474967	131.304462	299.028157	21.220975	125.038123	305.488265	137.570801	292.568049	0.072321	0.075222	1.695992	1.573803
3547669077.131428	114.959274	293.325919	20.364775	105.973170	292.825978	123.945377	293.825859	0.060078	0.062530	1.681329	1.559140
3547669077.809908	98.720053	287.591997	20.265244	89.828100	286.201609	107.612006	288.982385	0.072321	0.075222	1.695992	1.573803
3547669079.190881	69.897811	276.763998	19.149178	67.241382	268.164964	72.554239	285.363032	0.076355	0.066787	1.700880	1.564027
3547669079.922399	53.983888	270.734684	19.756739	46.893944	265.190976	61.073832	276.278392	0.076355	0.071018	1.700880	1.568915
3547669080.602878	37.123220	264.126140	20.710787	28.500144	266.703457	45.746296	261.548822	0.080366	0.071018	1.705767	1.568915
3547669081.266348	21.394874	257.908182	20.542082	12.461473	259.001044	30.328275	256.815319	0.088319	0.083553	1.715543	1.583578
3547669081.945828	16.545497	254.893467	73.894455	25.525287	254.290670	7.565706	255.496264	0.080366	0.075222	1.705767	1.573803
3547669082.607292	17.031521	253.176657	126.020592	13.887301	244.743752	20.175741	261.609562	0.084354	0.075222	1.710655	1.573803
3547669083.288772	24.008608	247.970923	148.474243	30.585165	254.114937	17.432052	241.826909	0.068263	0.075222	1.691105	1.573803
3547669084.013283	34.862390	241.784085	153.837814	33.961869	250.738919	35.762912	232.829250	0.068263	0.062530	1.691105	1.559140
3547669086.073736	85.577863	222.380330	161.190811	92.999727	227.471100	78.156000	217.289560	0.060078	0.071018	1.681329	1.568915
3547669086.776233	103.479007	215.790570	158.158478	95.546291	211.539450	111.411723	220.041689	0.064182	0.053935	1.686217	1.549365
3547669087.463717	120.200529	208.754072	157.062271	120.356776	199.755428	120.044283	217.752716	0.080366	0.045231	1.705767	1.539589
3547669088.137196	135.639483	201.055353	158.882706	126.881180	203.127096	144.397787	198.983610	0.084354	0.071018	1.710655	1.568915
3547669088.838686	151.521604	195.520705	159.761673	147.529682	203.586965	155.513527	187.454445	0.137886	0.103936	1.779081	1.608016
3547669089.529176	167.418513	189.329307	158.461952	158.577896	187.643041	176.259130	191.015573	0.180598	0.183187	1.837732	1.710655
3547669090.240677	185.711453	181.925000	157.551949	181.616904	173.910346	189.806001	189.939654	0.197600	0.234212	1.862170	1.783969
3547669092.955591	243.899706	153.403100	148.588989	251.136470	158.753731	236.662943	148.052469	0.236641	0.265961	1.920821	1.832845
3547669093.641075	257.188732	144.571109	145.805252	248.536271	142.094235	265.841194	147.047984	0.227106	0.265961	1.906158	1.832845
3547669094.313552	269.313943	135.855197	143.452744	277.167423	131.459420	261.460463	140.250974	0.236641	0.265961	1.920821	1.832845
3547669094.996034	281.007217	127.291927	141.063599	278.278230	135.868210	283.736204	118.715644	0.220668	0.281209	1.896383	1.857283
3547669099.805429	228.235074	127.190144	347.936188	221.901742	133.584587	234.568406	120.795701	0.264392	0.357073	1.964809	1.989247
3547669100.465891	214.794559	130.794939	341.905334	210.258240	138.568085	219.330878	123.021792	0.258333	0.370031	1.955034	2.013685
3547669101.127360	202.195949	134.928636	338.549652	208.280171	128.296725	196.111726	141.560546	0.282213	0.377655	1.994135	2.028348
3547669101.823849	190.154184	140.599230	336.064224	189.379437	149.565822	190.928932	131.632639	0.305174	0.414183	2.033236	2.101662
3547669102.539352	178.181771	146.900596	329.041351	171.565486	153.001807	184.798057	140.799386	0.345929	0.425800	2.106549	2.126100
3547669103.199820	166.735755	154.076107	323.404556	165.129031	162.931525	168.342479	145.220688	0.343300	0.432642	2.101662	2.140762
3547669103.874296	156.110993	162.524440	319.923767	160.572628	154.708188	151.649357	170.340693	0.386385	0.430372	2.184751	2.135875
3547669105.863701	130.518088	188.160773	315.069351	123.412080	182.637671	137.624095	193.683874	0.424046	0.402294	2.262952	2.077224
3547669106.516160	122.417614	197.033728	310.896881	121.333131	205.968150	123.502097	188.099306	0.461310	0.434902	2.346041	2.145650
3547669107.245679	114.843188	205.264947	315.062683	107.774166	199.694585	121.912209	210.835309	0.546529	0.448249	2.561095	2.174976
3547669107.900136	106.487955	213.586510	315.289856	98.345979	209.751380	114.629932	217.421641	0.580707	0.454788	2.658847	2.189638
3547669108.613639	97.688693	221.216125	320.374847	98.296659	212.236683	97.080727	230.195567	0.583987	0.432642	2.668622	2.140762
3547669114.090502	24.612408	223.105696	50.315941	24.158475	214.117151	25.066341	232.094241	0.499952	0.341097	2.438905	1.959922
3547669114.839031	18.129239	213.348982	61.895702	25.376776	208.012952	10.881703	218.685011	0.484046	0.321844	2.399804	1.925709
3547669115.486489	18.108717	209.978133	119.698219	15.297287	201.428521	20.920146	218.527745	0.459191	0.293121	2.341153	1.876833
3547669116.160964	18.811150	209.757421	175.138062	25.211465	203.430023	12.410835	216.084819	0.450627	0.310531	2.321603	1.906158
3547669116.852453	27.046573	210.263095	189.711273	18.608012	207.134087	35.485134	213.392103	0.426314	0.259747	2.267840	1.823069
3547669117.510916	38.807747	213.693843	203.426956	32.500239	220.113761	45.115255	207.273926	0.426314	0.269043	2.267840	1.837732
3547669118.224419	50.260229	220.036181	212.549667	58.192044	215.783379	42.328415	224.288982	0.407895	0.272109	2.228739	1.842620
3547669120.286874	75.956967	250.737898	245.210434	74.467981	241.861924	77.445952	259.613873	0.407895	0.250301	2.228739	1.808407
3547669121.805947	81.145805	275.615303	269.729889	85.036809	267.499880	77.254801	283.730726	0.400820	0.237465	2.214076	1.788856
3547669122.462409	78.525425	291.610621	282.552948	80.228609	282.773248	76.822241	300.447994	0.376545	0.221020	2.165200	1.764418
3547669123.184919	75.765389	302.098714	291.934464	73.681592	310.854157	77.849187	293.343271	0.369048	0.200675	2.150538	1.735093
3547669124.569895	61.854830	323.347684	314.203064	61.460768	314.356315	62.248891	332.339053	0.338006	0.197217	2.091887	1.730205
3547669125.231362	52.778931	331.895775	322.894348	47.052212	338.838735	58.505649	324.952815	0.329972	0.186725	2.077224	1.715543
3547669125.927855	43.171835	337.854204	331.809174	51.559037	334.590029	34.784633	341.118379	0.319082	0.190242	2.057674	1.720430
3547669126.599327	31.779957	342.959513	342.533234	32.675184	351.914878	30.884731	334.004147	0.302352	0.183187	2.028348	1.710655
3547669127.304825	19.137517	346.061886	352.321564	15.116307	338.010186	23.158727	354.113585	0.307982	0.172453	2.038123	1.695992
3547669127.988313	16.539485	346.050971	56.905346	13.397014	337.617415	19.681955	354.484528	0.270391	0.165193	1.974585	1.686217
3547669128.661783	16.753417	345.627614	122.136406	13.367484	353.966406	20.139351	337.288821	0.276331	0.157849	1.984360	1.676442
3547669129.325252	23.837580	338.769104	141.023804	20.769550	347.230026	26.905609	330.308183	0.261370	0.146670	1.959922	1.661779
3547669129.978714	36.377844	330.901631	154.492233	41.114161	338.554559	31.641526	323.248704	0.249130	0.146670	1.940371	1.661779
3547669130.713229	51.427697	325.673738	166.423798	50.702966	334.644511	52.152429	316.702965	0.246032	0.157849	1.935484	1.676442
3547669131.396714	68.342564	323.419746	176.744568	61.790692	317.249415	74.894435	329.590077	0.230301	0.135292	1.911046	1.647116
3547669132.110216	85.581259	323.997885	186.856323	94.560190	324.613361	76.602329	323.382409	0.214162	0.127593	1.886608	1.637341
3547669132.823719	102.649682	327.566986	196.982361	95.392416	332.889775	109.906949	322.244196	0.227106	0.115872	1.906158	1.622678
3547669133.518209	119.485661	334.288981	206.659637	125.183047	327.321930	113.788275	341.256031	0.200947	0.107939	1.867058	1.612903
3547669134.196688	133.507584	342.020601	212.165535	142.455118	341.050213	124.560051	342.990988	0.187453	0.103936	1.847507	1.608016
3547669134.884178	146.919966	351.899468	217.148651	150.247868	360.261589	143.592065	343.537347	0.200947	0.142899	1.867058	1.656891
3547669136.256141	171.668370	374.051960	226.791840	166.607641	366.609581	176.729100	381.494340	0.173669	0.107939	1.827957	1.612903
3547669136.953632	182.789903	387.233061	233.269760	176.384676	380.910635	189.195131	393.555486	0.180598	0.111917	1.837732	1.617791
3547669137.656128	192.231297	401.369014	240.337708	183.231452	401.421839	201.231142	401.316188	0.180598	0.099909	1.837732	1.603128
3547669138.347617	199.449028	415.603870	247.854202	196.518874	424.113523	202.379182	407.094217	0.166667	0.095858	1.818182	1.598240
3547669139.033100	204.844060	431.414714	255.871811	213.717364	432.919526	195.970755	429.909902	0.163137	0.099909	1.813294	1.603128
3547669139.696567	207.683306	447.824391	264.881012	200.172785	442.865352	215.193828	452.783430	0.170177	0.075222	1.823069	1.573803
3547669140.376046	208.266902	464.949654	271.911224	199.386871	466.414250	217.146933	463.485058	0.152433	0.091781	1.798631	1.593353
3547669141.785040	204.349257	495.388101	281.433990	213.043407	493.061785	195.655106	497.714418	0.137886	0.095858	1.779081	1.598240
3547669142.477530	199.969063	510.546130	289.659149	194.647688	503.287826	205.290437	517.804434	0.130492	0.075222	1.769306	1.573803
3547669143.148004	193.510740	526.054886	297.171478	184.889052	528.636842	202.132428	523.472931	0.126764	0.075222	1.764418	1.573803
3547669144.524974	176.950583	552.688705	306.549042	185.684524	550.516544	168.216643	554.860866	0.119247	0.071018	1.754643	1.568915
3547669145.217468	167.930343	563.456744	310.410034	162.791971	570.845731	173.068716	556.067757	0.115456	0.083553	1.749756	1.583578
3547669145.866920	157.902379	573.417992	314.569855	154.310031	565.166021	161.494727	581.669964	0.115456	0.075222	1.749756	1.573803
3547669146.567414	149.426221	581.357860	339.664322	146.152263	572.974472	152.700179	589.741249	0.130492	0.066787	1.769306	1.564027
3547669147.254901	148.704973	580.968461	41.088146	150.909293	589.694341	146.500654	572.242581	0.111645	0.053935	1.744868	1.549365
3547669147.964402	148.840181	577.517577	95.438583	140.482174	574.179355	157.198187	580.855799	0.115456	0.066787	1.749756	1.564027
3547669148.620864	151.047711	564.489103	103.148209	146.541865	572.279953	155.553557	556.698252	0.107812	0.053935	1.739980	1.549365
3547669149.295341	156.327705	547.966278	110.094292	157.570659	556.880035	155.084751	539.052521	0.119247	0.053935	1.754643	1.549365
3547669150.646294	172.283287	514.734104	117.323158	180.238780	518.942445	164.327794	510.525763	0.107812	0.075222	1.739980	1.573803
3547669151.343785	181.797835	498.365808	120.797554	172.904019	496.987386	190.691650	499.744230	0.111645	0.111917	1.744868	1.617791
3547669152.670721	202.905726	466.694209	123.257523	208.943741	473.368216	196.867711	460.020202	0.100081	0.075222	1.730205	1.573803
3547669153.384224	213.547858	450.853495	123.506866	221.046078	455.831115	206.049639	445.875874	0.100081	0.058246	1.730205	1.554252
3547669154.078713	223.460115	436.974041	126.838074	215.158102	433.498902	231.762127	440.449179	0.103957	0.095858	1.735093	1.598240
3547669155.455687	247.746413	406.935880	130.091476	256.384332	409.463003	239.108494	404.408757	0.084354	0.040838	1.710655	1.534702
3547669156.141169	259.895809	392.449537	128.904327	260.785610	401.405443	259.006007	383.493631	0.060078	0.053935	1.681329	1.549365
3547669156.809642	271.002011	378.185083	127.683083	262.892437	382.088262	279.111586	374.281904	0.072321	0.031966	1.695992	1.524927
3547669158.159596	289.491971	356.882178	169.039062	294.625187	349.489608	284.358755	364.274749	0.072321	0.045231	1.695992	1.539589
3547669158.824065	291.674916	356.951297	192.188629	296.390431	364.617060	286.959401	349.285534	0.076355	0.036416	1.700880	1.529814
3547669164.947384	291.604483	356.731074	190.036621	282.608461	356.463503	300.600505	356.998644	0.051796	0.004656	1.671554	1.495601
3547669165.623858	290.556417	356.275418	227.082886	283.572896	350.598233	297.539938	361.952603	0.051796	0.009282	1.671554	1.500489
3547669166.298334	290.525841	357.318533	283.000275	288.238777	348.613974	292.812904	366.023091	0.060078	0.022981	1.681329	1.515152
3547669167.008836	290.309448	357.770267	340.539886	281.774623	354.914265	298.844274	360.626270	0.051796	0.004656	1.671554	1.495601
3547669167.696322	289.732888	357.151100	22.480881	293.966394	365.093229	285.499382	349.208970	0.034939	0.031966	1.652004	1.524927
3547669168.370797	278.508498	351.767176	29.104813	285.152788	357.837878	271.864209	345.696474	0.030663	0.004656	1.647116	1.495601
3547669169.042271	265.421815	344.097667	29.936754	274.384064	343.274204	256.459566	344.921130	0.030663	0.040838	1.647116	1.534702
3547669169.722750	250.880523	336.066767	27.259357	243.235310	340.815527	258.525736	331.318007	0.034939	0.000000	1.652004	1.490714
3547669170.396227	234.369373	327.876807	25.429094	231.741065	319.269136	236.997681	336.484477	0.043417	-0.018934	1.661779	1.471163
3547669171.077705	218.806692	320.544601	22.154921	220.274060	329.424174	217.339324	311.665027	0.026361	0.027488	1.642229	1.520039
3547669171.774199	202.418621	313.788753	18.652283	204.182586	304.963311	200.654655	322.614195	0.039191	0.004656	1.656891	1.495601
3547669172.477694	185.620024	308.400708	15.998587	188.198969	317.023296	183.041078	299.778119	0.043417	0.013878	1.661779	1.505376
3547669173.187195	167.972504	304.474252	11.945970	173.204757	297.151443	162.740250	311.797060	0.051796	0.027488	1.671554	1.520039
3547669173.893693	150.040779	301.506171	8.288378	141.876659	305.293935	158.204898	297.718408	0.060078	0.027488	1.681329	1.520039
3547669174.576176	131.354256	299.950927	3.578726	135.164352	308.104648	127.544160	291.797206	0.030663	0.022981	1.647116	1.515152
3547669175.240643	112.898209	299.878240	358.435379	110.291743	291.263930	115.504675	308.492550	0.043417	0.022981	1.661779	1.515152
3547669175.914121	96.816128	300.840173	353.825958	88.515353	304.318267	105.116903	297.362079	0.051796	0.022981	1.671554	1.515152
3547669176.599603	80.602545	302.672789	350.807632	88.412687	298.200465	72.792403	307.145113	0.039191	0.027488	1.656891	1.520039
3547669177.281084	65.075301	304.866250	351.953979	64.216190	295.907348	65.934412	313.825152	0.047619	0.009282	1.666667	1.500489
3547669182.843007	22.016835	319.757300	244.917297	23.156136	310.829703	20.877533	328.684897	0.034939	0.036416	1.652004	1.529814
3547669183.590537	27.804409	334.267526	251.328934	27.790716	325.267536	27.818102	343.267515	0.068263	0.000000	1.691105	1.490714
3547669184.268013	33.586927	351.375039	252.402191	25.671562	347.091698	41.502291	355.658379	0.043417	0.031966	1.661779	1.524927
3547669185.609964	46.510038	386.384823	247.049683	38.346916	390.174736	54.673160	382.594910	0.047619	0.058246	1.666667	1.554252
3547669186.303448	54.991043	404.216065	242.753113	61.755408	410.152678	48.226678	398.279453	0.055949	0.045231	1.676442	1.539589
3547669187.606369	72.869881	436.458343	240.664795	64.364160	439.399894	81.375601	433.516792	0.039191	0.027488	1.656891	1.520039
3547669188.307868	81.938768	452.178871	238.454880	84.651379	443.597395	79.226157	460.760348	0.051796	0.031966	1.671554	1.524927
3547669188.941309	91.735657	467.353695	234.414017	83.329713	470.569299	100.141600	464.138091	0.034939	0.045231	1.652004	1.539589
3547669190.296268	112.628006	495.843225	232.329987	113.953990	486.941441	111.302022	504.745010	0.064182	0.049597	1.686217	1.544477
3547669190.997760	123.024150	510.074922	231.296478	131.350321	506.658070	114.697980	513.491775	0.051796	0.036416	1.671554	1.529814
3547669191.671234	134.522674	524.065192	229.721611	137.905603	532.405203	131.139744	515.725180	0.076355	0.031966	1.700880	1.524927
3547669193.031194	160.218926	551.252902	224.349541	168.882379	553.691056	151.555474	548.814749	0.068263	0.040838	1.691105	1.534702
3547669193.699666	173.033627	563.951852	224.436554	181.876187	565.627897	164.191067	562.275807	0.068263	0.036416	1.691105	1.529814
3547669194.401162	187.024500	577.125794	224.134476	194.968040	581.356654	179.080960	572.894934	0.055949	0.045231	1.676442	1.539589
3547669201.846415	202.801689	582.364883	118.496246	209.762787	576.660225	195.840591	588.069540	0.039191	0.062530	1.656891	1.559140
3547669202.556916	210.696628	570.218955	126.415382	204.550849	563.644048	216.842406	576.793862	0.064182	0.027488	1.686217	1.520039
3547669203.242400	221.275608	556.822801	128.206680	216.204092	564.257835	226.347123	549.387767	0.055949	0.036416	1.676442	1.529814
3547669203.956904	233.297120	542.315013	129.390732	238.270164	549.816269	228.324077	534.813757	0.051796	0.027488	1.671554	1.520039
3547669204.625375	245.334398	527.489029	128.126022	239.680325	534.491276	250.988470	520.486781	0.068263	0.053935	1.691105	1.549365
3547669205.304854	256.885528	512.393164	123.595703	264.795793	516.685915	248.975263	508.100414	0.051796	0.049597	1.671554	1.544477
3547669205.980330	266.838354	496.752733	119.949867	261.986619	489.172452	271.690089	504.333015	0.034939	0.027488	1.652004	1.520039
3547669207.314271	283.459503	466.499376	116.394577	284.854693	475.390576	282.064313	457.608175	0.039191	0.045231	1.656891	1.539589
3547669208.692244	287.280313	451.476841	18.378181	291.367315	443.458337	283.193312	459.495346	0.047619	0.022981	1.666667	1.515152
3547669209.351708	283.656162	452.948483	332.348022	289.179891	445.842963	278.132432	460.054003	0.043417	0.045231	1.661779	1.539589
3547669210.044197	272.471417	459.551470	330.345337	276.612320	467.542272	268.330513	451.560668	0.022033	0.022981	1.637341	1.515152
3547669210.760703	259.079603	467.386100	328.212799	250.111060	466.634278	268.048146	468.137922	0.039191	0.013878	1.656891	1.505376
3547669212.114658	229.114252	485.717538	324.623291	236.872460	490.279358	221.356043	481.155718	0.026361	0.009282	1.642229	1.500489
3547669212.844172	215.571653	495.109616	324.498688	222.702764	500.600267	208.440542	489.618965	0.064182	0.018444	1.686217	1.510264
3547669213.539662	201.304133	505.459052	323.723541	202.555547	514.371626	200.052720	496.546479	0.022033	0.022981	1.637341	1.515152
3547669214.195129	187.580695	516.066474	322.135590	178.647966	517.164813	196.513425	514.968136	0.026361	0.027488	1.642229	1.520039
3547669214.889615	174.540008	526.678578	320.225952	176.473309	517.888678	172.606707	535.468478	0.026361	0.022981	1.642229	1.515152
3547669216.238568	149.842391	547.820192	315.976074	141.113370	550.012039	158.571412	545.628346	0.030663	0.027488	1.647116	1.520039
3547669216.943069	138.226464	558.217806	317.618835	141.040279	566.766633	135.412650	549.668978	0.043417	0.027488	1.661779	1.520039
3547669217.665580	126.093856	568.394918	321.022873	121.158462	560.868837	131.029250	575.920998	0.047619	0.027488	1.666667	1.520039
3547669218.360065	114.037602	577.484912	324.419678	120.713101	583.521277	107.362102	571.448546	0.043417	0.045231	1.661779	1.539589
3547669221.075980	109.015579	580.759511	78.120522	105.351531	588.979898	112.679627	572.539125	0.068263	0.049597	1.691105	1.544477
3547669221.757461	104.950476	576.809382	37.960892	102.621275	568.116004	107.279678	585.502760	0.088319	0.045231	1.715543	1.539589
3547669222.447947	94.222682	568.649015	36.650818	102.021840	564.157563	86.423524	573.140466	0.072321	0.058246	1.695992	1.554252
3547669223.131431	81.576587	559.040156	36.507549	89.937125	555.708277	73.216050	562.372035	0.076355	0.071018	1.700880	1.568915
3547669223.813915	68.813280	549.351058	35.695679	76.984050	553.124453	60.642509	545.577663	0.084354	0.071018	1.710655	1.568915
3547669224.478379	55.406987	539.573901	34.380886	53.825542	548.433869	56.988431	530.713933	0.088319	0.049597	1.715543	1.544477
3547669225.849348	27.048741	520.508721	33.388897	18.766832	524.031500	35.330651	516.985942	0.064182	0.071018	1.686217	1.568915
3547669226.532830	17.185016	513.124677	58.913788	10.878109	519.545186	23.491922	506.704168	0.084354	0.075222	1.710655	1.573803
3547669227.200301	16.937664	509.768749	118.445244	24.180535	504.426389	9.694792	515.111109	0.088319	0.058246	1.715543	1.554252
3547669227.860769	21.792355	506.946398	159.558914	16.257886	514.043556	27.326824	499.849240	0.072321	0.053935	1.695992	1.549365
3547669228.538249	36.129590	502.911238	166.465088	35.775776	511.904280	36.483403	493.918195	0.076355	0.066787	1.700880	1.564027
3547669229.230733	54.451007	499.415464	169.368942	56.912776	490.758692	51.989237	508.072235	0.072321	0.062530	1.695992	1.559140
3547669229.921220	72.984250	496.497089	170.486877	66.277214	490.495784	79.691287	502.498394	0.076355	0.066787	1.700880	1.564027
3547669231.292189	111.273211	488.997447	164.222229	104.456088	483.121494	118.090335	494.873400	0.064182	0.062530	1.686217	1.559140
3547669231.983675	129.641760	483.498267	158.796242	120.737267	484.805936	138.546253	482.190597	0.072321	0.053935	1.695992	1.549365
3547669233.332627	164.113475	465.384486	142.967743	173.110600	465.157015	155.116350	465.611956	0.072321	0.053935	1.695992	1.549365
3547669234.006103	178.698161	453.186127	135.774612	184.400079	460.149469	172.996244	446.222784	0.064182	0.049597	1.686217	1.544477
3547669234.667569	191.594860	439.561420	130.007599	199.990691	442.803337	183.199029	436.319502	0.103957	0.058246	1.735093	1.554252
3547669236.067556	212.538269	409.276396	118.647865	218.557884	402.585788	206.518654	415.967004	0.076355	0.058246	1.700880	1.554252
3547669236.759046	221.103385	392.184077	114.250443	212.877127	388.533231	229.329644	395.834922	0.080366	0.031966	1.705767	1.524927
3547669237.377481	228.436499	374.786733	109.998375	228.820071	383.778555	228.052927	365.794910	0.068263	0.045231	1.691105	1.539589
3547669238.081978	233.829190	358.186603	104.684494	241.459931	362.958581	226.198448	353.414624	0.076355	0.049597	1.700880	1.544477
3547669238.746447	238.181380	340.689896	102.448814	229.717968	343.751049	246.644792	337.628743	0.076355	0.058246	1.700880	1.554252
3547669239.436934	242.036778	321.694914	98.910095	251.025498	322.145386	233.048059	321.244442	0.068263	0.062530	1.691105	1.559140
3547669240.107407	244.513521	303.468418	94.645805	241.025129	295.171966	248.001914	311.764870	0.068263	0.066787	1.691105	1.564027
3547669240.791891	245.430080	284.927141	88.596817	240.111627	277.666697	250.748534	292.187586	0.072321	0.053935	1.695992	1.549365
3547669241.486381	244.496008	266.235058	84.248344	239.604084	273.789466	249.387932	258.680650	0.068263	0.036416	1.691105	1.529814
3547669242.190876	241.966941	247.735147	79.092224	246.689587	255.396518	237.244296	240.073775	0.068263	0.083553	1.691105	1.583578
3547669243.601872	234.264618	213.051813	77.186226	225.476087	214.991331	243.053148	211.112295	0.068263	0.049597	1.691105	1.544477
3547669244.306369	230.003332	195.333231	77.071655	221.050693	196.255328	238.955970	194.411135	0.060078	0.045231	1.681329	1.539589
3547669245.821440	220.133957	157.237862	73.650696	228.993769	158.820179	211.274144	155.655545	0.068263	0.045231	1.691105	1.539589
3547669246.526937	214.213835	138.070659	72.787460	218.770073	145.832147	209.657597	130.309171	0.060078	0.027488	1.681329	1.520039
3547669248.138073	202.681833	102.371590	71.795113	198.674060	110.429986	206.689607	94.313194	0.190853	0.123709	1.852395	1.632454
3547669248.915621	195.927907	82.752509	70.425957	187.230115	80.439845	204.625699	85.065173	0.299517	0.243918	2.023460	1.798631
3547669250.353634	185.011863	46.185474	79.839577	193.683310	48.595042	176.340417	43.775907	0.437506	0.414183	2.292278	2.101662
3547669251.075146	183.195243	31.793865	83.275661	174.197718	32.004951	192.192767	31.582779	0.484046	0.452618	2.399804	2.184751
3547669251.802657	182.566723	18.407775	86.956207	190.180479	13.608742	174.952967	23.206809	0.501905	0.469711	2.443793	2.223851
3547669263.139656	166.232961	16.424018	204.892624	171.955556	23.370377	160.510365	9.477659	0.579058	0.559131	2.653959	2.453568
3547669263.838149	175.736777	21.434339	208.967331	166.748672	21.896910	184.724882	20.971768	0.593685	0.574378	2.697947	2.497556
3547669264.605694	184.084269	26.227313	209.852066	178.748267	33.474870	189.420270	18.979756	0.585619	0.574378	2.673509	2.497556
3547669265.302183	193.078680	31.911689	214.172501	188.419074	24.211814	197.738285	39.611564	0.592084	0.576039	2.693060	2.502444
3547669265.986665	202.211530	38.466959	218.236938	211.163134	39.399043	193.259926	37.534875	0.592084	0.567668	2.693060	2.478006
3547669266.663144	209.982930	45.365793	221.857788	201.610030	48.666483	218.355829	42.065103	0.583987	0.565974	2.668622	2.473118
3547669267.344628	216.901805	51.959442	227.254120	209.053032	47.555266	224.750578	56.363617	0.572400	0.543328	2.634409	2.409580
3547669269.361056	234.832517	76.069547	237.195557	243.832390	76.021745	225.832644	76.117348	0.546529	0.521337	2.561095	2.350929
3547669270.039524	240.235393	85.295405	244.135757	247.332465	79.760825	233.138322	90.829985	0.521008	0.515667	2.492669	2.336266
3547669270.711998	244.511119	94.589865	242.112991	246.390401	103.391473	242.631838	85.788258	0.499952	0.488237	2.438905	2.267840
3547669271.361458	249.191825	104.764516	249.185944	256.765666	109.626298	241.617983	99.902734	0.484046	0.482142	2.399804	2.253177
3547669272.726419	256.433977	125.745860	255.323700	263.223313	131.653897	249.644640	119.837822	0.457063	0.452618	2.336266	2.184751
3547669274.064365	261.657830	148.811709	258.645416	253.919903	144.215572	269.395758	153.407845	0.435287	0.399882	2.287390	2.072336
3547669274.734837	263.609742	159.918644	262.741394	271.833376	156.261891	255.386108	163.575396	0.414877	0.392579	2.243402	2.057674
3547669276.104802	265.030880	184.152683	271.266022	257.055181	179.982764	273.006579	188.322602	0.374057	0.362294	2.160313	1.999022
3547669276.824311	264.436586	196.425690	274.982025	273.397970	195.592871	255.475201	197.258508	0.376545	0.341097	2.165200	1.959922
3547669278.177267	259.012524	221.583648	288.364044	264.548190	214.487424	253.476857	228.679872	0.348545	0.335665	2.111437	1.950147
3547669279.490191	249.738632	243.868087	292.408325	251.879777	252.609683	247.597486	235.126492	0.329972	0.310531	2.077224	1.906158
3547669280.176675	244.252746	254.902773	299.839569	253.103236	256.536430	235.402257	253.269116	0.305174	0.298985	2.033236	1.886608
3547669280.847155	236.733222	266.040057	306.866745	244.351524	261.248244	229.114920	270.831870	0.296668	0.278191	2.018573	1.852395
3547669281.510618	228.684109	276.518432	310.691528	225.800571	285.043994	231.567646	267.992870	0.288037	0.278191	2.003910	1.852395
3547669282.193097	219.647627	286.404470	313.768585	223.074983	278.082618	216.220270	294.726323	0.282213	0.247118	1.994135	1.803519
3547669282.892592	209.762753	295.351544	320.811752	206.514074	286.958328	213.011431	303.744761	0.270391	0.247118	1.974585	1.803519
3547669283.591085	199.380599	303.479021	325.967407	205.569327	296.944525	193.191870	310.013517	0.258333	0.234212	1.955034	1.783969
3547669284.250552	187.482955	310.974372	328.046295	178.763049	308.746540	196.202862	313.202203	0.264392	0.227653	1.964809	1.774194
3547669284.944039	174.748290	317.466282	335.001480	166.537339	321.151425	182.959242	313.781139	0.233479	0.210933	1.915934	1.749756
3547669285.596501	161.524529	322.779317	343.268280	168.194269	328.822045	154.854789	316.736588	0.227106	0.214314	1.906158	1.754643
3547669286.257966	147.588126	326.706929	347.531128	139.247413	330.088127	155.928840	323.325732	0.223895	0.197217	1.901271	1.730205
3547669286.932441	134.357086	328.842315	352.914917	126.521158	324.415326	142.193014	333.269304	0.210884	0.197217	1.881720	1.730205
3547669287.560884	120.640387	329.725923	179.983401	127.760368	335.230999	113.520405	324.220847	0.214162	0.204113	1.886608	1.739980
3547669288.246369	107.323635	329.734956	3.570047	111.062826	337.921436	103.584443	321.548476	0.204277	0.179630	1.871945	1.705767
3547669288.905835	93.990043	328.323170	9.360326	93.410376	337.304483	94.569711	319.341857	0.200947	0.179630	1.867058	1.705767
3547669289.579309	80.671567	325.584816	14.764488	73.385142	330.867619	87.957992	320.302012	0.187453	0.183187	1.847507	1.710655
3547669290.248781	66.880213	321.167851	20.428873	57.880540	321.244537	75.879886	321.091165	0.184034	0.157849	1.842620	1.676442
3547669292.318242	27.803809	300.374637	32.667735	19.257828	297.552187	36.349789	303.197087	0.173669	0.150418	1.827957	1.666667
3547669293.021737	21.413694	295.135414	73.667744	30.299193	296.566467	12.528196	293.704361	0.159588	0.139107	1.808407	1.652004
3547669293.708225	22.359829	292.703204	140.914787	18.389459	300.780095	26.330199	284.626313	0.159588	0.135292	1.808407	1.647116
3547669294.405714	30.238152	290.146877	167.475555	37.667943	295.226071	22.808361	285.067684	0.156020	0.135292	1.803519	1.647116
3547669295.043164	45.897250	288.176570	176.216843	43.343919	279.546361	48.450581	296.806778	0.148826	0.131454	1.793744	1.642229
3547669295.730649	61.311900	287.904776	180.946976	69.895446	285.198720	52.728354	290.610832	0.141553	0.142899	1.783969	1.656891
3547669296.409127	78.789054	288.697753	182.592133	75.452787	280.338966	82.125321	297.056540	0.152433	0.123709	1.798631	1.632454
3547669297.076599	95.860349	289.672395	182.106598	96.810559	280.722697	94.910140	298.622093	0.134199	0.119802	1.774194	1.627566
3547669297.797108	113.212873	290.514027	181.628098	118.177236	283.007024	108.248510	298.021030	0.134199	0.115872	1.774194	1.622678
3547669298.510611	130.859825	290.760832	181.888916	133.720449	282.227554	127.999202	299.294110	0.130492	0.115872	1.769306	1.622678
3547669299.164071	147.810906	291.818250	182.406548	146.074304	282.987383	149.547508	300.649117	0.137886	0.091781	1.779081	1.593353
3547669299.888582	166.769080	292.624674	182.810539	161.700934	285.187343	171.837225	300.062006	0.134199	0.115872	1.774194	1.622678
3547669300.606088	184.120470	293.618108	182.904770	178.375020	286.690640	189.865919	300.545576	0.111645	0.107939	1.744868	1.612903
3547669301.337606	202.147754	294.732122	182.998260	195.780685	288.371271	208.514822	301.092974	0.096182	0.091781	1.725318	1.593353
3547669302.047104	220.410791	295.778320	184.258499	212.408510	299.896998	228.413071	291.659642	0.119247	0.066787	1.754643	1.564027
3547669302.728584	240.122122	297.194084	183.615448	231.248414	295.691651	248.995830	298.696517	0.107812	0.079400	1.739980	1.578690
3547669303.396059	257.367024	298.038746	182.413895	255.565588	289.220876	259.168460	306.856615	0.103957	0.095858	1.735093	1.598240
3547669304.077537	275.090571	298.899812	181.741440	279.174041	290.879508	271.007101	306.920115	0.103957	0.091781	1.735093	1.593353
3547669304.746009	288.674352	299.091184	159.759857	284.667789	307.150183	292.680914	291.032186	0.107812	0.079400	1.739980	1.578690
3547669305.419484	290.251455	297.410650	89.395485	281.339393	296.155602	299.163518	298.665697	0.107812	0.095858	1.739980	1.598240
3547669306.100966	288.114394	295.276983	35.707115	296.327783	298.956689	279.901004	291.597277	0.107812	0.107939	1.739980	1.612903
3547669306.781445	278.011013	289.118785	31.376802	278.363040	280.125672	277.658986	298.111897	0.107812	0.091781	1.739980	1.593353
3547669307.499951	264.097294	280.233669	32.491630	256.177975	275.957645	272.016614	284.509692	0.096182	0.095858	1.725318	1.598240
3547669308.147416	249.546344	270.586997	31.385181	249.823006	261.591251	249.269681	279.582744	0.096182	0.111917	1.725318	1.617791
3547669308.826890	235.740349	261.223803	34.291265	233.372278	269.906674	238.108420	252.540933	0.092262	0.087679	1.720430	1.588465
3547669309.515376	223.171943	252.077162	37.514301	224.825786	243.230422	221.518100	260.923902	0.092262	0.083553	1.720430	1.583578
3547669310.187849	210.561255	242.326939	37.844833	209.254398	233.422326	211.868112	251.231551	0.088319	0.075222	1.715543	1.573803
3547669311.553812	184.196373	221.742421	37.247356	188.125283	213.645282	180.267463	229.839561	0.088319	0.071018	1.715543	1.568915
3547669312.262311	171.793494	211.284603	39.931633	164.693092	216.814910	178.893895	205.754297	0.141553	0.087679	1.783969	1.588465
3547669312.940791	158.180642	198.815176	42.485813	167.155803	198.146981	149.205481	199.483372	0.255281	0.123709	1.950147	1.632454
3547669313.629281	146.035654	186.694035	44.698549	140.126593	179.905589	151.944716	193.482481	0.351149	0.135292	2.116325	1.647116
3547669314.978233	125.634018	161.616124	61.444166	134.483559	159.977333	116.784478	163.254915	0.426314	0.176052	2.267840	1.700880
3547669315.650702	120.118730	148.637397	76.287117	113.131358	142.964952	127.106102	154.309841	0.435287	0.165193	2.287390	1.686217
3547669316.383218	119.131400	134.089804	94.224884	119.337443	125.092163	118.925358	143.087446	0.428571	0.186725	2.272727	1.715543
3547669317.694144	130.161221	108.341727	130.570480	138.991720	106.603257	121.330721	110.080197	0.421769	0.161532	2.258065	1.681329
3547669318.401645	140.792934	100.060841	151.563622	134.546000	93.581966	147.039868	106.539715	0.400820	0.168834	2.214076	1.691105
3547669319.077121	155.182686	94.885304	170.057838	151.580061	86.637814	158.785311	103.132794	0.424046	0.165193	2.262952	1.686217
3547669319.809636	169.533743	94.660488	186.499405	177.731763	98.374310	161.335723	90.946666	0.412560	0.183187	2.238514	1.710655
3547669320.447086	183.862691	98.482394	203.113594	175.883347	102.645333	191.842036	94.319454	0.417184	0.259747	2.248289	1.823069
3547669321.163593	195.805876	105.769050	217.679764	202.910695	111.293680	188.701056	100.244419	0.437506	0.362294	2.292278	1.999022
3547669322.523551	212.684851	127.736553	244.438187	217.811408	120.339363	207.558293	135.133742	0.448463	0.490251	2.316716	2.272727
3547669323.230050	217.705014	139.798944	251.148727	219.304634	130.942239	216.105394	148.655648	0.444108	0.486214	2.306940	2.262952
3547669323.885512	221.045640	151.841244	256.052338	230.044933	151.728419	212.046348	151.954068	0.430820	0.498221	2.277615	2.292278
3547669324.569995	223.330709	163.528917	261.498322	229.439936	170.137801	217.221482	156.920033	0.428571	0.488237	2.272727	2.267840
3547669325.988995	225.621946	186.310486	264.514404	220.388079	178.988830	230.855813	193.632141	0.396051	0.461241	2.204301	2.204301
3547669327.328945	227.481747	209.902753	266.267303	221.228998	216.376016	233.734496	203.429490	0.371558	0.437152	2.155425	2.150538
3547669329.328351	228.420939	245.606266	271.034515	221.614779	239.717617	235.227099	251.494916	0.371558	0.399882	2.155425	2.072336
3547669330.041855	227.749404	258.095447	273.463837	229.052292	267.000641	226.446516	249.190253	0.316327	0.375126	2.052786	2.023460
3547669330.748356	226.388219	271.758506	277.748566	217.744675	269.250691	235.031763	274.266322	0.313558	0.359690	2.047898	1.994135
3547669332.119325	221.770551	297.681922	282.405670	224.752145	289.190155	218.788956	306.173688	0.276331	0.321844	1.984360	1.925709
3547669332.794798	218.624646	309.930769	286.832336	225.931776	315.184897	211.317517	304.676642	0.276331	0.310531	1.984360	1.906158
3547669333.451264	214.556761	322.069851	289.409409	211.194383	313.721533	217.919140	330.418169	0.267399	0.304788	1.969697	1.896383
3547669334.121733	209.437505	334.102376	293.465698	218.103680	336.530832	200.771329	331.673920	0.239787	0.290166	1.925709	1.871945
3547669334.805216	204.212491	345.427452	298.379700	203.568620	354.404391	204.856362	336.450513	0.242917	0.272109	1.930596	1.842620
3547669335.499706	198.005900	356.791561	300.923767	203.588617	349.732294	192.423182	363.850829	0.233479	0.284210	1.915934	1.862170
3547669336.854661	180.786300	380.468213	310.884216	179.588755	389.388184	181.983845	371.548242	0.214162	0.250301	1.886608	1.808407
3547669337.501118	171.527447	391.390195	313.009216	179.742503	387.714211	163.312392	395.066179	0.210884	0.227653	1.881720	1.774194
3547669338.166587	161.077023	402.181012	314.081558	161.775683	393.208171	160.378362	411.153853	0.207589	0.210933	1.876833	1.749756
3547669338.884094	151.021172	411.591701	317.914963	156.207216	418.947308	145.835128	404.236095	0.187453	0.207533	1.847507	1.744868
3547669340.201026	128.257691	429.257004	326.416092	130.999310	420.684751	125.516071	437.829257	0.190853	0.190242	1.852395	1.720430
3547669340.886505	116.504594	436.763051	327.157654	112.736257	428.589947	120.272931	444.936156	0.184034	0.193739	1.842620	1.725318
3547669341.591002	105.055433	443.293602	331.935608	112.964082	438.997875	97.146783	447.589329	0.184034	0.179630	1.842620	1.705767
3547669342.397571	91.328426	450.054486	337.081635	98.549568	455.426182	84.107285	444.682790	0.190853	0.179630	1.852395	1.705767
3547669343.068044	77.755102	455.439156	340.247772	70.404301	450.246304	85.105904	460.632009	0.177143	0.165193	1.832845	1.686217
3547669343.749526	62.664092	459.928500	345.662262	61.881451	450.962593	63.446733	468.894406	0.170177	0.179630	1.823069	1.705767
3547669344.387981	48.528272	462.911793	348.945251	50.566633	471.677925	46.489911	454.145660	0.152433	0.142899	1.798631	1.656891
3547669345.078465	35.356687	464.974670	351.918335	34.817391	455.990843	35.895984	473.958498	0.156020	0.161532	1.803519	1.681329
3547669345.745934	20.905490	466.578662	355.531403	25.466411	474.337399	16.344569	458.819925	0.148826	0.154144	1.793744	1.671554
3547669346.460439	14.466786	466.156381	42.489666	23.439306	465.453611	5.494266	466.859151	0.152433	0.157849	1.798631	1.676442
3547669347.139920	13.993892	464.478747	113.881348	7.638758	458.105972	20.349026	470.851523	0.148826	0.135292	1.793744	1.647116
3547669347.820397	18.852169	459.563303	137.702255	23.385041	451.788146	14.319296	467.338460	0.148826	0.127593	1.793744	1.637341
3547669348.519891	31.128131	450.647589	147.148224	26.761025	458.517048	35.495238	442.778130	0.141553	0.123709	1.783969	1.632454
3547669349.180358	46.013756	442.137755	152.378433	37.014320	442.238459	55.013193	442.037051	0.130492	0.115872	1.769306	1.622678
3547669349.891861	61.165402	434.957103	156.504349	66.062059	427.405762	56.268744	442.508444	0.137886	0.127593	1.779081	1.637341
3547669350.586350	77.621589	427.910122	156.420975	83.130094	420.792793	72.113085	435.027451	0.130492	0.123709	1.769306	1.632454
3547669351.947311	109.697209	413.256647	154.428757	113.938532	421.194606	105.455886	405.318689	0.115456	0.099909	1.749756	1.603128
3547669352.616781	125.347311	405.798329	153.795647	124.070097	414.707241	126.624525	396.889416	0.111645	0.111917	1.744868	1.617791
3547669353.303265	140.584845	398.390797	152.778557	132.335476	401.989117	148.834215	394.792478	0.111645	0.107939	1.744868	1.612903
3547669354.007764	156.900678	389.994895	151.987900	148.540508	386.662095	165.260848	393.327695	0.115456	0.115872	1.749756	1.622678
3547669354.660224	171.801323	382.170418	150.943253	170.484817	373.267227	173.117829	391.073609	0.111645	0.095858	1.744868	1.598240
3547669355.358717	187.572782	373.556985	150.907272	186.577398	364.612198	188.568167	382.501772	0.107812	0.103936	1.739980	1.608016
3547669356.730683	218.438889	355.865158	149.181580	227.430150	356.261672	209.447628	355.468643	0.123016	0.099909	1.759531	1.603128
3547669357.396153	234.247492	346.597804	150.889175	233.414135	337.636469	235.080849	355.559138	0.115456	0.099909	1.749756	1.603128
3547669358.058621	250.012708	338.293100	153.247604	244.280850	345.231818	255.744566	331.354382	0.115456	0.095858	1.749756	1.598240
3547669359.452604	280.754264	321.801049	147.930283	283.201892	330.461830	278.306636	313.140269	0.107812	0.079400	1.739980	1.578690
3547669360.756524	286.002342	314.427983	22.454151	290.022071	322.480422	281.982613	306.375543	0.103957	0.095858	1.735093	1.598240
3547669361.412987	279.793040	313.865641	4.414294	288.396119	316.508940	271.189961	311.222341	0.096182	0.083553	1.725318	1.583578
3547669362.097469	266.030032	312.134355	7.107368	259.424096	306.021941	272.635969	318.246769	0.100081	0.079400	1.730205	1.578690
3547669362.777950	250.648398	309.241133	10.992612	259.648359	309.267795	241.648438	309.214471	0.092262	0.087679	1.720430	1.588465