Time	X	Y	Theta	LS_X	LS_Y	RS_X	RS_Y	RsRoL	RsRoR	VL	VR
3547427374.697852	39.117521	553.394508	181.504700	44.968135	546.555625	33.266907	560.233391	-0.009496	-0.009045	1.456500	1.588465
3547427375.382335	38.962722	553.366939	180.935074	47.577866	550.763232	30.347578	555.970646	-0.023982	-0.013610	1.441838	1.583578
3547427376.041800	38.959864	553.370766	180.933548	47.578971	550.780208	30.340757	555.961324	-0.004732	-0.027473	1.461388	1.568915
3547427376.703266	38.958766	553.366375	180.980591	47.446515	550.373365	30.471016	556.359385	-0.014292	-0.027473	1.451613	1.568915
3547427377.360730	38.964639	553.365251	180.953094	47.531467	550.606726	30.397812	556.123777	-0.019121	-0.013610	1.446725	1.583578
3547427378.080238	38.955276	553.373347	180.918289	47.612907	550.914603	30.297645	555.832092	-0.009496	-0.009045	1.456500	1.588465
3547427378.756715	38.955692	553.365812	180.920181	47.608656	550.890691	30.302729	555.840933	-0.028876	-0.018202	1.436950	1.578690
3547427379.425187	38.960105	553.368077	180.864212	47.737977	551.380879	30.182232	555.355275	-0.023982	-0.032152	1.441838	1.564027
3547427380.108668	38.954299	553.368695	180.961426	47.497848	550.538892	30.410751	556.198497	-0.009496	-0.018202	1.456500	1.578690
3547427380.812166	38.965257	553.367147	180.858963	47.753439	551.426051	30.177074	555.308243	-0.028876	-0.009045	1.436950	1.588465
3547427381.482638	38.957548	553.368677	180.914322	47.624866	550.944299	30.290231	555.793054	-0.019121	-0.009045	1.446725	1.588465
3547427382.131095	38.967454	553.369553	181.032242	47.289361	549.942328	30.645547	556.796777	-0.009496	-0.018202	1.456500	1.578690
3547427382.785556	38.957451	553.370012	180.933441	47.576835	550.780375	30.338068	555.959650	-0.048791	-0.018202	1.417400	1.578690
3547427383.470041	38.960403	553.367165	180.860153	47.746268	551.415611	30.174537	555.318719	-0.019121	-0.018202	1.446725	1.578690
3547427384.156524	38.959193	553.366005	180.992661	47.410200	550.270771	30.508185	556.461239	-0.019121	-0.018202	1.446725	1.578690
3547427384.849017	38.953366	553.370942	180.902817	47.648002	551.046441	30.258730	555.695443	-0.023982	-0.027473	1.441838	1.568915
3547427385.502474	38.956209	553.365549	180.955948	47.515131	550.582590	30.397288	556.148509	-0.019121	-0.022823	1.446725	1.573803
3547427386.142925	38.962916	553.367657	180.930954	47.588714	550.799465	30.337118	555.935848	0.009370	-0.027473	1.476051	1.568915
3547427386.821406	38.967289	553.360879	180.945023	47.556103	550.671592	30.378474	556.050165	-0.019121	-0.027473	1.446725	1.568915
3547427387.472864	38.949334	553.363126	180.901657	47.646660	551.048709	30.252008	555.677543	-0.038765	-0.027473	1.427175	1.568915
3547427388.089303	38.971841	553.369061	180.879715	47.717852	551.246024	30.225830	555.492098	-0.023982	-0.027473	1.441838	1.568915
3547427388.758771	38.953764	553.366655	180.800293	47.840645	551.944206	30.066884	554.789104	-0.019121	-0.046367	1.446725	1.549365
3547427389.414234	38.966463	553.366903	180.893127	47.683213	551.126755	30.249713	555.607051	-0.023982	-0.032152	1.441838	1.564027
3547427390.167766	38.965734	553.369782	180.959320	47.515222	550.557977	30.416246	556.181588	-0.043761	-0.051165	1.422287	1.544477
3547427390.811225	38.953140	553.364426	180.868683	47.722040	551.338003	30.184239	555.390848	-0.053856	-0.027473	1.412512	1.568915
3547427391.476689	38.953265	553.362566	180.892578	47.671245	551.127207	30.235286	555.597925	-0.023982	-0.046367	1.441838	1.549365
3547427392.145161	38.966395	553.366971	181.000031	47.394361	550.209538	30.538428	556.524404	-0.028876	-0.036861	1.436950	1.559140
3547427392.828642	38.957412	553.369344	180.891891	47.676924	551.139972	30.237900	555.598717	-0.038765	-0.032152	1.427175	1.564027
3547427393.490112	38.958058	553.364092	180.865677	47.733010	551.364037	30.183106	555.364146	0.000000	-0.036861	1.466276	1.559140
3547427394.114550	38.964140	553.363758	180.902237	47.660122	551.044299	30.268158	555.683217	-0.038765	-0.032152	1.427175	1.564027
3547427394.740992	38.959372	553.357209	180.851028	47.762679	551.485904	30.156065	555.228515	-0.028876	-0.055993	1.436950	1.539589
3547427395.422472	38.965490	553.365022	180.898315	47.670501	551.079682	30.260479	555.650362	-0.048791	-0.032152	1.417400	1.564027
3547427396.119964	43.698989	553.576115	182.394241	42.071191	544.724546	45.326788	562.427684	-0.033804	-0.032152	1.432063	1.564027
3547427397.460917	77.390638	553.728480	179.002716	76.778525	562.707640	78.002752	544.749320	-0.038765	-0.051165	1.427175	1.544477
3547427398.094357	96.003383	553.207056	179.016495	95.515045	562.193798	96.491722	544.220314	-0.048791	-0.036861	1.417400	1.559140
3547427398.716797	114.657387	553.334519	181.931229	117.154492	544.687875	112.160282	561.981164	-0.043761	-0.041599	1.422287	1.554252
3547427399.384267	130.438773	554.689341	184.854622	126.129120	562.590410	134.748426	546.788272	-0.043761	-0.041599	1.422287	1.554252
3547427400.065748	148.043609	557.014778	189.826988	139.300216	554.880986	156.787003	559.148570	-0.048791	-0.041599	1.417400	1.554252
3547427400.726214	165.084469	561.068765	193.783417	172.634906	556.170714	157.534033	565.966817	-0.048791	-0.051165	1.417400	1.544477
3547427401.410697	180.503786	565.280338	196.825760	172.505175	569.406137	188.502397	561.154538	-0.058956	-0.055993	1.407625	1.539589
3547427402.115195	197.058098	570.892089	200.545731	201.500302	563.064776	192.615895	578.719402	-0.048791	-0.051165	1.417400	1.544477
3547427402.793673	213.223224	577.517514	203.100601	205.190466	581.576431	221.255982	573.458598	-0.058956	-0.060853	1.407625	1.534702
3547427405.483570	232.466396	572.466601	72.820465	237.276272	580.073512	227.656520	564.859690	-0.064091	-0.041599	1.402737	1.554252
3547427406.138038	227.936167	559.098840	72.851440	232.979325	566.553138	222.893009	551.644542	-0.043761	-0.060853	1.422287	1.534702
3547427406.811507	223.532213	544.426764	74.018753	232.367990	542.715319	214.696436	546.138209	-0.048791	-0.065743	1.417400	1.529814
3547427408.243519	216.863461	514.211348	79.448814	223.963457	519.742176	209.763466	508.680519	-0.064091	-0.060853	1.402737	1.534702
3547427409.557445	212.477028	482.152121	86.600334	221.285752	480.306482	203.668304	483.997759	-0.048791	-0.046367	1.417400	1.549365
3547427410.213908	211.553309	466.898851	87.432899	216.116264	459.141310	206.990355	474.656393	-0.064091	-0.065743	1.402737	1.529814
3547427412.851768	221.601118	403.298982	115.536850	215.788866	410.170497	227.413370	396.427466	-0.064091	-0.070665	1.402737	1.524927
3547427413.526245	230.765440	388.440822	126.394928	224.755424	381.741591	236.775457	395.140053	-0.043761	-0.027473	1.422287	1.568915
3547427414.237747	242.893862	376.027768	140.701797	237.305892	383.082879	248.481832	368.972657	-0.064091	-0.051165	1.402737	1.544477
3547427420.966494	250.189131	354.341257	23.169167	258.503774	357.786067	241.874488	350.896447	-0.074470	-0.051165	1.392962	1.544477
3547427421.616961	236.627993	347.269001	28.719601	240.504281	355.391463	232.751704	339.146539	-0.069263	-0.055993	1.397849	1.539589
3547427422.266411	222.949414	338.500011	35.563622	230.552186	343.316427	215.346643	333.683595	-0.074470	-0.060853	1.392962	1.534702
3547427422.938887	209.576963	327.129238	46.631126	205.319402	335.058499	213.834524	319.199978	-0.038765	-0.075618	1.427175	1.520039
3547427423.601352	199.350541	312.945771	59.008022	193.675756	319.931242	205.025327	305.960300	-0.058956	-0.070665	1.407625	1.524927
3547427424.252815	191.508925	296.769218	71.135193	183.402390	300.678706	199.615459	292.859731	-0.074470	-0.041599	1.392962	1.554252
3547427424.919290	187.388931	279.085218	81.886028	185.560182	270.272972	189.217681	287.897463	-0.064091	-0.060853	1.402737	1.534702
3547427425.627784	187.279556	262.532603	93.853878	190.733703	254.221835	183.825409	270.843371	-0.058956	-0.051165	1.407625	1.544477
3547427426.332279	190.502604	244.444043	106.261944	195.223706	236.781721	185.781501	252.106366	-0.064091	-0.046367	1.402737	1.549365
3547427427.679231	208.058569	210.647836	131.750458	209.815125	201.820917	206.302014	219.474756	-0.069263	-0.041599	1.397849	1.554252
3547427428.368716	222.249790	198.232097	146.952881	216.438255	205.104219	228.061325	191.359975	-0.058956	-0.046367	1.407625	1.549365
3547427429.041192	238.689556	189.418488	156.734360	241.735638	180.949640	235.643475	197.887336	-0.064091	-0.065743	1.402737	1.529814
3547427429.688653	256.850531	182.681500	161.900955	265.797184	181.703036	247.903877	183.659964	-0.058956	-0.041599	1.407625	1.554252
3547427434.470455	283.411185	190.593722	293.706085	292.406336	190.889120	274.416034	190.298324	-0.064091	-0.036861	1.402737	1.559140
3547427435.149932	276.291390	205.300117	294.569916	282.358610	198.652648	270.224171	211.947586	-0.058956	-0.055993	1.407625	1.539589
3547427435.778384	269.180224	219.934951	296.122437	262.644740	213.747265	275.715707	226.122637	-0.053856	-0.060853	1.412512	1.534702
3547427437.075292	255.417218	249.824635	291.323090	248.685316	255.798034	262.149120	243.851236	-0.043761	-0.070665	1.422287	1.524927
3547427437.752770	255.432466	249.815904	291.233124	248.191111	255.160320	262.673820	244.471487	-0.064091	-0.060853	1.402737	1.534702
3547427438.448261	254.953804	250.961497	289.304047	252.488040	242.305862	257.419568	259.617131	-0.058956	-0.032152	1.407625	1.564027
3547427439.152757	251.803954	258.337887	296.565735	243.246148	255.551499	260.361760	261.124275	-0.053856	-0.032152	1.412512	1.564027
3547427443.198612	245.265932	268.419093	304.673950	244.721430	277.402607	245.810435	259.435579	-0.058956	-0.041599	1.407625	1.554252
3547427443.878092	238.912618	277.091703	310.890350	237.769810	286.018852	240.055426	268.164554	-0.033804	-0.046367	1.432063	1.549365
3547427444.599600	228.707072	288.130845	314.080994	229.410798	279.158400	228.003345	297.103290	-0.053856	-0.032152	1.412512	1.564027
3547427445.260066	216.286385	300.116487	318.304855	223.879001	304.948896	208.693769	295.284078	-0.048791	-0.055993	1.417400	1.539589
3547427445.954556	203.668316	310.610612	321.904114	194.721858	309.630361	212.614774	311.590862	-0.053856	-0.036861	1.412512	1.559140
3547427446.581999	188.956163	320.675284	327.655396	181.742877	315.293044	196.169448	326.057525	-0.064091	-0.036861	1.402737	1.559140
3547427447.254471	173.765283	329.174797	333.096130	172.980500	320.209078	174.550067	338.140516	-0.043761	-0.027473	1.422287	1.568915
3547427484.589812	136.220647	340.505129	4.336703	144.592951	343.807328	127.848342	337.202931	0.036752	0.064466	1.505376	1.671554
3547427486.675285	132.982808	340.159837	6.449892	131.489391	331.284607	134.476224	349.035067	0.041212	0.026483	1.510264	1.627566
3547427487.433820	124.356302	338.920295	2.601139	119.725576	346.637573	128.987028	331.203017	0.018618	0.017762	1.485826	1.617791
3547427488.133312	110.139530	339.238446	0.421458	106.457709	331.026004	113.821352	347.450887	0.014009	0.026483	1.480938	1.627566
3547427488.817795	95.116135	340.276907	353.512451	86.147325	341.025540	104.084944	339.528274	0.004701	0.017762	1.471163	1.617791
3547427489.479261	80.366973	342.527481	347.425171	71.715445	345.007611	89.018502	340.047350	0.018618	-0.022823	1.485826	1.573803
3547427490.153738	66.391934	346.097702	343.692413	74.957477	348.860214	57.826391	343.335190	0.014009	-0.004509	1.480938	1.593353
3547427490.820209	53.426450	350.641099	339.483521	51.713342	341.805644	55.139559	359.476554	0.009370	0.013362	1.476051	1.612903
3547427491.470669	39.647321	356.826372	332.442871	44.473284	349.229657	34.821358	364.423087	0.009370	0.004481	1.476051	1.603128
3547427493.534122	16.614571	373.964431	240.375839	7.623283	374.360314	25.605860	373.568548	-0.023982	-0.004509	1.441838	1.593353
3547427494.233615	21.611578	375.872054	189.382263	14.636641	370.184325	28.586515	381.559782	-0.009496	-0.009045	1.456500	1.588465
3547427494.891079	38.305405	377.550334	179.445282	41.597676	385.926547	35.013133	369.174120	-0.014292	-0.009045	1.451613	1.588465
3547427501.650848	111.891280	360.827562	187.792953	117.707157	353.959113	106.075404	367.696010	0.000000	-0.022823	1.466276	1.573803
3547427506.978608	266.363848	354.353262	158.012665	259.132988	348.994657	273.594709	359.711868	-0.033804	-0.032152	1.432063	1.564027
3547427507.636073	283.597867	346.789593	154.821609	290.554942	352.499156	276.640793	341.080029	-0.043761	0.004481	1.422287	1.603128
3547427508.963006	287.663143	339.340867	33.441761	279.578945	343.296336	295.747341	335.385398	-0.019121	-0.065743	1.446725	1.529814
3547427509.610465	279.068361	335.778229	18.361303	283.290111	327.829844	274.846611	343.726614	-0.043761	-0.051165	1.422287	1.544477
3547427510.285940	264.840710	331.540229	16.416327	270.696035	338.375079	258.985386	324.705379	-0.038765	-0.032152	1.427175	1.564027
3547427510.934406	248.120814	327.600791	11.259918	256.808191	325.249307	239.433437	329.952275	-0.038765	0.004481	1.427175	1.603128
3547427511.708946	230.172826	324.941881	5.506898	236.478540	318.520201	223.867112	331.363561	-0.053856	-0.055993	1.412512	1.539589
3547427513.087920	190.684562	326.613282	350.405121	199.622463	325.557856	181.746661	327.668708	-0.058956	-0.036861	1.407625	1.559140
3547427513.758389	171.953835	331.107077	342.788574	175.081937	339.545974	168.825733	322.668181	-0.043761	-0.055993	1.422287	1.539589
3547427514.387835	154.275907	338.249500	334.361450	145.489245	336.301533	163.062568	340.197468	-0.038765	-0.022823	1.427175	1.573803
3547427515.031288	139.515113	346.356376	328.668533	131.131023	349.628538	147.899203	343.084215	-0.043761	-0.022823	1.422287	1.573803
3547427515.699759	125.701741	355.951991	324.750366	133.975528	359.493803	117.427953	352.410178	-0.048791	-0.055993	1.417400	1.539589
3547427517.047711	101.619845	375.215792	318.852356	110.618169	375.389466	92.621521	375.042117	-0.048791	-0.041599	1.417400	1.554252
3547427517.759212	87.889176	387.966368	313.304718	94.677640	382.057328	81.100712	393.875409	-0.048791	-0.055993	1.417400	1.539589
3547427518.458709	75.290681	403.043905	304.326599	71.720635	411.305549	78.860726	394.782260	-0.058956	-0.036861	1.407625	1.559140
3547427519.779638	59.044402	439.336945	279.866211	61.396936	448.024038	56.691868	430.649852	-0.074470	-0.055993	1.392962	1.539589
3547427520.428095	58.537425	460.326970	261.473907	64.483497	467.083021	52.591352	453.570919	-0.033804	-0.027473	1.432063	1.568915
3547427521.772044	72.711653	496.419059	236.291077	78.312001	503.464348	67.111304	489.373770	-0.053856	-0.036861	1.412512	1.559140
3547427522.429508	85.613679	511.443281	223.682007	90.908186	518.721206	80.319172	504.165356	-0.058956	-0.032152	1.407625	1.564027
3547427523.086972	102.227639	523.841241	210.290741	100.475204	532.668980	103.980073	515.013503	-0.074470	-0.055993	1.392962	1.539589
3547427537.560185	202.409164	543.032014	199.184448	210.989220	545.749116	193.829108	540.314912	-0.038765	-0.018202	1.427175	1.578690
3547427538.245667	205.230079	543.931800	191.431656	203.393604	552.742439	207.066554	535.121161	-0.058956	-0.013610	1.407625	1.583578
3547427538.915138	205.539447	543.980530	191.328384	202.804486	552.554909	208.274409	535.406150	-0.043761	-0.036861	1.422287	1.559140
3547427539.592617	205.562446	543.967928	191.428696	203.699899	552.773092	207.424994	535.162764	-0.048791	-0.036861	1.417400	1.559140
3547427540.247079	205.544337	543.961114	191.345016	202.952357	552.579794	208.136318	535.342434	-0.038765	0.008935	1.427175	1.608016
3547427540.918552	205.545587	543.955470	191.340591	202.915494	552.562596	208.175679	535.348344	-0.023982	-0.022823	1.441838	1.573803
3547427541.629054	205.670426	544.025565	190.622772	198.028048	548.778887	213.312803	539.272244	-0.028876	-0.018202	1.436950	1.578690
3547427542.323543	216.050659	546.017318	191.304520	213.111870	554.523993	218.989448	537.510642	-0.023982	0.004481	1.441838	1.603128
3547427543.040052	233.919993	549.485770	190.712341	226.733433	554.903643	241.106554	544.067897	-0.043761	-0.027473	1.422287	1.568915
3547427543.716527	251.554191	552.190369	187.147232	260.332391	550.204622	242.775990	554.176117	-0.033804	-0.009045	1.432063	1.588465
3547427544.356977	271.205183	554.256582	184.892776	267.200056	562.316294	275.210311	546.196871	-0.023982	-0.032152	1.441838	1.564027
3547427545.026450	289.960052	555.139649	176.524521	284.912997	547.687989	295.007107	562.591309	-0.028876	-0.013610	1.436950	1.583578
3547427551.268854	284.372258	552.350471	25.086912	284.784575	543.359921	283.959941	561.341021	-0.033804	-0.022823	1.432063	1.573803
3547427551.961342	270.653077	545.767493	24.261599	277.538664	539.971918	263.767490	551.563068	-0.038765	-0.041599	1.427175	1.554252
3547427552.593790	254.952986	538.989594	20.459921	245.960030	539.345619	263.945941	538.633570	-0.038765	-0.036861	1.427175	1.559140
3547427554.654241	204.522456	525.727603	8.780899	199.119736	532.925562	209.925175	518.529644	-0.058956	-0.041599	1.407625	1.554252
3547427555.325716	185.912497	523.124420	5.038193	194.439039	520.243782	177.385954	526.005057	-0.033804	-0.018202	1.432063	1.578690
3547427555.972172	167.487843	521.583458	2.409381	161.471197	528.276737	173.504488	514.890179	-0.033804	-0.036861	1.432063	1.559140
3547427556.647648	149.378299	520.272543	1.652740	140.408498	521.009208	158.348099	519.535878	-0.053856	-0.027473	1.412512	1.568915
3547427557.323126	131.253083	519.976760	359.336227	122.882249	516.670834	139.623916	523.282686	-0.058956	-0.036861	1.407625	1.559140
3547427557.972583	113.932143	520.158137	357.655884	118.133421	512.198912	109.730865	528.117362	-0.043761	-0.036861	1.422287	1.559140
3547427558.659070	98.078138	521.139909	355.703369	103.899462	528.003740	92.256813	514.276078	-0.043761	-0.046367	1.422287	1.549365
3547427559.956983	63.805359	523.211123	355.401886	67.326002	531.493942	60.284717	514.928305	-0.058956	-0.046367	1.407625	1.549365
3547427560.673488	46.455661	524.204054	355.547668	51.142176	531.887580	41.769146	516.520527	-0.048791	-0.051165	1.417400	1.544477
3547427562.045457	14.603241	526.444949	332.614685	18.059338	518.134991	11.147144	534.754906	-0.038765	-0.055993	1.427175	1.539589
3547427564.696328	42.214922	543.856021	209.589767	35.182130	549.472055	49.247714	538.239987	-0.053856	-0.022823	1.412512	1.573803
3547427565.363799	59.657639	553.143201	206.634964	65.525174	546.318830	53.790103	559.967571	-0.053856	-0.036861	1.412512	1.559140
3547427566.004251	76.609487	560.996622	203.078842	68.490320	564.879806	84.728655	557.113437	-0.058956	-0.036861	1.407625	1.559140
3547427566.648707	96.132121	568.016635	196.784729	87.971005	571.810864	104.293238	564.222406	-0.038765	-0.009045	1.427175	1.588465
3547427567.371213	116.423656	572.602639	189.962448	107.472198	571.669155	125.375114	573.536124	-0.038765	-0.036861	1.427175	1.559140
3547427568.031680	139.815205	575.019453	181.754265	143.795481	566.947440	135.834928	583.091467	-0.033804	-0.036861	1.432063	1.559140
3547427568.698152	164.091474	574.191704	172.305130	159.915789	582.164386	168.267160	566.219023	-0.043761	-0.036861	1.422287	1.559140
3547427569.343606	187.700429	568.850293	161.251663	195.418148	573.480283	179.982710	564.220302	-0.043761	-0.055993	1.422287	1.539589
3547427570.047107	209.366483	558.821153	148.338409	215.050461	565.799147	203.682505	551.843160	-0.053856	-0.051165	1.412512	1.544477
3547427570.717577	228.527137	544.716659	139.025742	222.098176	538.418369	234.956099	551.014950	-0.043761	0.000000	1.422287	1.598240
3547427572.036507	258.633695	508.275803	118.867386	263.051893	500.434915	254.215497	516.116691	-0.038765	-0.046367	1.427175	1.549365
3547427572.728994	267.307304	489.150297	109.743408	265.410619	497.948171	269.203988	480.352422	-0.048791	-0.032152	1.417400	1.564027
3547427573.436493	272.669602	469.328218	100.308685	274.653685	460.549641	270.685518	478.106795	-0.053856	-0.046367	1.412512	1.549365
3547427574.096959	274.748662	447.797076	92.299744	283.115827	451.112277	266.381498	444.481876	-0.064091	-0.041599	1.402737	1.554252
3547427575.439906	270.392728	406.877144	77.085770	261.453995	407.925506	279.331460	405.828783	-0.014292	-0.051165	1.451613	1.544477
3547427576.083360	263.660508	385.719930	66.956970	271.152606	390.706759	256.168409	380.733102	-0.053856	-0.027473	1.412512	1.568915
3547427577.416300	241.017209	353.446404	44.828289	234.279547	347.479502	247.754870	359.413305	-0.043761	-0.046367	1.422287	1.549365
3547427578.101784	226.083216	340.811303	35.137035	231.011789	348.341852	221.154644	333.280753	-0.028876	-0.013610	1.436950	1.583578
3547427578.772257	207.745970	330.119597	27.096241	199.431069	333.563784	216.060870	326.675410	-0.043761	-0.022823	1.422287	1.573803
3547427579.460743	189.776285	321.959302	21.416585	184.885068	329.514168	194.667502	314.404436	-0.053856	-0.036861	1.412512	1.559140
3547427580.143225	171.032214	315.256862	16.200899	175.291142	323.185388	166.773285	307.328335	-0.033804	-0.004509	1.432063	1.593353
3547427580.790683	152.802099	310.616098	11.858526	158.653877	303.778211	146.950321	317.453984	-0.023982	-0.022823	1.441838	1.573803
3547427582.785089	97.805633	306.565047	358.655029	93.384834	298.725625	102.226433	314.404469	-0.048791	-0.032152	1.417400	1.564027
3547427583.437549	80.366018	307.253563	354.483063	75.918275	315.077730	84.813762	299.429397	-0.048791	-0.032152	1.417400	1.564027
3547427587.564460	18.699289	317.555180	204.343582	19.955708	326.467049	17.442869	308.643311	-0.033804	-0.013610	1.432063	1.583578
3547427588.203917	32.902498	323.730371	202.906876	24.238596	326.166926	41.566400	321.293817	-0.038765	-0.022823	1.427175	1.573803
3547427588.827353	49.995645	330.079157	197.708633	48.104512	338.878226	51.886778	321.280088	-0.033804	-0.046367	1.432063	1.549365
3547427589.532850	69.004703	335.388303	192.704788	76.889271	339.728070	61.120134	331.048537	-0.019121	0.004481	1.446725	1.603128
3547427590.184309	88.568631	338.629115	185.139587	86.653963	347.423093	90.483298	329.835137	-0.028876	-0.027473	1.436950	1.568915
3547427590.815754	110.760206	339.165492	177.237152	102.069285	336.827138	119.451127	341.503847	-0.009496	-0.027473	1.456500	1.568915
3547427591.503238	131.280469	336.641818	169.811722	129.795820	327.765118	132.765118	345.518519	-0.033804	-0.004509	1.432063	1.593353
3547427592.215741	150.862212	331.622488	160.159004	150.302583	340.605072	151.421841	322.639904	-0.038765	0.000000	1.427175	1.598240
3547427592.883213	171.623672	321.553737	147.209175	167.744031	329.674598	175.503313	313.432876	-0.028876	-0.022823	1.436950	1.573803
3547427593.549684	189.559268	307.035796	134.093750	182.011740	311.938329	197.106795	302.133263	-0.033804	-0.009045	1.432063	1.588465
3547427594.235166	201.594933	290.787974	122.097618	197.888184	298.989194	205.301682	282.586754	-0.014292	-0.013610	1.451613	1.583578
3547427594.896633	212.504798	269.993985	111.674992	221.405808	268.662815	203.603787	271.325155	-0.038765	-0.013610	1.427175	1.583578
3547427595.546099	219.079864	249.256621	102.179893	210.107320	249.959096	228.052407	248.554145	-0.033804	-0.013610	1.432063	1.583578
3547427596.883036	223.001745	208.597883	88.234413	220.602734	199.923511	225.400757	217.272256	-0.043761	-0.046367	1.422287	1.549365
3547427598.270012	215.106943	168.131036	66.876862	222.175954	173.701412	208.037932	162.560660	-0.033804	-0.013610	1.432063	1.583578
3547427598.977516	204.516718	148.241224	55.668461	211.454555	142.508299	197.578882	153.974149	-0.014292	-0.004509	1.451613	1.593353
3547427599.641981	191.652030	132.906026	41.413040	196.526403	140.471770	186.777658	125.340281	-0.079715	-0.004509	1.388074	1.593353
3547427601.038968	155.835106	113.829149	14.028719	146.887979	112.855029	164.782234	114.803269	0.000000	0.004481	1.466276	1.603128
3547427601.728451	135.196351	109.864475	3.978040	141.876754	115.895414	128.515948	103.833537	0.004701	0.039370	1.471163	1.642229
3547427603.060394	97.831727	112.674663	353.599762	88.962362	114.202523	106.701092	111.146802	0.212441	0.174319	1.725318	1.813294
3547427603.784904	80.585359	114.901735	354.075684	73.401640	120.323375	87.769078	109.480095	0.288993	0.224663	1.842620	1.886608
3547427606.484808	21.106739	114.721758	11.052854	30.091979	114.206526	12.121500	115.236990	0.394550	0.271240	2.033236	1.959922
3547427607.176295	14.826130	112.701094	54.424480	22.482855	117.431270	7.169406	107.970918	0.396997	0.277188	2.038123	1.969697
3547427607.853774	14.741915	111.823941	114.428963	5.998099	109.691881	23.485731	113.956000	0.406669	0.274222	2.057674	1.964809
3547427608.510241	18.630601	108.920422	150.903091	17.672623	99.971552	19.588580	117.869292	0.413803	0.268244	2.072336	1.955034
3547427609.184713	29.386498	104.740641	163.246002	30.435451	95.801978	28.337546	113.679304	0.413803	0.277188	2.072336	1.969697
3547427609.887208	42.099543	102.938348	178.823059	39.892776	111.663609	44.306310	94.213087	0.411436	0.274222	2.067449	1.964809
3547427610.597709	55.274311	103.574031	188.902069	51.715656	95.307473	58.832965	111.840589	0.420836	0.280140	2.086999	1.974585
3547427611.255178	69.538014	107.608717	200.528503	74.114394	99.859089	64.961634	115.358346	0.413803	0.317229	2.072336	2.038123
3547427611.946661	81.233234	113.760127	211.527084	88.996587	118.313186	73.469881	109.207068	0.413803	0.352075	2.072336	2.101662
3547427613.249582	102.282461	130.526506	225.431915	108.500708	124.020093	96.064215	137.032918	0.396997	0.406479	2.038123	2.209189
3547427613.903042	110.582146	140.038454	231.890427	115.570157	132.547142	105.594135	147.529765	0.377086	0.447203	1.999022	2.297165
3547427614.573516	118.130744	150.756842	235.405182	116.217062	159.551034	120.044426	141.962649	0.361634	0.429495	1.969697	2.258065
3547427615.214968	124.553225	159.717125	237.162415	133.549740	159.967570	115.556710	159.466680	0.359014	0.442833	1.964809	2.287390
3547427615.928471	131.396878	169.903552	235.704102	132.157841	178.871324	130.635915	160.935780	0.351075	0.440634	1.950147	2.282502
3547427617.304441	145.803827	191.672846	236.072220	149.740957	199.765992	141.866698	183.579700	0.306631	0.415806	1.871945	2.228739
3547427617.959902	153.095101	201.900848	232.246193	155.161472	193.141275	151.028729	210.660420	0.288993	0.462210	1.842620	2.331378
3547427618.652393	161.612833	212.470852	229.273010	161.043931	221.452854	162.181735	203.488851	0.258313	0.504700	1.793744	2.434018
3547427619.293845	170.379130	221.715559	223.425156	173.651092	230.099727	167.107168	213.331392	0.258313	0.529253	1.793744	2.497556
3547427621.261232	201.624818	240.054192	189.338776	194.903743	234.068613	208.345893	246.039770	0.222574	0.516189	1.739980	2.463343
3547427621.954723	213.906987	240.635002	178.119217	206.578067	245.858691	221.235907	235.411312	0.229236	0.504700	1.749756	2.434018
3547427622.685237	226.287894	238.292576	159.782608	222.465702	246.440633	230.110087	230.144518	0.222574	0.490940	1.739980	2.399804
3547427623.997164	248.322706	222.133812	126.926895	239.745160	219.408799	256.900253	224.858824	0.177383	0.470589	1.676442	2.350929
3547427624.680651	255.385380	210.733642	113.742470	249.973629	203.542471	260.797132	217.924814	0.162780	0.447203	1.656891	2.297165
3547427625.311090	258.842775	197.297781	98.043365	264.318019	204.440728	253.367530	190.154833	0.155349	0.433979	1.647116	2.267840
3547427625.976560	258.725791	183.672987	79.428246	265.710530	189.348674	251.741052	177.997301	0.147829	0.427238	1.637341	2.253177
3547427627.293496	246.929647	159.486655	47.247013	248.034959	168.418524	245.824335	150.554786	0.132517	0.382421	1.617791	2.160313
3547427627.962961	236.439334	150.472239	32.327663	229.324217	144.960877	243.554451	155.983601	0.128631	0.377478	1.612903	2.150538
3547427628.642440	224.566690	144.802319	20.438040	215.568097	144.961498	233.565282	144.643140	0.112848	0.357250	1.593353	2.111437
3547427629.329926	211.086237	141.534121	5.530898	217.236035	134.962973	204.936440	148.105269	0.100754	0.364923	1.578690	2.126100
3547427630.008405	195.347643	141.373811	351.924164	194.755990	132.393280	195.939295	150.354343	0.100754	0.344222	1.578690	2.086999
3547427630.648856	182.106809	145.284599	339.408081	181.064483	136.345161	183.149135	154.224037	0.096673	0.382421	1.573803	2.160313
3547427631.318328	169.616892	152.004828	323.522339	169.061905	160.987700	170.171880	143.021956	0.140219	0.401753	1.627566	2.199413
3547427632.018828	158.749798	162.071981	309.774704	150.229101	164.969864	167.270494	159.174097	0.195164	0.480870	1.700880	2.375367
3547427633.301730	147.053472	187.380900	278.590012	139.423694	192.154419	154.683250	182.607381	0.219216	0.599115	1.735093	2.697947
3547427633.988212	146.338015	200.401410	265.646652	137.486781	202.031028	155.189249	198.771792	0.219216	0.610018	1.735093	2.732160
3547427634.705719	149.529131	212.098777	245.010857	149.829408	203.103788	149.228853	221.093766	0.219216	0.605379	1.735093	2.717498
3547427635.370187	156.856457	222.782706	225.646454	161.546956	215.101611	152.165958	230.463802	0.222574	0.595948	1.739980	2.688172
3547427638.744567	212.422930	217.549356	123.448685	219.619019	222.954568	205.226842	212.144145	0.173764	0.536558	1.671554	2.517107
3547427639.421046	217.666283	205.879189	102.685257	210.155406	210.837691	225.177159	200.920687	0.180980	0.506634	1.681329	2.438905
3547427640.128544	218.431716	192.245621	84.604279	216.478866	201.031199	220.384565	183.460044	0.159076	0.488943	1.652004	2.394917
3547427641.551548	206.032154	168.842329	42.210945	214.851758	170.635254	197.212549	167.049403	0.147829	0.476783	1.637341	2.365591
3547427642.191999	193.522904	161.435465	19.745266	186.497026	155.810783	200.548781	167.060147	0.144036	0.449374	1.632454	2.302053
3547427642.855467	180.496025	158.806576	2.035586	172.450783	162.840690	188.541267	154.772462	0.120787	0.436207	1.603128	2.272727
3547427643.494920	167.592976	160.106570	346.855530	158.969961	157.529046	176.215990	162.684093	0.120787	0.418113	1.603128	2.233627
3547427644.146377	155.673087	164.539274	330.235382	158.912126	172.936215	152.434048	156.142333	0.144036	0.424972	1.632454	2.248289
3547427645.485325	136.517581	182.833546	299.994095	145.514053	183.085545	127.521110	182.581547	0.229236	0.453689	1.749756	2.311828
3547427646.171810	130.867753	195.255432	285.552979	127.934743	203.764101	133.800763	186.746762	0.276918	0.462210	1.823069	2.331378
3547427646.862296	128.990048	209.889526	271.239594	121.127325	205.510305	136.852771	214.268748	0.258313	0.464318	1.793744	2.336266
3547427647.556784	130.151972	222.052393	260.236542	125.714080	229.882151	134.589864	214.222635	0.270783	0.453689	1.813294	2.311828
3547427648.884722	137.331726	246.460220	245.291458	135.129244	237.733876	139.534209	255.186563	0.245568	0.424972	1.774194	2.248289
3547427649.554195	143.053043	257.815008	240.114037	134.265670	255.870257	151.840417	259.759760	0.251975	0.411163	1.783969	2.218964
3547427650.222666	149.763261	267.834390	234.529449	141.783621	271.996762	157.742902	263.672018	0.248780	0.413490	1.779081	2.223851
3547427650.918157	157.941609	278.420362	226.802307	152.803254	271.031362	163.079963	285.809361	0.219216	0.384876	1.735093	2.165200
3547427651.604640	166.776751	287.612878	224.466690	175.665798	289.021722	157.887704	286.204034	0.219216	0.387319	1.735093	2.170088
3547427652.277115	177.901083	297.133355	218.557872	186.689659	295.194046	169.112506	299.072664	0.209025	0.354668	1.720430	2.106549
3547427653.006630	189.839512	304.819946	210.040253	185.953575	312.937796	193.725450	296.702096	0.202134	0.341580	1.710655	2.082111
3547427653.712127	203.202917	312.021450	203.747787	199.241815	320.102890	207.164018	303.940010	0.170124	0.325462	1.666667	2.052786
3547427654.357584	217.853868	317.373482	196.251587	208.897010	316.493306	226.810725	318.253658	0.180980	0.308877	1.681329	2.023460
3547427655.015047	232.120156	320.124958	187.689011	238.617284	313.897011	225.623028	326.352905	0.166463	0.288910	1.661779	1.989247
3547427655.677519	245.726040	320.762196	177.026077	237.717914	316.654895	253.734165	324.869497	0.151600	0.288910	1.642229	1.989247
3547427656.352991	260.618355	318.932294	169.728363	259.877955	309.962801	261.358755	327.901787	0.144036	0.253034	1.632454	1.930596
3547427656.965423	274.968753	315.052727	160.203766	274.811626	324.051355	275.125880	306.054098	0.144036	0.265232	1.632454	1.950147
3547427657.623888	286.044982	310.162381	134.993942	285.195372	319.122189	286.894592	301.202573	0.128631	0.256106	1.612903	1.935484
3547427658.270346	287.107046	306.876620	77.681702	280.297546	312.761406	293.916547	300.991834	0.120787	0.240586	1.603128	1.911046
3547427658.996856	285.448025	305.262260	27.247303	277.746125	309.918518	293.149925	300.606002	0.128631	0.224663	1.612903	1.886608
3547427659.695347	275.802205	302.017331	9.314695	274.813462	310.962854	276.790949	293.071808	0.112848	0.240586	1.593353	1.911046
3547427660.335800	260.846633	300.779053	0.337706	257.864725	292.287397	263.828541	309.270709	0.104810	0.240586	1.583578	1.911046
3547427661.034294	247.027498	301.788348	350.376007	255.992335	300.993548	238.062662	302.583147	0.100754	0.198310	1.578690	1.847507
3547427661.693768	232.123265	305.406500	339.559906	229.740908	296.727539	234.505622	314.085462	0.092566	0.174319	1.568915	1.813294
3547427662.384244	218.669330	311.459855	331.573151	227.587290	310.247421	209.751370	312.672288	0.067378	0.181266	1.539589	1.823069
3547427663.055719	206.202265	319.818042	322.803711	199.870624	326.214160	212.533906	313.421925	0.067378	0.174319	1.539589	1.813294
3547427663.746209	194.793731	329.321335	314.928253	188.535057	322.853801	201.052405	335.788869	0.063086	0.174319	1.534702	1.813294
3547427664.433691	184.194286	341.081861	307.327332	188.888865	333.403259	179.499707	348.760463	0.063086	0.156621	1.534702	1.788856
3547427665.176216	175.777805	353.718355	302.511169	168.626808	348.253628	182.928802	359.183082	0.045643	0.138433	1.515152	1.764418
3547427666.526167	161.534940	386.387623	285.999680	162.565408	395.328436	160.504472	377.446811	0.032262	0.123515	1.500489	1.744868
3547427667.196640	158.257314	401.841945	277.259430	151.805648	395.566915	164.708980	408.116975	0.027744	0.104391	1.495601	1.720430
3547427668.548593	158.461521	435.639272	262.695618	166.843875	432.362667	150.079167	438.915877	0.036752	0.112105	1.505376	1.730205
3547427669.235077	162.098835	452.091285	254.659210	163.800380	460.928974	160.397291	443.253595	0.036752	0.134734	1.505376	1.759531
3547427669.890539	167.677794	468.193797	247.827026	164.517492	476.620688	170.838095	459.766906	0.018618	0.096589	1.485826	1.710655
3547427670.576025	175.303344	485.056149	242.832840	182.519030	490.435171	168.087658	479.677127	0.000000	0.096589	1.466276	1.710655
3547427671.260507	183.745072	500.457135	237.758896	191.328728	495.610676	176.161416	505.303594	0.014009	0.096589	1.480938	1.710655
3547427671.955999	193.853332	515.261348	232.129761	196.923307	506.801132	190.783358	523.721564	0.009370	0.084716	1.476051	1.695992
3547427673.297946	222.126193	543.425296	216.607651	220.672410	552.307104	223.579977	534.543488	0.009370	0.076687	1.476051	1.686217
3547427673.969419	237.866676	553.554947	208.573181	229.390111	550.530409	246.343242	556.579486	0.009370	0.068563	1.476051	1.676442
3547427674.638893	254.341821	560.839347	201.784378	248.390811	554.087645	260.292830	567.591050	-0.009496	0.052029	1.456500	1.656891
3547427675.285347	271.443173	567.125792	198.252472	274.377730	575.633928	268.508616	558.617656	0.009370	0.047835	1.476051	1.652004
3547427675.974836	288.956350	571.839429	183.103256	281.957709	566.180893	295.954991	577.497964	-0.004732	0.104391	1.461388	1.720430
3547427684.969178	283.504897	574.908457	340.558929	274.917235	572.215491	292.092559	577.601423	-0.014292	0.043615	1.451613	1.647116
3547427685.713704	269.938401	579.984321	339.761230	265.868653	571.957045	274.008148	588.011596	-0.019121	0.035100	1.446725	1.637341
3547427689.228183	259.599401	581.231246	47.286514	261.056578	590.112498	258.142223	572.349994	0.009370	0.022136	1.476051	1.622678
3547427689.959702	249.022015	571.755350	39.317570	240.032235	572.184141	258.011794	571.326558	0.009370	0.030805	1.476051	1.632454
3547427690.686217	235.280583	560.430341	38.482624	228.928635	554.054390	241.632530	566.806293	-0.009496	0.030805	1.456500	1.632454
3547427691.368693	222.130968	550.151485	35.689289	230.277462	553.977011	213.984475	546.325959	0.032262	0.043615	1.500489	1.647116
3547427692.098208	206.512653	539.913919	27.453146	199.925052	546.046089	213.100255	533.781750	-0.014292	0.026483	1.451613	1.627566
3547427693.469176	173.670071	525.551417	19.179779	170.751784	517.037687	176.588358	534.065147	0.000000	0.008935	1.466276	1.608016
3547427694.119634	156.851818	519.593070	17.403849	165.781497	518.470203	147.922139	520.715938	-0.004732	0.013362	1.461388	1.612903
3547427694.810120	139.499572	514.238863	15.151327	134.744574	521.880198	144.254570	506.597529	-0.004732	0.017762	1.461388	1.617791
3547427695.520622	123.597672	510.952205	11.544348	131.276157	506.257434	115.919188	515.646975	-0.009496	-0.004509	1.456500	1.593353
3547427696.211114	105.185061	507.097883	10.041077	110.387230	514.442094	99.982892	499.753672	-0.009496	0.013362	1.456500	1.612903
3547427696.877579	88.909794	504.167761	8.537588	81.932095	509.852100	95.887494	498.483422	-0.014292	0.004481	1.451613	1.603128
3547427697.549055	72.483545	501.229999	8.877734	67.802063	508.916593	77.165027	493.543406	0.000000	0.022136	1.466276	1.622678
3547427701.539869	16.441460	496.247074	223.437378	19.815649	504.590625	13.067272	487.903522	-0.014292	0.004481	1.451613	1.603128
3547427702.234359	26.751231	505.386703	221.166016	18.197602	502.587519	35.304861	508.185886	-0.009496	0.000000	1.456500	1.598240
3547427702.927847	39.492971	516.915430	222.728851	36.625785	525.446505	42.360157	508.384355	-0.014292	0.000000	1.451613	1.598240
3547427704.262791	66.548180	541.745308	220.361694	62.631800	533.642100	70.464560	549.848515	-0.009496	0.000000	1.456500	1.598240
3547427704.937266	81.565336	554.255333	219.127106	87.922814	547.884896	75.207857	560.625770	-0.014292	-0.009045	1.451613	1.588465
3547427705.633758	96.749307	566.264269	217.039108	99.143082	574.940089	94.355532	557.588450	-0.004732	-0.009045	1.461388	1.588465
3547427706.312235	112.901128	577.941412	213.844238	110.972756	569.150429	114.829500	586.732395	-0.014292	0.022136	1.451613	1.622678
3547427708.354679	128.933921	578.005292	67.226662	137.483865	580.815711	120.383977	575.194872	-0.004732	-0.009045	1.461388	1.588465
3547427709.045166	122.563609	564.808055	62.031351	129.022961	558.540937	116.104257	571.075174	-0.014292	0.008935	1.451613	1.608016
3547427709.722641	114.425632	548.991341	60.995121	123.109255	551.356651	105.742009	546.626030	-0.019121	-0.013610	1.446725	1.583578
3547427711.059587	94.944716	515.518709	56.884048	91.982558	507.020143	97.906874	524.017274	-0.009496	-0.004509	1.456500	1.593353
3547427711.709043	84.118493	499.871018	52.762924	78.713815	507.067508	89.523170	492.674529	-0.033804	-0.018202	1.432063	1.578690
3547427712.370511	72.434812	485.275217	48.057678	79.669723	490.628352	65.199900	479.922081	-0.009496	-0.018202	1.456500	1.578690
3547427713.763494	43.771088	458.825659	37.972309	41.342784	450.159440	46.199391	467.491877	-0.019121	-0.009045	1.446725	1.588465
3547427714.417954	28.813648	447.757929	34.665222	29.781102	456.705779	27.846194	438.810078	-0.023982	-0.018202	1.441838	1.578690
3547427715.083425	16.409455	440.147385	7.674515	7.554004	438.540840	25.264906	441.753930	-0.014292	-0.009045	1.451613	1.588465
3547427715.771911	14.813899	440.575568	298.083160	11.574959	448.972548	18.052840	432.178588	-0.023982	-0.013610	1.441838	1.583578
3547427716.423368	15.575036	441.914429	247.871048	12.788642	450.472233	18.361430	433.356626	-0.043761	0.008935	1.422287	1.608016
3547427717.047810	21.426322	454.926503	246.540070	12.451592	454.252551	30.401053	455.600455	-0.023982	-0.013610	1.441838	1.583578
3547427717.738298	27.575029	469.268082	246.989304	19.198090	472.558506	35.951968	465.977657	-0.019121	-0.009045	1.446725	1.588465
3547427718.378750	34.135611	485.247170	247.821930	30.932404	493.657846	37.338819	476.836494	-0.023982	-0.004509	1.441838	1.593353
3547427719.058229	40.008155	501.029737	250.769775	44.770799	493.393165	35.245512	508.666309	-0.014292	-0.022823	1.451613	1.573803
3547427719.762723	45.311838	517.168303	253.110123	36.513167	519.061287	54.110509	515.275319	-0.009496	-0.041599	1.456500	1.554252
3547427721.054643	54.646677	551.444539	254.560516	55.469131	560.406881	53.824223	542.482197	-0.019121	-0.013610	1.446725	1.583578
3547427721.716103	58.770544	567.058921	255.609711	66.950896	570.811499	50.590192	563.306343	-0.033804	-0.013610	1.432063	1.583578
3547427722.379571	62.475717	581.851501	248.245575	63.013195	590.835437	61.938239	572.867564	-0.004732	0.039370	1.461388	1.642229
3547427724.333950	73.048673	570.919346	120.684944	64.366085	568.550239	81.731261	573.288453	-0.038765	-0.004509	1.427175	1.593353
3547427725.039447	81.697175	555.367290	119.030190	84.786057	546.913958	78.608294	563.820621	-0.028876	0.026483	1.436950	1.627566
3547427725.727932	91.289257	536.638333	114.426842	82.549982	534.487733	100.028531	538.788933	-0.019121	-0.004509	1.446725	1.593353
3547427726.378394	100.062763	513.249523	106.992287	98.468001	504.391943	101.657526	522.107104	-0.028876	-0.018202	1.436950	1.578690
3547427727.052868	105.632746	490.843325	100.757278	103.613266	482.072823	107.652225	499.613827	-0.004732	-0.018202	1.461388	1.578690
3547427727.718338	108.405753	468.838800	93.730247	112.858385	461.017415	103.953120	476.660185	-0.019121	-0.018202	1.446725	1.578690
3547427728.365795	109.089918	447.606134	89.225815	100.517752	444.864243	117.662084	450.348026	-0.014292	0.000000	1.451613	1.598240
3547427729.770787	104.884022	407.806434	76.872162	95.926205	406.936073	113.841838	408.676795	-0.033804	-0.004509	1.432063	1.593353
3547427730.415241	99.374836	387.973980	71.732811	94.873111	395.767212	103.876560	380.180747	-0.033804	-0.009045	1.432063	1.588465
3547427731.768198	85.812081	352.055283	65.659836	83.035631	360.616319	88.588532	343.494248	-0.023982	-0.036861	1.441838	1.559140
3547427732.465690	77.157318	334.364691	62.258472	82.039594	326.804044	72.275042	341.925338	-0.014292	-0.027473	1.451613	1.568915
3547427733.147168	67.580796	317.268049	58.428200	59.006330	320.002738	76.155263	314.533360	-0.023982	0.004481	1.441838	1.603128
3547427733.800629	57.261510	301.284598	54.605652	65.645212	304.557753	48.877808	298.011443	-0.028876	0.000000	1.436950	1.598240
3547427734.482110	44.645430	284.939980	50.342628	43.951804	275.966749	45.339056	293.913212	-0.058956	-0.027473	1.407625	1.568915
3547427735.135570	31.822361	270.468721	42.317776	40.782861	271.311013	22.861862	269.626430	-0.033804	-0.018202	1.432063	1.578690
3547427735.830062	17.795798	258.786520	43.617367	21.007756	250.379182	14.583839	267.193857	-0.014292	-0.013610	1.451613	1.583578
3547427736.542563	16.802412	255.196797	114.194946	8.791323	251.095280	24.813502	259.298314	-0.038765	-0.018202	1.427175	1.578690
3547427737.312105	19.067192	253.878184	166.264832	16.931548	262.621126	21.202836	245.135243	0.014009	-0.018202	1.480938	1.578690
3547427737.988584	34.720922	252.179756	177.286514	25.925208	250.273079	43.516636	254.086433	-0.009496	-0.009045	1.456500	1.588465
3547427738.664061	55.375975	251.830242	180.941788	63.973444	249.168753	46.778505	254.491730	-0.014292	0.004481	1.451613	1.603128
3547427739.311518	73.840358	252.530390	182.292023	73.124276	243.558923	74.556439	261.501858	-0.019121	0.008935	1.446725	1.608016
3547427739.966981	92.722412	253.270749	181.350494	99.554019	247.411642	85.890804	259.129857	-0.009496	-0.004509	1.456500	1.593353
3547427741.296921	133.072017	251.492676	174.085098	141.738001	253.921818	124.406034	249.063534	-0.014292	0.004481	1.451613	1.603128
3547427742.000413	151.764413	247.226485	171.222458	142.764557	247.277410	160.764269	247.175561	-0.009496	-0.013610	1.456500	1.583578
3547427742.652875	171.851117	243.928209	165.667244	165.166376	249.954338	178.535858	237.902079	-0.023982	0.013362	1.441838	1.612903
3547427743.364377	191.274886	237.338039	162.015167	200.051741	235.346355	182.498030	239.329724	-0.009496	-0.018202	1.456500	1.578690
3547427744.720334	230.308772	219.363188	148.685043	238.025337	223.995103	222.592208	214.731274	-0.014292	-0.004509	1.451613	1.593353
3547427745.367788	246.605472	207.817486	140.944580	242.877462	216.009064	250.333483	199.625909	-0.028876	-0.036861	1.436950	1.559140
3547427746.011245	261.822460	193.495733	132.763077	255.265617	187.330685	268.379302	199.660781	0.004701	-0.022823	1.471163	1.573803
3547427747.369203	286.177006	161.331937	120.574089	277.809803	158.016833	294.544209	164.647042	-0.019121	0.000000	1.446725	1.598240
3547427748.043677	287.438312	153.903619	56.377689	288.969631	145.034850	285.906993	162.772388	-0.019121	-0.004509	1.446725	1.593353
3547427748.726160	285.474926	152.969632	349.903351	293.818711	156.343241	277.131140	149.596024	-0.009496	0.004481	1.456500	1.603128
3547427749.406640	277.078330	156.111699	334.034454	269.382947	151.444680	284.773714	160.778718	-0.019121	0.000000	1.446725	1.598240
3547427750.162172	262.479637	163.374409	332.759888	264.696972	154.651827	260.262302	172.096990	-0.009496	0.004481	1.456500	1.603128
3547427751.503117	230.880614	182.091959	326.028107	236.661548	175.194075	225.099680	188.989843	-0.028876	0.008935	1.436950	1.608016
3547427752.146573	217.351407	192.625049	319.490448	224.682616	187.404573	210.020198	197.845526	0.018618	0.039370	1.485826	1.642229
3547427752.775015	203.643091	205.323683	315.321503	195.383842	201.748097	211.902339	208.899269	-0.019121	0.000000	1.446725	1.598240
3547427753.438483	191.234443	219.251770	312.613297	200.231669	219.028346	182.237217	219.475194	-0.009496	-0.004509	1.456500	1.593353
3547427754.768421	167.852591	247.073011	306.872314	175.444087	242.238843	160.261095	251.907180	-0.023982	-0.004509	1.441838	1.593353
3547427755.505943	156.073746	261.620252	305.917257	164.404662	265.025518	147.742830	258.214986	-0.019121	-0.013610	1.446725	1.583578
3547427756.129383	145.025394	276.929419	303.699239	137.285492	281.522231	152.765296	272.336607	-0.028876	-0.004509	1.436950	1.593353
3547427756.790850	134.182612	293.232713	299.290385	140.878888	299.246023	127.486336	287.219404	-0.023982	-0.013610	1.441838	1.583578
3547427757.467326	126.901671	308.300210	294.483063	133.522648	302.204092	120.280693	314.396329	-0.019121	-0.009045	1.446725	1.588465
3547427758.099772	117.605525	326.654325	291.464203	111.780668	333.515160	123.430381	319.793491	-0.009496	-0.027473	1.456500	1.568915
3547427758.771245	111.573446	341.432811	292.049042	110.504302	350.369082	112.642591	332.496541	-0.028876	-0.013610	1.436950	1.583578
3547427759.455728	105.729308	356.832045	290.637390	96.736532	357.192575	114.722084	356.471514	-0.019121	-0.018202	1.446725	1.578690
3547427760.166236	99.436515	373.207772	292.640778	103.533828	381.221013	95.339203	365.194532	-0.023982	-0.022823	1.441838	1.573803
3547427760.854716	91.833045	391.405417	292.347595	93.439692	400.260850	90.226397	382.549985	-0.014292	-0.018202	1.451613	1.578690
3547427761.552207	85.024576	409.878259	288.718445	87.753636	401.301999	82.295515	418.454519	-0.033804	-0.027473	1.432063	1.568915
3547427762.223682	79.559255	428.661295	284.225861	70.594298	427.867855	88.524212	429.454734	-0.009496	-0.027473	1.427175	1.578690
3547427762.894155	75.419598	447.628810	280.636200	83.155848	452.227770	67.683348	443.029850	-0.019121	0.004481	1.446725	1.603128
3547427763.542614	72.705557	465.338689	276.939941	68.551237	457.354853	76.859876	473.322525	-0.019121	-0.046367	1.446725	1.549365
3547427764.310152	71.137984	482.276069	271.656799	62.175195	481.458511	80.100774	483.093628	-0.028876	0.030805	1.436950	1.632454
3547427767.006055	69.155068	551.126163	275.407501	76.973727	546.668745	61.336409	555.583580	-0.028876	0.004481	1.436950	1.603128
3547427767.698544	67.301453	566.410647	278.088776	58.316496	566.930790	76.286410	565.890505	0.004701	0.004481	1.471163	1.603128
3547427768.390033	64.663954	582.295603	280.866608	73.246047	585.006265	56.081862	579.584940	-0.023982	-0.018202	1.441838	1.578690
3547427770.364425	75.694271	579.315058	140.733917	70.335752	586.545983	81.052790	572.084133	-0.033804	-0.004509	1.432063	1.593353
3547427771.016885	89.793417	567.569758	139.208084	82.328945	562.541671	97.257889	572.597845	-0.028876	-0.004509	1.436950	1.593353
3547427771.695364	105.231317	553.729378	135.611176	109.724243	561.527686	100.738391	545.931069	-0.043761	0.000000	1.422287	1.598240
3547427772.344820	119.917800	536.905728	126.358192	114.157883	529.990285	125.677717	543.821171	-0.023982	0.000000	1.441838	1.598240
3547427773.039312	131.052318	518.245151	115.168980	123.157736	522.566675	138.946900	513.923626	-0.033804	0.000000	1.432063	1.598240
3547427773.760821	138.520618	496.787896	103.733532	139.069047	505.771171	137.972188	487.804621	-0.033804	-0.018202	1.432063	1.578690
3547427775.117780	144.662743	452.300378	91.967628	151.491784	458.162477	137.833703	446.438279	-0.043761	-0.009045	1.422287	1.588465
3547427775.791253	144.013288	431.394422	83.632668	135.656851	434.736569	152.369726	428.052275	-0.053856	-0.009045	1.412512	1.588465
3547427776.465729	140.254991	411.727411	75.059036	143.249479	403.240183	137.260503	420.214639	-0.033804	-0.009045	1.432063	1.588465
3547427777.139205	133.672483	392.752493	67.493511	142.660904	393.208875	124.684062	392.296111	-0.019121	0.026483	1.446725	1.627566
3547427777.839698	125.114131	375.325767	61.398252	134.029562	374.094875	116.198700	376.556659	-0.033804	-0.009045	1.432063	1.588465
3547427778.489155	114.865971	358.988627	57.291355	108.779541	352.358742	120.952401	365.618511	-0.033804	0.004481	1.432063	1.603128
3547427779.123605	104.245301	344.275397	52.958218	100.339873	352.383888	108.150730	336.166905	-0.038765	-0.004509	1.427175	1.593353
3547427779.824098	92.779518	330.408336	48.421547	101.445877	332.836136	84.113158	327.980536	-0.038765	-0.036861	1.427175	1.559140
3547427781.185059	64.834967	304.288470	38.078470	61.502046	295.928348	68.167888	312.648592	-0.043761	-0.022823	1.422287	1.573803
3547427781.861537	47.754341	291.813338	34.321331	45.648356	300.563471	49.860326	283.063205	-0.058956	-0.009045	1.407625	1.588465
3547427783.211487	17.989119	274.244848	34.117565	14.156038	282.387789	21.822200	266.101907	-0.019121	-0.018202	1.446725	1.578690
3547427783.877959	16.541573	270.664948	91.562935	20.510858	278.742372	12.572287	262.587524	-0.033804	-0.027473	1.432063	1.568915
3547427784.534423	17.793006	267.245688	119.031120	20.874018	258.789486	14.711995	275.701891	-0.019121	-0.009045	1.446725	1.588465
3547427785.340990	25.810645	255.326188	124.079887	34.809882	255.443387	16.811408	255.208990	-0.019121	-0.009045	1.446725	1.588465
3547427786.010464	34.909237	242.570657	127.827728	27.446962	247.602004	42.371512	237.539310	-0.023982	0.004481	1.441838	1.603128
3547427786.695946	49.113702	225.226707	128.340057	45.075955	233.270126	53.151450	217.183287	-0.019121	0.030805	1.446725	1.632454
3547427787.330394	61.147817	209.377031	125.664566	61.140078	200.377034	61.155556	218.377028	-0.004732	0.013362	1.461388	1.612903
3547427787.961841	72.498861	193.198837	123.202660	78.161819	200.193900	66.835903	186.203774	-0.033804	0.004481	1.432063	1.603128
3547427789.281771	90.914195	160.896976	115.683914	86.171598	168.546014	95.656792	153.247939	-0.023982	0.013362	1.441838	1.612903
3547427789.940237	98.689515	142.971110	111.385300	107.599895	144.238044	89.779134	141.704177	-0.019121	0.000000	1.446725	1.598240
3547427791.288185	109.630661	106.679456	102.394859	101.014481	109.279732	118.246841	104.079180	0.023196	-0.004509	1.490714	1.593353
3547427791.947652	113.399514	87.736354	99.845993	119.093375	80.766422	107.705653	94.706285	0.080091	0.043615	1.554252	1.647116
3547427793.279592	121.174977	50.599657	108.300758	112.206853	49.842858	130.143102	51.356456	0.136380	0.056199	1.622678	1.661779
3547427793.959073	127.659475	34.010189	116.385143	128.970727	42.914156	126.348223	25.106223	0.147829	0.056199	1.637341	1.661779
3547427794.634550	136.649866	18.787128	124.518578	144.846735	15.070766	128.452998	22.503489	0.177383	0.084716	1.676442	1.695992
3547427796.610943	145.944635	19.052640	266.426239	140.795200	26.433921	151.094071	11.671359	0.212441	0.134734	1.725318	1.759531
3547427797.310435	145.204370	32.689268	278.693436	138.108178	38.224977	152.300561	27.153559	0.209025	0.160199	1.720430	1.793744
3547427797.984911	140.963936	47.593812	290.943924	132.499148	50.651159	149.428723	44.536465	0.235823	0.153023	1.759531	1.783969
3547427799.347873	125.442226	73.495764	311.347260	128.355095	82.011349	122.529357	64.980179	0.303730	0.218178	1.867058	1.876833
3547427800.035358	114.504265	85.155251	318.301697	122.081580	90.011617	106.926950	80.298884	0.326524	0.237434	1.906158	1.906158
3547427800.727847	103.090862	93.435254	326.760101	102.780735	84.440598	103.400989	102.429909	0.340301	0.265232	1.930596	1.950147
3547427801.426338	90.352621	100.079018	338.170258	98.460371	96.172051	82.244871	103.985985	0.343015	0.265232	1.935484	1.950147
3547427802.100814	76.700916	104.322633	348.660187	76.191808	113.308222	77.210024	95.337044	0.337574	0.268244	1.925709	1.955034
3547427802.850344	63.351334	105.704211	359.023987	56.400802	99.986684	70.301865	111.421738	0.323726	0.268244	1.901271	1.955034
3547427803.519817	50.975941	104.957332	8.990717	47.190913	113.122720	54.760969	96.791944	0.312389	0.253034	1.881720	1.930596
3547427804.202296	37.037557	101.085146	19.433243	32.077620	93.575218	41.997495	108.595074	0.312389	0.259164	1.881720	1.940371
3547427804.860762	25.301312	95.219237	33.545494	17.670148	99.990539	32.932477	90.447934	0.294934	0.246841	1.852395	1.920821
3547427805.493208	18.835483	90.144732	66.974167	26.412227	95.001990	11.258740	85.287474	0.285998	0.234266	1.837732	1.901271
3547427806.169688	18.836604	89.565875	131.429810	23.285715	81.742486	14.387494	97.389264	0.273859	0.237434	1.818182	1.906158
3547427806.848165	21.225443	89.216562	172.035461	15.076652	95.788652	27.374234	82.644472	0.258313	0.218178	1.793744	1.876833
3547427808.251154	46.958251	91.056466	193.591553	55.304145	87.688077	38.612357	94.424855	0.255153	0.201665	1.788856	1.852395
3547427808.943642	61.997655	95.758472	202.314697	53.448973	92.944218	70.546338	98.572726	0.242337	0.198310	1.769306	1.847507
3547427809.622121	77.041498	103.610486	211.671875	85.380555	106.995765	68.702440	100.225207	0.235823	0.191547	1.759531	1.837732
3547427810.284587	89.161059	112.695694	217.914948	97.357652	116.412663	80.964466	108.978725	0.235823	0.218178	1.759531	1.876833
3547427811.586508	111.828416	134.269803	230.332397	119.382798	139.161768	104.274034	129.377839	0.212441	0.153023	1.725318	1.783969
3547427812.264986	121.230094	146.920572	236.558533	128.493250	152.235322	113.966938	141.605822	0.209025	0.198310	1.720430	1.847507
3547427812.897432	127.853792	157.823619	242.868065	135.254438	162.945185	120.453146	152.702053	0.180980	0.177802	1.681329	1.818182
3547427813.591924	133.556897	171.719883	251.510941	131.914399	162.871029	135.199394	180.568736	0.188113	0.163758	1.691105	1.798631
3547427814.266397	137.226461	185.058435	257.241867	140.470346	176.663365	133.982577	193.453506	0.177383	0.145768	1.676442	1.774194
3547427815.096982	139.616149	200.025845	264.033569	138.362164	191.113633	140.870134	208.938057	0.166463	0.134734	1.661779	1.759531
3547427815.732431	140.494271	215.519889	270.784744	135.354883	208.131609	145.633660	222.908169	0.151600	0.145768	1.642229	1.774194
3547427817.134420	136.755946	247.756174	280.415080	143.295181	253.939895	130.216711	241.572452	0.136380	0.123515	1.622678	1.744868
3547427817.798889	132.914124	264.323145	284.099915	124.119842	262.409872	141.708405	266.236418	0.124721	0.123515	1.608016	1.744868
3547427818.488375	128.109995	278.955255	288.780518	130.301789	270.226221	125.918201	287.684290	0.124721	0.108259	1.608016	1.725318
3547427819.116825	121.548859	294.383371	294.669108	126.927958	287.167743	116.169760	301.599000	0.132517	0.108259	1.617791	1.725318
3547427820.498793	106.917294	319.644367	306.005463	115.515799	322.302510	98.318790	316.986223	0.104810	0.100501	1.583578	1.715543
3547427821.187283	97.518294	330.548383	313.397095	103.732733	324.038333	91.303856	337.058433	0.084275	0.088696	1.559140	1.700880
3547427821.830733	87.002523	340.183849	322.259338	78.273675	342.376383	95.731372	337.991314	0.088434	0.080713	1.564027	1.691105
3547427822.500206	75.457489	348.346796	328.261322	66.463036	348.030869	84.451943	348.662724	0.088434	0.100501	1.564027	1.715543
3547427823.132653	62.839664	355.485672	333.768158	56.643700	348.958037	69.035629	362.013308	0.092566	0.076687	1.568915	1.686217
3547427823.849160	49.670250	360.970940	342.845154	53.270561	369.219441	46.069939	352.722440	0.067378	0.072637	1.539589	1.681329
3547427827.199522	20.635269	376.366153	219.777740	21.835391	367.446528	19.435147	385.285778	0.067378	0.064466	1.539589	1.671554
3547427827.873998	34.240103	387.321337	218.362274	43.238006	387.127089	25.242199	387.515584	0.050046	0.064466	1.520039	1.671554
3547427828.555478	48.876982	398.353323	216.188583	43.934911	405.875020	53.819053	390.831625	0.050046	0.043615	1.520039	1.647116
3547427829.217945	64.480236	408.689081	212.842880	70.844337	402.325260	58.116135	415.052901	0.032262	0.056199	1.500489	1.661779
3547427830.564898	97.525066	428.208282	209.350815	89.362869	432.000187	105.687262	424.416377	0.032262	0.060345	1.500489	1.666667
3547427831.335441	115.757026	437.911000	207.684601	112.760006	429.424665	118.754045	446.397334	0.036752	0.035100	1.505376	1.637341
3547427831.974893	131.108541	445.815344	207.287033	131.630985	436.830521	130.586096	454.800168	0.023196	0.035100	1.490714	1.637341
3547427832.700403	148.613921	454.709374	207.548271	146.798068	445.894462	150.429774	463.524286	0.045643	0.047835	1.515152	1.652004
3547427833.382886	164.901153	463.404642	207.652618	162.177033	454.826812	167.625273	471.982473	0.023196	0.035100	1.490714	1.637341
3547427835.362282	221.364939	489.355563	202.640610	212.365219	489.426515	230.364660	489.284612	0.032262	0.043615	1.500489	1.647116
3547427836.043761	238.107256	495.707989	200.058746	245.695937	490.869402	230.518576	500.546576	0.014009	0.030805	1.480938	1.632454
3547427836.696223	257.742393	502.527021	198.530777	262.901444	509.901584	252.583342	495.152457	0.018618	0.013362	1.485826	1.612903
3547427837.341676	275.934170	507.949747	195.101105	273.082915	499.413334	278.785424	516.486160	-0.004732	0.035100	1.461388	1.637341
3547427839.330078	290.481210	512.801479	124.414871	299.018759	509.953629	281.943661	515.649329	-0.004732	0.022136	1.461388	1.622678
3547427840.706052	290.747787	513.860225	200.718185	293.780920	505.386731	287.714654	522.333719	0.027744	0.022136	1.495601	1.622678
3547427843.327900	291.429421	512.718962	357.770081	294.696391	504.332848	288.162451	521.105076	0.004701	0.000000	1.471163	1.598240
3547427845.333314	251.923903	517.395506	347.069702	242.950079	516.709597	260.897728	518.081415	0.000000	0.008935	1.466276	1.608016
3547427845.959756	235.560752	521.368929	343.784882	244.344783	523.328726	226.776721	519.409131	-0.019121	-0.004509	1.446725	1.593353
3547427846.656257	219.556845	526.522023	340.510590	211.109341	523.417238	228.004348	529.626808	-0.019121	0.039370	1.446725	1.642229
3547427848.002198	189.689133	540.651241	328.164978	180.766782	539.471557	198.611484	541.830925	-0.004732	0.035100	1.461388	1.637341
3547427848.636646	175.511490	549.631640	324.138611	180.250671	557.282795	170.772309	541.980486	-0.009496	0.000000	1.456500	1.598240
3547427849.286104	163.174764	558.417544	322.167603	154.281767	559.801234	172.067762	557.033854	-0.023982	0.013362	1.441838	1.612903
3547427849.943569	150.313958	568.102664	320.973450	145.756402	560.341949	154.871514	575.863378	-0.019121	0.008935	1.446725	1.608016
3547427850.622046	138.656012	577.919316	320.487839	138.247659	568.928584	139.064364	586.910047	-0.019121	-0.004509	1.446725	1.593353
3547427853.347971	134.674963	581.747971	77.261803	126.057963	584.345529	143.291963	579.150413	-0.019121	-0.013610	1.446725	1.583578
3547427853.996431	130.488274	576.943801	40.406000	126.697994	585.106753	134.278555	568.780850	-0.028876	-0.009045	1.436950	1.588465
3547427854.666899	120.178294	568.537645	39.079901	111.340269	566.837849	129.016320	570.237440	-0.033804	0.004481	1.432063	1.603128
3547427855.301347	107.329817	558.083462	37.278412	111.005412	549.868232	103.654221	566.298692	-0.038765	-0.013610	1.427175	1.583578
3547427855.933793	94.221849	548.059846	35.768559	102.645690	551.228267	85.798007	544.891425	-0.033804	-0.013610	1.432063	1.583578
3547427857.298757	64.384001	526.542100	31.704288	61.824561	517.913701	66.943440	535.170499	-0.033804	-0.009045	1.432063	1.588465
3547427857.945228	48.137072	516.490701	27.728611	43.465747	524.183472	52.808397	508.797930	-0.033804	-0.022823	1.432063	1.573803
3547427858.650711	32.021912	508.594642	23.018490	39.725257	513.248509	24.318568	503.940775	-0.033804	-0.018202	1.432063	1.578690
3547427859.323186	15.282574	502.109716	7.165394	8.333274	496.390693	22.231875	507.828739	0.000000	-0.027473	1.466276	1.568915
3547427861.263555	20.014054	511.505743	229.945450	25.163856	518.886769	14.864253	504.124717	-0.014292	-0.018202	1.451613	1.578690
3547427861.905005	30.257627	523.415385	230.460815	38.376295	527.299613	22.138959	519.531156	-0.023982	-0.009045	1.441838	1.588465
3547427863.251956	53.128822	549.211018	224.670532	62.119028	548.791253	44.138616	549.630784	-0.014292	-0.004509	1.451613	1.593353
3547427863.899414	67.921148	562.718218	219.198059	73.811006	555.913104	62.031291	569.523332	-0.038765	-0.009045	1.427175	1.588465
3547427864.558879	82.872029	573.787109	211.921738	91.789210	575.005257	73.954848	572.568962	-0.043761	-0.046367	1.422287	1.549365
3547427866.573302	110.549834	577.757962	95.073387	103.935195	571.654967	117.164473	583.860958	-0.033804	0.000000	1.432063	1.598240
3547427867.246775	110.727176	564.164306	90.732483	107.441579	572.543140	114.012773	555.785473	-0.033804	-0.004509	1.432063	1.593353
3547427867.930256	110.519425	545.846258	88.437416	106.420822	537.833677	114.618027	553.858839	-0.038765	-0.013610	1.427175	1.583578
3547427868.655769	109.420153	525.357100	85.520027	115.197611	532.257895	103.642694	518.456305	-0.033804	-0.032152	1.432063	1.564027
3547427869.344254	107.424699	502.880060	85.138504	110.217346	511.435826	104.632052	494.324295	-0.038765	-0.013610	1.427175	1.583578
3547427871.970107	104.919098	413.269299	88.181778	102.979775	404.480726	106.858421	422.057873	-0.048791	-0.013610	1.417400	1.583578
3547427872.646584	104.074824	393.357257	84.537216	101.537624	401.992222	106.612024	384.722292	-0.033804	-0.022823	1.432063	1.573803
3547427873.308053	100.961134	374.201342	76.345146	93.656541	368.943689	108.265728	379.458994	-0.028876	0.017762	1.436950	1.617791
3547427873.972517	94.895868	354.645836	68.058228	102.732996	350.220971	87.058740	359.070701	-0.048791	-0.032152	1.417400	1.564027
3547427874.668010	85.861921	336.528727	57.957165	76.980195	335.074437	94.743646	337.983016	-0.028876	-0.013610	1.436950	1.583578
3547427875.317469	72.670042	319.138922	48.770901	81.643916	318.453655	63.696169	319.824190	-0.009496	0.000000	1.456500	1.598240
3547427876.002961	59.852189	305.979642	41.799408	67.218214	311.150876	52.486163	300.808407	-0.058956	0.004481	1.407625	1.603128
3547427876.655412	41.971031	290.959184	36.844799	48.758110	285.048552	35.183953	296.869816	-0.014292	-0.022823	1.451613	1.573803
3547427877.305874	26.686570	280.490408	30.126980	35.331454	277.987213	18.041686	282.993602	0.000000	-0.009045	1.466276	1.588465
3547427877.929311	14.911090	275.341270	346.207581	9.591432	268.081708	20.230749	282.600831	-0.033804	-0.009045	1.432063	1.588465
3547427878.618797	13.544116	276.213978	281.474365	22.137282	273.538629	4.950950	278.889327	-0.019121	-0.055993	1.446725	1.539589
3547427879.234233	14.761920	278.534202	244.615128	18.506389	270.350135	11.017452	286.718269	-0.033804	-0.009045	1.432063	1.588465
3547427879.874684	19.960522	290.254555	244.623215	23.638682	282.040474	16.282361	298.468636	-0.028876	-0.013610	1.436950	1.583578
3547427880.514134	26.628242	305.661625	246.354935	17.930937	303.347129	35.325546	307.976121	-0.014292	-0.018202	1.451613	1.578690
3547427881.190612	32.956220	320.534854	245.806870	26.738710	314.027737	39.173730	327.041971	0.004701	-0.018202	1.471163	1.578690
3547427881.888104	40.319122	336.068433	243.447433	49.316080	336.302381	31.322163	335.834485	-0.053856	0.000000	1.412512	1.598240
3547427882.528556	49.621064	353.061260	239.439117	43.975403	346.052229	55.266724	360.070291	-0.053856	-0.009045	1.412512	1.588465
3547427883.826472	72.745422	385.102285	228.717514	67.525268	392.433724	77.965576	377.770846	-0.019121	-0.013610	1.446725	1.583578
3547427884.472929	87.132331	400.172497	223.813690	93.336614	406.692227	80.928048	393.652767	-0.028876	0.000000	1.436950	1.598240
3547427885.121385	103.672153	414.884320	219.015335	110.700508	409.262734	96.643798	420.505906	-0.028876	-0.009045	1.436950	1.588465
3547427885.805870	120.326029	427.504673	214.588165	112.954002	422.341996	127.698055	432.667349	-0.023982	0.000000	1.441838	1.598240
3547427886.514369	138.291289	439.787624	214.209633	133.349047	432.266039	143.233531	447.309210	-0.023982	0.008935	1.441838	1.608016
3547427887.211861	157.220626	451.932396	209.499855	149.711972	456.894261	164.729281	446.970531	-0.023982	-0.022823	1.441838	1.573803
3547427887.864318	176.829248	462.359891	204.577118	180.113935	470.739081	173.544562	453.980701	-0.023982	-0.013610	1.441838	1.583578
3547427888.534793	196.992620	470.160084	195.671600	189.982825	464.515371	204.002415	475.804796	-0.019121	0.022136	1.446725	1.622678
3547427893.805511	277.436725	463.469927	42.261711	286.335947	464.812999	268.537503	462.126855	-0.023982	-0.004509	1.441838	1.593353
3547427894.469981	264.447622	451.385119	43.544537	268.262832	443.233789	260.632411	459.536448	-0.028876	-0.004509	1.436950	1.593353
3547427895.125444	252.279370	439.851336	42.719814	260.854990	437.120268	243.703750	442.582405	-0.058956	-0.018202	1.407625	1.578690
3547427895.763893	239.189960	428.069370	41.996174	247.424820	431.700772	230.955100	424.437968	-0.048791	-0.018202	1.417400	1.578690
3547427897.069815	212.981567	403.247197	43.097115	219.947843	397.548863	206.015292	408.945530	-0.028876	-0.027473	1.436950	1.568915
3547427897.723277	199.630714	390.962198	40.926140	200.398697	399.929372	198.862731	381.995025	-0.028876	-0.009045	1.436950	1.588465
3547427898.395749	185.464646	378.934819	38.616264	178.319787	373.462071	192.609506	384.407568	-0.028876	-0.013610	1.436950	1.583578
3547427899.752707	153.350659	355.193156	33.408243	145.138447	358.875490	161.562871	351.510823	0.009370	-0.032152	1.476051	1.564027
3547427900.402165	136.854264	344.864981	28.570374	139.479874	353.473475	134.228654	336.256487	-0.023982	-0.013610	1.441838	1.583578
3547427901.106662	119.754298	336.442131	22.208522	121.695287	345.230337	117.813309	327.653925	-0.043761	-0.036861	1.422287	1.559140
3547427901.739109	101.782632	330.342621	18.055040	108.204351	324.036946	95.360914	336.648295	-0.038765	-0.018202	1.427175	1.578690
3547427902.347538	84.856173	325.204627	15.927709	86.818003	333.988204	82.894343	316.421050	-0.028876	0.013362	1.436950	1.612903
3547427903.010008	67.094721	320.377258	15.462518	64.907824	329.107520	69.281618	311.646995	-0.033804	0.000000	1.432063	1.598240
3547427906.947785	20.068730	317.841363	225.609039	25.043263	310.341095	15.094196	325.341630	-0.019121	-0.004509	1.446725	1.593353
3547427907.613252	31.351809	330.030100	226.171783	31.557779	321.032457	31.145838	339.027743	-0.033804	-0.013610	1.432063	1.583578
3547427908.284726	43.329991	342.467194	223.802765	49.462675	349.054317	37.197307	335.880071	-0.028876	0.000000	1.436950	1.598240
3547427908.929181	57.637226	355.635686	219.900696	57.734333	346.636210	57.540118	364.635162	-0.028876	0.000000	1.436950	1.598240
3547427910.263124	91.355396	378.700264	206.029465	100.064034	376.428784	82.646757	380.971743	-0.043761	-0.032152	1.422287	1.564027
3547427910.960614	113.390545	387.779290	197.232300	107.675345	394.731734	119.105746	380.826845	-0.033804	-0.027473	1.432063	1.568915
3547427911.619082	135.085547	392.950630	189.279900	128.728321	386.579941	141.442773	399.321319	-0.023982	-0.046367	1.441838	1.549365
3547427912.261534	157.705348	395.082870	180.538406	166.657491	396.009765	148.753205	394.155976	-0.019121	-0.018202	1.451613	1.583578
3547427912.931005	180.049309	393.156995	170.061523	176.416316	384.922837	183.682301	401.391153	-0.033804	-0.013610	1.432063	1.583578
3547427913.574458	200.212781	387.774292	159.034775	191.869385	391.148867	208.556176	384.399718	-0.023982	-0.004509	1.441838	1.593353
3547427914.266947	219.979621	378.224633	149.608093	228.329425	374.865946	211.629817	381.583319	-0.033804	-0.027473	1.432063	1.568915
3547427916.304384	271.482764	337.441646	135.202133	272.503405	346.383586	270.462123	328.499705	-0.028876	-0.013610	1.436950	1.583578
3547427917.018889	286.596927	321.100652	126.820507	278.357239	317.480219	294.836615	324.721086	-0.043761	-0.027473	1.422287	1.568915
3547427917.652336	286.958864	314.461070	53.249310	285.544857	323.349297	288.372871	305.572843	-0.048791	-0.013610	1.417400	1.583578
3547427918.289787	284.553376	313.628112	349.591248	291.458169	319.400793	277.648583	307.855432	-0.023982	-0.032152	1.441838	1.564027
3547427918.943247	275.584647	316.257099	340.227509	268.340574	310.916368	282.828721	321.597829	-0.043761	-0.018202	1.422287	1.578690
3547427919.574693	261.652777	320.949921	342.080933	258.544163	329.396016	264.761391	312.503826	-0.043761	-0.013610	1.422287	1.583578
3547427920.230155	244.909633	326.009294	343.935120	253.888045	326.632279	235.931220	325.386309	-0.043761	-0.027473	1.422287	1.568915
3547427920.857597	228.630026	331.009941	342.377899	228.128984	339.995983	229.131067	322.023898	-0.038765	0.000000	1.427175	1.598240
3547427921.555090	212.435683	336.606936	340.111572	205.858038	330.464088	219.013328	342.749784	-0.033804	-0.013610	1.432063	1.583578
3547427922.234570	195.480107	343.396657	336.718079	200.319087	350.985087	190.641127	335.808227	-0.038765	0.013362	1.427175	1.612903
3547427922.921051	178.466342	350.767546	336.811646	183.993145	357.870675	172.939538	343.664418	-0.053856	-0.041599	1.412512	1.554252
3547427923.591526	159.336689	359.274688	336.944366	165.754857	365.583977	152.918522	352.965398	-0.033804	-0.032152	1.432063	1.564027
3547427924.945484	125.450584	374.835265	332.741760	127.825664	366.154309	123.075504	383.516221	-0.043761	-0.013610	1.422287	1.583578
3547427925.595941	108.541614	384.150276	330.872131	116.138602	388.975809	100.944625	379.324743	-0.033804	-0.032152	1.432063	1.564027
3547427926.243396	93.671139	392.792330	328.024872	85.000958	390.378215	102.341321	395.206446	-0.038765	-0.027473	1.427175	1.568915
3547427926.870839	78.301956	402.667737	326.050964	83.923724	395.639528	72.680188	409.695946	-0.043761	-0.018202	1.422287	1.578690
3547427927.531304	63.735120	412.858565	323.503387	63.010004	421.829307	64.460236	403.887823	-0.043761	-0.046367	1.422287	1.549365
3547427928.874252	35.819209	436.876803	317.241272	35.283252	445.860831	36.355166	427.892776	0.000000	-0.051165	1.466276	1.544477
3547427929.538722	22.825583	449.473461	315.940521	14.024168	451.353645	31.626999	447.593277	-0.053856	-0.027473	1.412512	1.568915
3547427930.217203	16.585561	456.848242	273.768372	20.498717	464.953007	12.672405	448.743477	-0.028876	-0.018202	1.436950	1.578690
3547427930.899681	17.431184	458.253795	203.558472	12.020032	465.445418	22.842335	451.062172	-0.038765	-0.032152	1.427175	1.564027
3547427931.562147	24.407359	457.298369	169.140762	28.763523	449.422848	20.051194	465.173889	-0.023982	-0.009045	1.441838	1.588465
3547427932.238625	39.594373	454.210816	167.980713	48.554222	455.059997	30.634524	453.361634	-0.053856	-0.018202	1.412512	1.578690
3547427932.914103	59.174443	449.757375	164.966522	50.179316	450.053492	68.169570	449.461257	-0.023982	0.004481	1.441838	1.603128
3547427933.566562	77.761658	444.136985	160.280396	78.293879	453.121235	77.229437	435.152736	-0.033804	-0.022823	1.432063	1.573803
3547427934.266056	98.089274	436.364308	156.750916	100.994737	427.846193	95.183812	444.882423	-0.043761	-0.018202	1.422287	1.578690
3547427935.641029	137.336544	414.813578	146.482109	129.040179	418.302178	145.632910	411.324979	-0.033804	-0.018202	1.432063	1.578690
3547427936.290485	155.050638	400.788599	136.859177	163.871423	399.001490	146.229853	402.575707	-0.038765	-0.013610	1.427175	1.583578
3547427936.966960	170.117672	385.211499	130.474838	179.073832	384.324254	161.161512	386.098744	-0.033804	-0.013610	1.432063	1.583578
3547427938.286896	198.664746	351.125591	128.378021	194.935195	359.316467	202.394298	342.934715	-0.038765	-0.027473	1.427175	1.568915
3547427938.944359	211.892347	335.014117	128.282394	207.397761	342.811469	216.386934	327.216766	-0.028876	-0.018202	1.436950	1.578690
3547427939.586811	225.032214	318.068978	124.185104	233.993992	317.240402	216.070436	318.897554	-0.053856	-0.041599	1.412512	1.554252
3547427940.239271	236.930531	298.682628	118.590824	243.321789	292.346082	230.539273	305.019175	-0.038765	-0.022823	1.427175	1.573803
3547427940.926754	246.296158	278.470530	110.091473	247.513978	287.387756	245.078337	269.553305	-0.033804	-0.009045	1.432063	1.588465
3547427941.592224	252.003222	257.662439	100.275948	254.273582	248.953509	249.732862	266.371369	-0.043761	-0.022823	1.422287	1.573803
3547427943.603646	257.620247	202.486454	89.919815	249.277117	205.861685	265.963377	199.111223	-0.053856	-0.022823	1.412512	1.573803
3547427944.255104	256.412263	182.373676	82.344643	250.871249	175.281626	261.953277	189.465725	-0.028876	-0.027473	1.436950	1.568915
3547427944.879548	252.565478	162.225067	75.738373	249.562829	153.740723	255.568127	170.709411	-0.038765	-0.009045	1.427175	1.588465
3547427945.553019	246.959255	142.926204	70.264313	238.747050	139.243857	255.171461	146.608551	-0.038765	-0.027473	1.427175	1.568915
3547427946.252513	240.248738	126.092351	64.853279	232.147181	130.012143	248.350295	122.172559	-0.053856	-0.032152	1.412512	1.564027
3547427946.981028	231.040357	107.747565	60.113522	234.736981	115.953354	227.343733	99.541776	-0.043761	-0.022823	1.422287	1.573803
3547427947.658505	220.428239	89.777877	57.541767	212.888736	84.863012	227.967742	94.692742	-0.038765	-0.013610	1.427175	1.583578
3547427948.334981	210.381206	73.899221	55.216774	219.125590	71.769493	201.636822	76.028949	-0.038765	-0.013610	1.427175	1.583578
3547427949.662918	187.718984	42.089997	51.878273	178.726918	42.467834	196.711049	41.712160	-0.043761	-0.022823	1.422287	1.573803
3547427950.346400	175.556832	27.113966	48.797110	184.509665	26.193765	166.603998	28.034166	-0.023982	-0.013610	1.441838	1.583578
3547427953.094338	160.746034	23.048145	251.394737	160.140567	14.068534	161.351501	32.027756	-0.028876	0.004481	1.436950	1.603128
3547427953.756807	166.657216	40.803771	249.243729	174.499198	45.220027	158.815234	36.387515	-0.019121	0.008935	1.446725	1.608016
3547427954.399260	173.413641	58.047494	246.105553	165.556616	53.658057	181.270666	62.436930	0.009370	0.017762	1.476051	1.617791
3547427955.031707	181.272509	74.620218	241.559296	178.242814	83.094942	184.302204	66.145494	0.009370	0.030805	1.476051	1.632454
3547427955.701178	190.716512	91.202986	237.414993	199.490165	89.197240	181.942859	93.208732	0.000000	0.008935	1.466276	1.608016
3547427956.368649	200.801281	106.469845	232.208511	203.196182	97.794336	198.406380	115.145353	-0.004732	0.035100	1.461388	1.637341
3547427957.659562	228.797818	133.796800	217.122086	231.902427	142.244368	225.693209	125.349232	0.009370	0.030805	1.476051	1.632454
3547427958.356051	245.217479	144.805220	209.828415	239.711573	151.924560	250.723385	137.685880	-0.004732	0.030805	1.461388	1.632454
3547427959.047542	265.247223	154.524179	201.030334	265.531534	145.528671	264.962912	163.519688	-0.004732	0.026483	1.461388	1.627566
3547427959.748033	285.231542	160.436151	190.888779	279.107514	167.031322	291.355569	153.840980	-0.004732	0.043615	1.461388	1.647116
3547427962.428926	290.933761	162.843804	347.684784	283.208816	167.461728	298.658706	158.225880	0.009370	0.022136	1.476051	1.622678
3547427963.071380	283.415622	166.453388	334.155487	275.213050	162.749631	291.618194	170.157144	0.000000	0.013362	1.466276	1.612903
3547427965.104815	236.600165	184.590602	339.178711	237.617646	175.648302	235.582684	193.532902	0.000000	0.008935	1.466276	1.608016
3547427965.747269	218.741019	191.790440	337.836334	227.681444	190.756612	209.800594	192.824269	-0.004732	0.022136	1.461388	1.622678
3547427966.427749	201.426696	199.223484	336.374725	203.428611	207.998011	199.424780	190.448956	0.004701	0.030805	1.471163	1.632454
3547427967.091214	185.016905	207.664831	333.850601	178.304435	201.669603	191.729375	213.660058	0.000000	0.022136	1.466276	1.622678
3547427967.748680	168.299737	216.373914	331.893402	176.382594	212.415705	160.216880	220.332124	0.018618	0.026483	1.485826	1.627566
3547427968.411150	152.541780	224.305459	329.846313	152.353557	233.303490	152.730003	215.307427	0.004701	0.022136	1.471163	1.622678
3547427969.700055	123.819939	245.163055	322.182022	114.947817	246.674830	132.692060	243.651280	0.000000	0.043615	1.466276	1.647116
3547427970.407554	110.541160	255.985868	322.477692	102.494526	260.017205	118.587794	251.954531	0.000000	0.030805	1.466276	1.632454
3547427971.066019	95.932276	266.242871	323.317688	93.563322	274.925501	98.301229	257.560241	0.009370	0.004481	1.476051	1.603128
3547427971.744496	80.213370	277.942363	321.466125	72.527140	273.260283	87.899600	282.624443	-0.004732	0.017762	1.461388	1.617791
3547427972.389952	65.728305	288.540272	319.337646	73.768691	284.496488	57.687919	292.584057	-0.009496	0.004481	1.456500	1.603128
3547427973.049417	54.048605	299.712904	317.748001	57.940127	307.828079	50.157084	291.597729	0.000000	0.008935	1.466276	1.608016
3547427974.314311	29.634587	321.294140	319.568298	36.537586	315.519315	22.731588	327.068966	0.000000	0.004481	1.466276	1.603128