Time	X	Y	Theta	LS_X	LS_Y	RS_X	RS_Y	RsRoL	RsRoR	VL	VR
3547958846.428551	42.936008	552.309141	177.191010	34.362198	549.572396	51.509819	555.045885	-0.029810	-0.017858	1.363636	1.637341
3547958847.107028	47.018383	551.732395	177.112198	38.686650	548.329128	55.350117	555.135661	-0.050407	-0.022389	1.344086	1.632454
3547958847.756486	47.002626	551.724755	177.371323	38.077016	550.569986	55.928236	552.879523	-0.019732	-0.031534	1.373412	1.622678
3547958848.441971	47.006349	551.726001	177.346970	38.111505	550.354230	55.901193	553.097771	-0.024753	-0.040789	1.368524	1.612903
3547958849.074415	47.000903	551.728654	177.417023	38.031857	550.982850	55.969948	552.474458	-0.024753	-0.045459	1.368524	1.608016
3547958849.793923	47.001703	551.729006	177.434372	38.021069	551.138912	55.982337	552.319099	-0.019732	-0.074086	1.373412	1.578690
3547958850.507427	47.003125	551.725509	177.332626	38.128871	550.226303	55.877379	553.224715	-0.029810	-0.069241	1.363636	1.583578
3547958851.223932	47.011278	551.722051	177.480011	38.013074	551.542298	56.009483	551.901805	-0.040034	-0.059641	1.353861	1.593353
3547958851.971459	47.003337	551.723333	177.461624	38.009958	551.378171	55.996716	552.068496	-0.029810	-0.074086	1.363636	1.578690
3547958852.654942	47.002321	551.717589	177.533890	38.007493	552.022674	55.997148	551.412504	-0.034904	-0.083866	1.358749	1.568915
3547958853.322414	46.996214	551.723613	177.360504	38.083619	550.472353	55.908809	552.974874	-0.050407	-0.083866	1.344086	1.568915
3547958853.999890	46.997847	551.725563	177.355713	38.091350	550.431614	55.904345	553.019511	-0.050407	-0.078961	1.344086	1.573803
3547958854.692381	47.001768	551.720558	177.496475	38.001823	551.688971	56.001713	551.752145	-0.045201	-0.045459	1.348974	1.608016
3547958855.342840	47.000127	551.723491	177.367828	38.078607	550.537541	55.921647	552.909441	-0.055650	-0.093769	1.339198	1.559140
3547958856.051337	46.996874	551.730833	177.350159	38.097701	550.387436	55.896048	553.074230	-0.045201	-0.093769	1.348974	1.559140
3547958856.737823	46.995805	551.730901	177.362167	38.081141	550.494466	55.910468	552.967337	-0.045201	-0.113952	1.348974	1.539589
3547958857.428309	47.010629	551.733289	177.426041	38.035222	551.068397	55.986035	552.398181	-0.055650	-0.103797	1.339198	1.549365
3547958858.117796	47.008245	551.720594	177.360199	38.096032	550.466613	55.920457	552.974574	-0.066251	-0.103797	1.329423	1.549365
3547958858.787270	47.014230	551.719488	177.326874	38.148747	550.169258	55.879712	553.269718	-0.050407	-0.113952	1.344086	1.539589
3547958859.484768	47.000709	551.725021	177.414810	38.033335	550.959374	55.968082	552.490667	-0.060931	-0.119078	1.334311	1.534702
3547958860.164239	47.001574	551.722278	177.489349	38.002083	551.626559	56.001065	551.817996	0.024368	-0.000000	1.373412	1.529814
3547958860.855729	47.009092	551.725125	177.438889	38.025884	551.175599	55.992300	552.274650	-0.035637	0.009148	1.314761	1.539589
3547958861.511191	47.009236	551.721280	177.436111	38.027589	551.146809	55.990883	552.295750	-0.020139	-0.018652	1.329423	1.510264
3547958862.175663	46.994124	551.718644	177.465698	37.999414	551.410125	55.988835	552.027164	-0.009996	0.035909	1.339198	1.568915
3547958862.891166	46.996225	551.720138	177.420242	38.024824	551.003215	55.967625	552.437061	-0.004980	-0.009266	1.344086	1.520039
3547958863.620679	47.010230	551.724087	177.322861	38.151040	550.138291	55.869420	553.309883	-0.009996	-0.028160	1.339198	1.500489
3547958864.296156	47.007519	551.719064	177.313416	38.163702	550.049664	55.851337	553.388465	-0.030433	-0.009266	1.319648	1.520039
3547958864.975635	47.012671	551.718170	177.411621	38.047785	550.923930	55.977558	552.512410	-0.015049	-0.004618	1.334311	1.524927
3547958865.687136	46.998185	551.721104	177.328979	38.129457	550.189545	55.866912	553.252662	-0.025267	-0.004618	1.324536	1.524927
3547958866.390634	47.009526	551.719064	177.367798	38.088042	550.532842	55.931010	552.905286	-0.035637	-0.013944	1.314761	1.515152
3547958867.051099	46.993812	551.718838	177.421829	38.021285	551.016153	55.966339	552.421524	-0.015049	-0.013944	1.334311	1.515152
3547958867.703559	46.995819	551.719678	177.400009	38.040760	550.821395	55.950878	552.617962	-0.009996	-0.037793	1.339198	1.490714
3547958868.379038	47.015203	551.718748	177.392654	38.066992	550.754627	55.963413	552.682869	-0.020139	0.004589	1.329423	1.534702
3547958869.062518	46.988247	551.719100	177.349442	38.090040	550.369322	55.886455	553.068879	-0.020139	-0.013944	1.329423	1.515152
3547958869.765013	47.003954	551.716343	177.371078	38.078627	550.559395	55.929282	552.873291	-0.000000	-0.028160	1.348974	1.500489
3547958870.484524	47.000246	551.714781	177.323929	38.139367	550.138449	55.861125	553.291113	-0.009996	-0.037793	1.339198	1.490714
3547958871.151991	47.001312	551.710864	177.327759	38.134461	550.168481	55.868163	553.253248	-0.020139	-0.028160	1.329423	1.500489
3547958871.837475	47.005530	551.719556	177.393021	38.056968	550.758712	55.954093	552.680400	-0.009996	-0.013944	1.339198	1.515152
3547958872.519956	46.994494	551.713360	177.416595	38.025768	550.963724	55.963220	552.462995	-0.020139	-0.037793	1.329423	1.490714
3547958873.179422	47.004992	551.716117	177.374771	38.075453	550.592135	55.934531	552.840099	-0.004980	-0.023390	1.344086	1.505376
3547958873.851897	47.008873	551.710968	177.435867	38.027366	551.134305	55.990379	552.287632	-0.009996	-0.037793	1.339198	1.490714
3547958874.586419	47.001359	551.714271	177.472366	38.004791	551.465736	55.997926	551.962807	-0.000000	-0.047553	1.348974	1.480938
3547958875.285909	53.148970	552.075077	188.325424	54.672809	543.205020	51.625131	560.945134	-0.030433	-0.032961	1.319648	1.495601
3547958875.952380	70.857381	554.640552	185.382172	71.111193	563.636972	70.603569	545.644132	-0.025267	-0.047553	1.324536	1.480938
3547958876.681897	89.459606	554.937258	174.408051	98.448512	554.490517	80.470701	555.383998	-0.025267	-0.028160	1.324536	1.500489
3547958877.333355	110.015848	550.389078	159.459961	103.807311	556.904757	116.224384	543.873399	-0.015049	-0.023390	1.334311	1.505376
3547958885.696253	146.093098	524.982939	141.412270	146.458399	533.975523	145.727796	515.990356	-0.025267	-0.047553	1.324536	1.480938
3547958886.339706	158.692505	515.102011	141.649223	161.158541	523.757568	156.226469	506.446454	-0.020139	-0.037793	1.329423	1.490714
3547958886.984161	171.216018	505.027208	139.021011	164.816921	498.698577	177.615115	511.355838	-0.035637	-0.047553	1.314761	1.480938
3547958887.652633	183.636949	493.877671	136.395111	192.324737	496.227639	174.949162	491.527703	-0.040880	-0.037793	1.309873	1.490714
3547958889.090648	208.226232	468.144504	129.143433	211.211777	476.634882	205.240688	459.654125	-0.025267	-0.047553	1.324536	1.480938
3547958889.770126	218.781460	453.432013	122.614388	219.610748	462.393725	217.952171	444.470301	-0.030433	-0.042657	1.319648	1.485826
3547958890.551677	227.105586	439.781815	118.079239	235.780689	437.385445	218.430483	442.178186	-0.025267	-0.093116	1.324536	1.436950
3547958891.262179	234.859832	424.997298	114.125046	227.154770	420.346273	242.564893	429.648322	-0.046162	-0.042657	1.304985	1.485826
3547958892.559095	245.556592	391.398165	101.425095	238.539613	385.762387	252.573572	397.033943	-0.030433	-0.052481	1.319648	1.476051
3547958893.224565	247.972876	376.244430	100.139610	251.405845	367.924891	244.539907	384.563969	-0.025267	-0.032961	1.324536	1.495601
3547958894.665579	249.996294	344.396861	85.663353	256.700192	350.401671	243.292396	338.392050	-0.046162	-0.077621	1.304985	1.451613
3547958895.351066	247.495471	325.796207	76.656387	238.931727	323.028125	256.059216	328.564290	-0.040880	-0.057442	1.309873	1.471163
3547958896.029544	242.207504	309.317791	68.073593	249.975718	304.773031	234.439289	313.862551	-0.046162	-0.032961	1.304985	1.495601
3547958896.695014	234.191377	292.883863	56.772411	232.194444	284.108200	236.188310	301.659526	-0.020139	-0.057442	1.329423	1.471163
3547958897.349483	223.572531	279.502103	44.113869	222.391801	270.579890	224.753262	288.424315	-0.040880	-0.072526	1.309873	1.456500
3547958898.003941	211.001663	269.932779	32.346563	203.783658	264.556869	218.219667	275.308689	-0.040880	-0.062437	1.309873	1.466276
3547958898.670407	198.015306	262.523187	24.102465	205.732278	257.891951	190.298334	267.154422	-0.030433	-0.052481	1.319648	1.476051
3547958899.322870	184.025515	258.526258	16.848916	192.206793	262.276815	175.844236	254.775701	0.105344	-0.000000	1.461388	1.529814
3547958900.028364	169.052339	255.471879	6.791282	164.673700	247.608831	173.430978	263.334927	0.558371	0.048918	2.277615	1.583578
3547958900.754878	153.824502	254.764708	356.978989	162.084953	251.191901	145.564051	258.337514	0.652256	0.133644	2.575758	1.686217
3547958901.454369	137.671619	256.791928	343.914597	146.635356	257.599033	128.707882	255.984822	0.662981	0.181112	2.614858	1.749756
3547958902.115836	123.473956	261.945583	329.311239	118.723896	269.589988	128.224016	254.301178	0.656316	0.205271	2.590420	1.783969
3547958902.807329	112.700054	272.482830	311.819061	119.164960	278.744219	106.235149	266.221440	0.649524	0.208647	2.565982	1.788856
3547958904.128256	99.226391	296.360509	285.524017	96.048225	304.780678	102.404558	287.940339	0.628349	0.195032	2.492669	1.769306
3547958905.474205	97.511516	321.624813	261.467682	103.415413	328.417751	91.607619	314.831876	0.594937	0.205271	2.385142	1.783969
3547958906.165695	100.797708	333.959486	249.821091	109.779008	333.379615	91.816408	334.539356	0.583665	0.208647	2.350929	1.788856
3547958906.899211	106.404914	345.857272	237.790222	113.833052	340.775662	98.976776	350.938882	0.563559	0.184621	2.292278	1.754643
3547958907.590701	115.546374	357.742465	226.465393	113.139529	349.070262	117.953219	366.414667	0.553115	0.188110	2.262952	1.759531
3547958908.906634	141.457345	373.908014	198.427902	145.831802	381.773390	137.082889	366.042639	0.514329	0.184621	2.160313	1.754643
3547958909.572096	155.489075	377.544087	189.981430	146.521511	376.780676	164.456639	378.307498	0.498566	0.155989	2.121212	1.715543
3547958910.239568	170.395971	378.514147	180.122955	178.212497	382.975304	162.579445	374.052991	0.482211	0.159639	2.082111	1.720430
3547958910.917048	184.179724	377.383489	169.114334	188.742480	369.625831	179.616969	385.141148	0.460882	0.126021	2.033236	1.676442
3547958911.556498	198.598844	373.446737	158.871109	189.817105	375.416775	207.380584	371.476698	0.449829	0.122177	2.008798	1.671554
3547958912.945478	223.074160	357.058458	131.985031	222.730986	348.065003	223.417334	366.051913	0.419790	0.141178	1.945259	1.695992
3547958913.665993	232.809735	344.481446	122.934593	236.417676	352.726612	229.201794	336.236280	0.400309	0.163269	1.906158	1.725318
3547958914.338460	240.218408	329.574948	110.019264	240.789716	338.556796	239.647100	320.593099	0.395313	0.184621	1.896383	1.754643
3547958914.990921	243.531832	313.110786	93.927399	246.366185	304.568746	240.697479	321.652825	0.374804	0.191581	1.857283	1.764418
3547958915.678403	242.610329	297.790403	78.653709	243.633152	306.732094	241.587506	288.848713	0.377415	0.241418	1.862170	1.837732
3547958916.386911	237.982403	282.055920	66.194176	239.952881	290.837561	236.011926	273.274280	0.356138	0.208647	1.823069	1.788856
3547958917.069386	230.513978	269.181520	57.755539	222.103416	265.978015	238.924540	272.385026	0.333927	0.212004	1.783969	1.793744
3547958917.752869	222.214656	257.175664	54.362301	229.562653	262.372484	214.866659	251.978844	0.325346	0.215344	1.769306	1.798631
3547958918.426343	213.961996	245.413458	51.457527	205.599854	242.085610	222.324139	248.741305	0.316620	0.198464	1.754643	1.774194
3547958919.885373	194.291324	224.023081	41.090439	196.515643	232.743884	192.067005	215.302278	0.283340	0.195032	1.700880	1.769306
3547958920.563851	182.325094	213.848007	37.137913	187.114910	206.228449	177.535278	221.467565	0.283340	0.198464	1.700880	1.774194
3547958921.277358	170.221599	204.870189	32.686394	161.624446	202.207677	178.818751	207.532700	0.251206	0.177583	1.652004	1.744868
3547958921.940824	157.589262	197.032823	30.462549	164.927641	191.822430	150.250883	202.243216	0.227557	0.166878	1.617791	1.730205
3547958922.615300	144.109599	189.858849	27.293602	136.631456	194.866580	151.587743	184.851118	0.234415	0.152318	1.627566	1.710655
3547958923.249748	130.739137	183.091739	26.065053	123.512138	177.727926	137.966135	188.455553	0.241192	0.118310	1.637341	1.666667
3547958924.588692	104.905699	168.544197	32.265499	98.146715	162.601460	111.664683	174.486935	0.191983	0.137422	1.568915	1.691105
3547958925.285184	91.768837	160.445960	33.334408	83.307361	163.512459	100.230313	157.379460	0.188303	0.110507	1.564027	1.656891
3547958926.029707	78.088015	151.781431	32.418800	70.500833	146.940494	85.675197	156.622367	0.169554	0.110507	1.539589	1.656891
3547958926.683168	63.541159	142.200522	33.295891	54.967875	144.938917	72.114443	139.462127	0.180874	0.102612	1.554252	1.647116
3547958927.387665	50.683730	133.030462	34.750202	52.407167	141.863908	48.960294	124.197016	0.142283	0.086537	1.505376	1.627566
3547958928.699592	27.488776	112.669629	46.100693	19.804784	117.355381	35.172768	107.983878	0.138286	0.082458	1.500489	1.622678
3547958929.369067	18.456684	103.179416	38.670612	11.025086	98.102866	25.888281	108.255967	0.117902	0.053200	1.476051	1.588465
3547958930.038539	16.303913	102.499509	340.783661	7.332084	101.787975	25.275742	103.211044	0.105344	0.074225	1.461388	1.612903
3547958930.710012	16.181421	102.895897	274.459839	24.363919	106.643794	7.998923	99.148001	0.105344	0.048918	1.461388	1.583578
3547958931.402498	16.359516	103.199644	224.287262	24.854425	106.172270	7.864606	100.227017	0.101102	0.031518	1.456500	1.564027
3547958932.130011	22.191228	105.624494	200.652145	25.776933	97.369633	18.605524	113.879354	0.105344	0.035909	1.461388	1.568915
3547958932.790489	35.857942	110.571007	202.069763	28.246844	105.767759	43.469039	115.374256	0.083846	0.040272	1.436950	1.573803
3547958934.780887	85.428410	130.035853	199.311981	94.284366	131.639613	76.572454	128.432094	0.061603	-0.000000	1.412512	1.529814
3547958935.462361	102.457743	136.718499	202.116241	94.631698	132.274062	110.283787	141.162937	0.083846	0.048918	1.436950	1.583578
3547958936.116825	119.922898	144.954300	206.260742	127.878992	140.747096	111.966804	149.161504	0.057062	0.013679	1.407625	1.544477
3547958936.801307	136.260486	153.687854	209.730698	130.086271	160.236064	142.434702	147.139644	0.079458	-0.000000	1.432063	1.529814
3547958937.512809	151.649509	163.845760	214.908005	143.028130	161.262774	160.270889	166.428746	0.047884	-0.009266	1.397849	1.520039
3547958938.899787	181.582886	191.781859	229.897163	186.370420	199.402851	176.795352	184.160868	0.043247	-0.013944	1.392962	1.515152
3547958939.553248	192.419754	207.368696	237.742172	200.083396	202.649735	184.756112	212.087657	0.038577	-0.018652	1.388074	1.510264
3547958940.235729	201.410310	223.913637	244.052582	208.942658	218.987814	193.877962	228.839460	0.057062	-0.018652	1.407625	1.510264
3547958940.897198	207.604185	240.952735	254.825684	210.746660	249.386291	204.461710	232.519180	0.029138	-0.013944	1.378299	1.515152
3547958942.232140	211.257444	275.596868	273.041046	208.791747	284.252522	213.723140	266.941215	0.038577	-0.009266	1.388074	1.520039
3547958942.921627	208.599058	294.042123	283.027176	206.078686	285.402231	211.119429	302.682014	0.052489	-0.013944	1.402737	1.515152
3547958943.628122	203.091311	312.023949	291.823303	200.049120	320.494195	206.133502	303.553702	0.079458	0.031518	1.432063	1.564027
3547958944.292593	193.943109	326.657341	303.117920	184.952535	326.245545	202.933683	327.069138	0.142283	0.144913	1.505376	1.700880
3547958944.954058	182.293205	341.115551	313.152222	189.900507	336.306294	174.685903	345.924809	0.210043	0.195032	1.593353	1.769306
3547958945.656554	170.619813	351.519078	324.203827	175.847545	358.845116	165.392082	344.193040	0.267507	0.272491	1.676442	1.886608
3547958949.779463	84.104326	357.494324	24.794163	87.093645	349.005274	81.115006	365.983374	0.322453	0.330046	1.764418	1.984360
3547958950.474953	70.656630	349.743274	32.657372	62.140359	346.832410	79.172901	352.654137	0.310722	0.316195	1.744868	1.959922
3547958951.168442	57.939188	340.292560	41.995625	66.172052	343.928485	49.706324	336.656635	0.289547	0.318993	1.710655	1.964809
3547958951.850924	47.076538	329.768991	48.691059	56.076478	329.801634	38.076597	329.736348	0.292623	0.281502	1.715543	1.901271
3547958952.507388	36.315645	315.248311	57.152519	31.205292	307.839918	41.425998	322.656704	0.273896	0.293302	1.686217	1.920821
3547958953.164853	28.664563	301.394602	64.341492	19.681389	300.844526	37.647737	301.944678	0.264285	0.278514	1.671554	1.896383
3547958953.839327	22.289955	284.671547	72.358238	23.202847	293.625129	21.377063	275.717965	0.247888	0.257159	1.647116	1.862170
3547958962.119168	36.177194	255.744433	167.213120	42.034881	262.577259	30.319507	248.911608	0.130213	0.174035	1.490714	1.739980
3547958962.839678	51.659973	253.882177	178.551422	47.193058	261.695413	56.126888	246.068940	0.117902	0.141178	1.476051	1.695992
3547958963.510155	69.559096	256.134416	194.134155	74.966927	248.940297	64.151264	263.328536	0.113744	0.126021	1.471163	1.676442
3547958964.162611	86.459131	262.812869	209.878860	81.319215	270.200783	91.599046	255.424955	0.105344	0.126021	1.461388	1.676442
3547958964.832083	100.060932	273.106406	225.383133	106.589054	266.910954	93.532810	279.301858	0.079458	0.122177	1.432063	1.671554
3547958965.511564	110.009680	286.514216	241.389526	105.591694	294.355223	114.427666	278.673208	0.079458	0.106571	1.432063	1.652004
3547958966.165027	116.544050	303.769268	257.147980	120.560681	295.715283	112.527419	311.823253	0.096832	0.094623	1.451613	1.637341
3547958966.845504	117.623404	319.367604	272.116699	109.228996	322.613202	126.017813	316.122006	0.079458	0.078354	1.432063	1.617791
3547958967.519979	114.772260	334.808441	290.795837	105.949018	336.583382	123.595501	333.033501	0.079458	0.086537	1.432063	1.627566
3547958968.222475	108.001538	347.890193	306.106232	116.823828	349.669855	99.179248	346.110532	0.066113	0.082458	1.417400	1.622678
3547958968.909961	97.472871	359.135352	322.176025	88.591844	360.593896	106.353899	357.676807	0.079458	0.090592	1.432063	1.632454
3547958970.213879	68.350545	369.484996	357.823944	71.161289	360.935159	65.539800	378.034833	0.057062	0.035909	1.407625	1.568915
3547958973.536224	17.264136	347.508597	43.016254	24.667916	342.391562	9.860356	352.625632	0.029138	0.040272	1.378299	1.573803
3547958974.251730	18.884986	347.727270	1.751798	10.032011	349.347405	27.737961	346.107135	0.024368	0.035909	1.373412	1.568915
3547958982.422492	46.822031	380.098838	240.059830	38.152932	377.680840	55.491131	382.516835	0.004944	-0.013944	1.353861	1.515152
3547958983.151007	55.446490	396.738058	245.233337	53.754623	387.898511	57.138357	405.577605	-0.020139	-0.018652	1.329423	1.510264
3547958984.498957	69.093510	435.596060	257.332458	71.564611	426.941948	66.622409	444.250173	-0.025267	-0.013944	1.324536	1.515152
3547958985.184441	72.526671	455.293796	263.417969	76.649232	447.293515	68.404110	463.294077	-0.004980	-0.032961	1.344086	1.495601
3547958986.575422	74.910391	492.230719	270.157166	75.088604	483.232484	74.732179	501.228955	-0.015049	-0.037793	1.334311	1.490714
3547958987.288927	74.519669	509.744881	273.317474	74.509890	518.744876	74.529447	500.744886	-0.015049	-0.042657	1.334311	1.485826
3547958987.963407	73.090384	526.441452	276.588776	71.935974	517.515796	74.244794	535.367108	-0.020139	-0.018652	1.329423	1.510264
3547958988.620865	70.645328	542.405716	278.999512	65.546961	549.822363	75.743696	534.989069	-0.030433	-0.052481	1.319648	1.476051
3547958989.269332	66.976664	558.690430	282.865112	65.883409	549.757077	68.069919	567.623783	-0.020139	-0.028160	1.329423	1.500489
3547958989.931791	62.782917	572.876058	287.856537	71.069628	569.364588	54.496207	576.387529	-0.009996	-0.032961	1.339198	1.495601
3547958993.382225	58.016043	571.480847	65.401535	53.144886	579.048663	62.887200	563.913032	-0.004980	-0.067464	1.344086	1.461388
3547958994.060703	50.486671	553.333220	68.449135	56.046600	546.255989	44.926742	560.410450	-0.040880	-0.052481	1.309873	1.476051
3547958995.411657	37.110272	513.387258	73.383316	45.237207	517.254158	28.983336	509.520358	-0.035637	-0.052481	1.314761	1.476051
3547958996.064116	30.900494	491.705852	73.667130	39.785112	493.142362	22.015876	490.269342	-0.035637	-0.072526	1.314761	1.456500
3547958997.390053	19.232718	448.207524	75.517273	18.163804	439.271226	20.301633	457.143822	-0.025267	-0.047553	1.324536	1.480938
3547958998.035507	13.776325	426.671270	75.041466	16.919469	418.237964	10.633182	435.104576	-0.040880	-0.062437	1.309873	1.466276
3547959004.766257	21.753879	432.044667	240.616699	13.116574	434.573885	30.391185	429.515448	-0.040880	-0.087916	1.309873	1.441838
3547959005.439730	29.522668	446.471412	242.562119	35.037052	453.584188	24.008284	439.358637	-0.046162	-0.062437	1.304985	1.466276
3547959006.106201	37.582858	463.507093	246.155487	29.516534	459.515300	45.649183	467.498885	-0.051484	-0.067464	1.300098	1.461388
3547959006.793689	44.044759	480.649539	251.565613	41.921170	471.903661	46.168348	489.395416	-0.051484	-0.087916	1.300098	1.441838
3547959007.476168	48.563301	498.399477	257.576202	48.872797	489.404800	48.253806	507.394154	-0.051484	-0.067464	1.300098	1.461388
3547959008.133632	51.563293	516.929130	261.961823	59.982668	520.109401	43.143917	513.748859	-0.051484	-0.072526	1.300098	1.456500
3547959009.462572	53.117147	551.673106	270.557159	49.777264	543.315763	56.457029	560.030449	-0.040880	-0.072526	1.309873	1.456500
3547959010.127041	52.371198	568.519304	275.463043	59.930353	563.634719	44.812042	573.403889	-0.046162	-0.037793	1.304985	1.490714
3547959012.882988	71.237950	574.579110	150.719925	71.925980	565.605448	70.549920	583.552772	-0.030433	-0.082751	1.319648	1.446725
3547959013.534443	89.393906	564.727388	152.837677	81.371558	568.806841	97.416253	560.647935	-0.046162	-0.062437	1.304985	1.466276
3547959014.165888	110.454263	554.564701	155.514359	119.454125	554.515002	101.454400	554.614401	-0.035637	-0.067464	1.314761	1.461388
3547959014.818348	131.735593	545.192718	156.842209	133.852388	536.445194	129.618797	553.940242	-0.078706	-0.087916	1.275660	1.441838
3547959016.105255	177.016184	526.784468	157.348053	174.629306	518.106748	179.403061	535.462187	-0.035637	-0.077621	1.314761	1.451613
3547959016.819761	201.190036	516.896265	157.769150	195.464554	509.952286	206.915518	523.840245	-0.040880	-0.077621	1.309873	1.451613
3547959017.514251	225.150286	507.074044	157.750046	219.558498	500.021959	230.742073	514.126130	-0.035637	-0.057442	1.314761	1.471163
3547959018.206740	250.070845	497.097875	158.638474	241.071488	496.990278	259.070201	497.205472	-0.078706	-0.057442	1.275660	1.471163
3547959018.882215	273.300784	488.065162	160.537720	276.101917	496.618153	270.499651	479.512172	-0.040880	-0.077621	1.309873	1.451613
3547959021.538088	283.948861	462.723307	70.515404	275.079255	461.196843	292.818467	464.249770	-0.051484	-0.067464	1.300098	1.461388
3547959022.209562	278.445217	446.893952	72.330894	279.112974	455.869145	277.777460	437.918758	-0.035637	-0.018652	1.314761	1.510264
3547959022.903053	273.046612	429.299792	74.590973	279.548111	423.076409	266.545112	435.523176	-0.040880	-0.067464	1.309873	1.461388
3547959023.635571	267.828321	409.686714	76.691322	259.173118	407.219434	276.483523	412.153994	-0.046162	-0.057442	1.304985	1.471163
3547959024.327057	263.343801	389.460155	79.034058	267.613075	397.383115	259.074526	381.537195	-0.030433	-0.042657	1.319648	1.485826
3547959025.658997	256.595367	347.433648	85.733322	263.702671	352.955082	249.488064	341.912214	-0.040880	-0.062437	1.309873	1.466276
3547959026.305451	255.741378	326.131935	88.391327	252.016291	317.939028	259.466466	334.324842	-0.040880	-0.052481	1.309873	1.476051
3547959026.998940	255.932747	305.729390	91.566994	259.934785	313.790636	251.930709	297.668143	-0.046162	-0.042657	1.304985	1.485826
3547959027.671415	258.150309	281.479821	97.083191	255.437531	290.061245	260.863087	272.898397	-0.025267	-0.042657	1.324536	1.485826
3547959028.341888	261.651935	260.004797	99.516026	269.296972	255.255754	254.006898	264.753840	-0.025267	-0.067464	1.324536	1.461388
3547959035.130678	273.077109	219.704388	112.470161	278.358840	212.417185	267.795378	226.991590	-0.035637	-0.052481	1.314761	1.476051
3547959035.816161	281.754697	201.676402	119.637581	279.466552	192.972127	284.042842	210.380676	-0.046162	-0.052481	1.304985	1.476051
3547959037.138095	286.715113	186.974919	20.377192	277.723494	186.586593	295.706731	187.363245	-0.046162	-0.057442	1.304985	1.471163
3547959037.783551	279.196939	186.201875	1.861553	270.574695	188.781972	287.819183	183.621777	-0.040880	-0.057442	1.309873	1.471163
3547959038.479040	263.629061	185.442430	4.765393	272.616421	184.965615	254.641700	185.919245	-0.056846	-0.067464	1.295210	1.461388
3547959039.161521	246.774295	183.471849	9.106412	243.957159	192.019583	249.591431	174.924116	-0.035637	-0.062437	1.314761	1.466276
3547959041.916465	170.570072	162.757567	21.513959	166.436511	170.752170	174.703633	154.762965	-0.046162	-0.087916	1.304985	1.441838
3547959042.595945	150.675313	154.089549	24.591027	155.315761	146.378113	146.034865	161.800984	-0.046162	-0.067464	1.304985	1.461388
3547959043.310453	132.839417	145.005037	28.909645	138.180270	152.249020	127.498565	137.761053	-0.051484	-0.072526	1.300098	1.456500
3547959043.962909	115.775027	134.981685	32.650074	107.280225	132.008751	124.269829	137.954618	-0.040880	-0.062437	1.309873	1.466276
3547959045.300852	82.869106	111.078297	38.115887	79.225785	102.848703	86.512428	119.307891	-0.051484	-0.062437	1.300098	1.466276
3547959046.063398	67.448325	98.933389	37.633499	68.038415	89.952754	66.858234	107.914023	-0.062249	-0.067464	1.290323	1.461388
3547959046.810919	52.363533	86.985590	39.101044	43.491546	85.473023	61.235519	88.498158	-0.051484	-0.093116	1.300098	1.436950
3547959047.568454	34.939451	71.439058	44.336330	31.819297	62.997219	38.059604	79.880896	-0.030433	-0.098351	1.319648	1.432063
3547959048.331991	20.686072	56.704502	47.717850	25.722896	64.163081	15.649248	49.245922	-0.062249	-0.028160	1.290323	1.500489
3547959049.064507	15.422246	53.233863	334.323334	6.716198	50.952475	24.128294	55.515251	-0.056846	-0.067464	1.295210	1.461388
3547959049.739984	15.313700	53.874697	257.008911	20.408002	46.455258	10.219398	61.294137	-0.056846	-0.062437	1.295210	1.466276
3547959050.493517	16.092882	54.599044	190.377197	7.524194	57.351785	24.661571	51.846303	-0.051484	-0.052481	1.300098	1.476051
3547959051.181002	23.291104	53.272996	167.429932	30.481512	58.685762	16.100696	47.860230	-0.046162	-0.062437	1.304985	1.466276
3547959051.860480	39.628211	49.575147	168.894135	45.775255	43.001423	33.481166	56.148871	-0.046162	-0.042657	1.304985	1.485826
3547959052.523950	59.755063	46.140794	171.839096	52.442185	51.386918	67.067940	40.894670	-0.051484	-0.072526	1.300098	1.456500
3547959053.235454	81.682865	43.477134	173.782990	89.233624	48.374689	74.132106	38.579579	-0.062249	-0.067464	1.290323	1.461388
3547959054.676466	129.523803	39.106296	176.895966	122.116268	33.994699	136.931338	44.217893	-0.056846	-0.082751	1.295210	1.446725
3547959055.344940	155.600080	38.949903	181.249054	162.989900	33.812729	148.210260	44.087078	-0.051484	-0.087916	1.300098	1.441838
3547959056.025419	180.480120	40.305660	184.335968	172.820590	45.031293	188.139649	35.580027	-0.051484	-0.108930	1.300098	1.422287
3547959056.675877	202.895365	42.678725	186.879471	211.886135	43.086214	193.904594	42.271236	-0.062249	-0.087916	1.290323	1.441838
3547959058.035837	252.145882	51.862722	192.139938	256.482704	59.748911	247.809061	43.976532	-0.062249	-0.072526	1.290323	1.456500
3547959058.713316	275.777441	57.803454	193.704315	283.691308	53.517347	267.863574	62.089561	-0.046162	-0.037793	1.304985	1.490714
3547959062.752164	264.219327	54.891808	17.099583	273.075244	56.495785	255.363411	53.287830	-0.067693	-0.077621	1.285435	1.451613
3547959063.417636	248.245994	49.279389	20.766764	239.780620	52.335110	256.711369	46.223667	-0.062249	-0.042657	1.290323	1.485826
3547959064.077101	231.402013	42.088957	25.580374	227.506520	33.975688	235.297506	50.202227	-0.106990	-0.082751	1.251222	1.446725
3547959064.771589	214.613095	33.295213	29.454937	222.936616	36.718517	206.289575	29.871909	-0.056846	-0.082751	1.295210	1.446725
3547959065.545135	197.583497	22.858425	33.956566	192.494636	30.281598	202.672358	15.435253	-0.067693	-0.093116	1.285435	1.436950
3547959068.239036	172.454624	28.324576	289.983704	165.096488	23.142122	179.812760	33.507030	-0.067693	-0.077621	1.285435	1.451613
3547959068.909509	166.138466	44.656585	292.794113	171.411611	51.950002	160.865321	37.363167	-0.067693	-0.087916	1.285435	1.441838
3547959070.246451	148.418578	79.787006	301.862991	146.017157	71.113299	150.819999	88.460712	-0.051484	-0.042657	1.300098	1.485826
3547959070.943947	136.445167	96.794233	307.866684	136.529730	87.794631	136.360603	105.793836	-0.073178	-0.077621	1.280547	1.451613
3547959072.355940	108.384097	129.278850	316.620148	102.719990	136.272983	114.048203	122.284717	-0.062249	-0.062437	1.290323	1.466276
3547959073.067450	91.390580	143.904967	320.935425	87.131348	135.976604	95.649812	151.833331	-0.056846	-0.072526	1.295210	1.456500
3547959073.721904	73.313932	157.252668	324.904114	82.032525	159.485633	64.595339	155.019703	-0.056846	-0.072526	1.295210	1.456500
3547959074.399381	55.774093	168.937469	328.871002	48.219258	173.828733	63.328928	164.046205	-0.067693	-0.093116	1.285435	1.436950
3547959075.690292	19.551550	189.736667	332.781128	21.583129	180.968960	17.519971	198.504374	-0.062249	-0.052481	1.290323	1.476051
3547959076.378778	14.602457	194.074575	271.811096	5.620500	194.644179	23.584414	193.504971	-0.056846	-0.087916	1.295210	1.441838
3547959077.085283	15.686657	195.201356	203.404190	9.234640	201.476025	22.138675	188.926687	-0.051484	-0.057442	1.300098	1.471163
3547959077.795777	27.446698	200.576476	209.155533	18.703847	202.712490	36.189550	198.440463	-0.030433	-0.077621	1.319648	1.451613
3547959078.516287	44.078083	210.903373	216.648010	42.983852	219.836607	45.172315	201.970140	-0.067693	-0.067464	1.285435	1.461388
3547959079.187762	60.373114	224.805762	225.005356	68.726142	221.455102	52.020086	228.156421	-0.067693	-0.077621	1.285435	1.451613
3547959079.890255	74.667449	241.208516	232.855515	71.348747	232.842740	77.986151	249.574293	-0.062249	-0.072526	1.290323	1.456500
3547959080.530708	86.095837	257.536782	237.783905	93.555928	252.502197	78.635746	262.571366	-0.089889	-0.098351	1.265885	1.432063
3547959081.226198	96.767653	276.984581	244.846405	98.536461	268.160108	94.998845	285.809054	-0.051484	-0.067464	1.300098	1.461388
3547959081.886664	104.688693	296.405573	250.775375	109.408497	288.742450	99.968889	304.068696	-0.040880	-0.093116	1.309873	1.436950
3547959082.567144	110.732217	316.217697	254.022736	106.847787	324.336269	114.616646	308.099125	-0.030433	-0.057442	1.319648	1.471163
3547959083.230611	116.370162	336.425472	255.580261	124.436471	340.417295	108.303853	332.433649	-0.020139	-0.077621	1.329423	1.451613
3547959083.913094	120.465475	356.301663	259.359741	111.608231	357.898293	129.322719	354.705033	-0.056846	-0.072526	1.295210	1.456500
3547959084.605583	123.941658	377.170317	260.595306	122.535488	386.059787	125.347827	368.280846	-0.051484	-0.082751	1.300098	1.446725
3547959085.300072	127.951313	399.137877	258.027557	124.306470	390.908958	131.596156	407.366797	-0.051484	-0.062437	1.300098	1.466276
3547959086.593984	137.122913	443.793668	261.308182	141.872984	451.438066	132.372841	436.149270	-0.040880	-0.087916	1.309873	1.441838
3547959087.253450	140.520082	464.695424	261.605652	147.302127	470.611831	133.738038	458.779017	-0.035637	-0.057442	1.314761	1.471163
3547959087.952944	142.991191	485.876778	262.423645	151.945635	484.972381	134.036747	486.781175	-0.030433	-0.028160	1.319648	1.500489
3547959088.617420	145.628481	504.762257	263.068298	152.242370	498.658449	139.014593	510.866066	-0.035637	-0.057442	1.314761	1.471163
3547959089.300894	147.730500	524.436861	266.018478	140.076180	529.170927	155.384820	519.702795	-0.030433	-0.052481	1.319648	1.476051
3547959089.984376	148.082207	543.246457	271.733948	139.083066	543.122110	157.081348	543.370804	-0.020139	-0.000000	1.329423	1.529814
3547959090.684870	146.673075	563.254679	278.623886	139.209343	568.283865	154.136806	558.225492	-0.020139	-0.037793	1.329423	1.490714
3547959091.391370	142.921197	581.122271	286.432541	147.607026	588.806216	138.235367	573.438327	-0.015049	-0.057442	1.334311	1.471163
3547959094.076263	141.145205	579.533235	55.432127	149.232497	575.584093	133.057914	583.482376	-0.000000	-0.004618	1.348974	1.524927
3547959094.795772	132.899460	567.733629	55.114412	141.815695	566.508576	123.983225	568.958682	-0.015049	-0.028160	1.334311	1.500489
3547959095.457237	123.641760	553.263806	58.528069	115.382674	556.839768	131.900846	549.687845	0.009852	-0.013944	1.358749	1.515152
3547959097.006330	104.190271	515.148335	64.839874	96.036899	518.959179	112.343643	511.337492	-0.020139	-0.023390	1.329423	1.505376
3547959097.700820	95.119064	493.932946	67.764153	103.902317	491.969666	86.335811	495.896226	0.019564	-0.028160	1.368524	1.500489
3547959098.348279	85.530228	468.943749	71.973953	83.019875	477.586557	88.040582	460.300941	0.019564	-0.000000	1.368524	1.529814
3547959099.059779	79.468731	447.804214	75.076477	82.314748	439.266053	76.622715	456.342374	0.019564	-0.023390	1.368524	1.505376
3547959099.751266	74.291590	427.292118	76.350685	66.957986	422.075005	81.625193	432.509230	0.009852	-0.009266	1.358749	1.520039
3547959100.413735	69.460480	405.074212	79.781265	77.976762	407.985042	60.944197	402.163382	0.004944	-0.009266	1.353861	1.520039
3547959101.098217	66.987284	384.736629	86.141327	75.701967	386.984806	58.272601	382.488452	0.029138	-0.013944	1.378299	1.515152
3547959102.461178	68.755520	344.487133	97.423683	69.064258	353.481836	68.446783	335.492430	0.014726	-0.009266	1.363636	1.520039
3547959103.176684	72.550883	323.358799	100.639534	71.575680	314.411789	73.526086	332.305808	0.009852	-0.004618	1.358749	1.524927
3547959103.791117	78.589492	299.327717	102.753242	71.432814	304.785002	85.746171	293.870433	0.024368	-0.028160	1.373412	1.500489
3547959104.445581	84.450573	277.452831	104.142464	88.525796	285.477328	80.375350	269.428333	0.014726	-0.004618	1.363636	1.524927
3547959106.413969	102.087104	213.421504	107.810944	94.529497	208.534524	109.644711	218.308484	0.019564	-0.023390	1.368524	1.505376
3547959107.099453	108.632173	192.562005	105.424072	117.485607	190.944378	99.778740	194.179632	0.004944	-0.018652	1.353861	1.510264
3547959108.429390	120.350162	150.462416	105.163712	129.321634	151.178439	111.378690	149.746392	0.019564	-0.013944	1.368524	1.515152
3547959109.133887	126.291365	129.647227	107.717751	119.221326	124.078156	133.361403	135.216299	0.004944	-0.023390	1.353861	1.505376
3547959109.797355	133.500052	108.845319	108.671932	124.868139	111.392881	142.131965	106.297756	0.014726	-0.028160	1.363636	1.500489
3547959110.517862	140.940089	88.140583	110.101830	142.250198	97.044718	139.629981	79.236448	0.004944	-0.037793	1.353861	1.490714
3547959111.165319	147.187526	69.234417	109.388702	142.353283	76.825866	152.021769	61.642968	0.014726	-0.047553	1.363636	1.480938
3547959111.824786	156.475765	45.635081	110.097534	157.747615	54.544761	155.203915	36.725401	-0.004980	-0.037793	1.344086	1.490714
3547959112.486252	163.936583	26.707401	111.285957	172.677378	28.851811	155.195787	24.562991	-0.009996	-0.047553	1.339198	1.480938
3547959116.587147	189.969148	21.753049	216.028580	183.891833	28.391290	196.046464	15.114808	-0.020139	-0.042657	1.329423	1.485826
3547959117.295644	204.625746	33.480269	222.455933	199.565186	40.922764	209.686306	26.037774	-0.025267	-0.042657	1.324536	1.485826
3547959117.944102	220.252182	50.075694	230.888824	229.250686	50.239805	211.253679	49.911583	-0.051484	-0.018652	1.300098	1.510264
3547959119.300058	242.964306	86.622383	241.532806	239.711211	95.013889	246.217401	78.230877	-0.020139	-0.032961	1.329423	1.495601
3547959119.982541	253.368759	105.895188	239.937531	245.059393	102.437668	261.678124	109.352709	-0.020139	-0.067464	1.329423	1.461388
3547959120.716057	265.138073	126.216048	238.288940	269.230901	118.200516	261.045245	134.231580	0.033874	-0.032961	1.383187	1.495601
3547959121.429561	277.310953	146.415401	239.301666	272.678908	138.698914	281.942997	154.131887	0.047884	-0.004618	1.397849	1.524927
3547959122.108041	288.080145	164.652825	227.232727	280.327379	160.081763	295.832912	169.223888	0.113744	-0.004618	1.471163	1.524927
3547959124.779930	285.280016	168.216885	350.730896	293.410028	164.356457	277.150004	172.077313	0.158017	0.086537	1.524927	1.627566
3547959127.574898	217.067263	169.739479	6.103368	218.676909	160.884591	215.457617	178.594367	0.206475	0.195032	1.588465	1.769306
3547959128.260380	198.109018	166.713161	10.600237	206.414818	170.179237	189.803218	163.247085	0.210043	0.257159	1.593353	1.862170
3547959128.909839	179.644237	162.884180	13.567749	172.064302	158.031902	187.224171	167.736457	0.213588	0.281502	1.598240	1.901271
3547959129.558296	162.643547	158.332682	17.246418	171.638840	158.623706	153.648253	158.041659	0.206475	0.299112	1.588465	1.930596
3547959130.220765	147.826480	152.260544	27.695878	142.905895	159.796315	152.747065	144.724773	0.202886	0.321777	1.583578	1.969697
3547959130.890237	134.300037	142.688238	40.627214	132.393189	151.483914	136.206885	133.892561	0.177125	0.313384	1.549365	1.955034
3547959131.560709	123.315238	130.162415	54.188305	129.652617	136.552848	116.977860	123.771982	0.180874	0.307718	1.554252	1.945259
3547959132.986714	110.055203	99.913739	76.400818	102.469375	95.070681	117.641032	104.756797	0.154121	0.296214	1.520039	1.925709
3547959133.677202	106.898475	80.542224	85.530548	112.748215	87.381854	101.048734	73.702594	0.158017	0.266406	1.524927	1.876833
3547959135.070184	110.856057	43.292120	104.748077	118.774593	47.569594	102.937521	39.014645	0.122033	0.241418	1.480938	1.837732
3547959135.736656	117.916480	25.124564	115.733315	113.557380	32.998461	122.275580	17.250668	0.096832	0.244600	1.451613	1.842620
3547959137.751077	134.364101	16.260072	231.442238	142.105703	11.670126	126.622499	20.850018	0.092532	0.215344	1.446725	1.798631
3547959138.430556	141.820503	29.391612	249.117729	149.045343	34.758331	134.595662	24.024892	0.092532	0.184621	1.446725	1.754643
3547959139.143059	145.915925	47.438702	266.157288	138.990252	53.186315	152.841598	41.691089	0.083846	0.166878	1.436950	1.730205
3547959140.447979	136.354909	83.333157	299.658188	144.765518	86.536540	127.944300	80.129775	0.066113	0.152318	1.417400	1.710655
3547959141.121459	125.915333	96.553136	315.543488	117.071524	94.883694	134.759142	98.222579	0.047884	0.137422	1.397849	1.691105
3547959141.807942	112.117320	107.699291	329.453461	108.498761	115.939802	115.735879	99.458780	0.052489	0.129844	1.402737	1.681329
3547959144.516850	42.920976	107.335258	23.787264	51.693482	105.324502	34.148470	109.346013	0.033874	0.090592	1.383187	1.632454
3547959145.229354	28.085508	98.170139	39.464287	19.254997	99.908551	36.916019	96.431726	0.029138	0.078354	1.378299	1.617791
3547959145.940854	18.543339	87.478469	76.327522	11.332535	82.092904	25.754142	92.864034	0.019564	0.082458	1.368524	1.622678
3547959146.623335	19.769085	84.060617	143.196304	28.480686	81.800524	11.057485	86.320709	0.019564	0.057457	1.368524	1.593353
3547959147.291806	25.673290	82.304063	169.582779	26.241931	73.322045	25.104650	91.286081	0.029138	0.061688	1.378299	1.598240
3547959148.641762	58.357225	84.932341	197.718933	56.556818	93.750421	60.157632	76.114261	-0.015049	0.082458	1.334311	1.622678
3547959149.322239	75.357179	93.822422	217.436264	80.920415	100.897053	69.793942	86.747791	0.009852	0.035909	1.358749	1.568915
3547959150.012725	88.539313	109.238888	241.893173	88.454165	118.238485	88.624462	100.239291	-0.000000	0.098629	1.348974	1.642229
3547959151.467753	91.669065	147.118249	289.329834	88.980940	138.529071	94.357191	155.707427	-0.015049	0.027101	1.334311	1.559140
3547959152.145232	80.265284	164.510840	316.832062	76.198970	172.539855	84.331599	156.481824	0.009852	0.018181	1.358749	1.549365
3547959154.815114	18.102818	167.720517	69.414864	15.444639	159.122024	20.760997	176.319010	-0.009996	0.004589	1.339198	1.534702
3547959155.498598	18.283866	164.224355	122.733902	20.175745	173.023264	16.391987	155.425446	-0.020139	-0.004618	1.329423	1.524927
3547959156.158063	25.057928	157.493255	139.799072	16.057943	157.477048	34.057914	157.509463	-0.035637	-0.000000	1.314761	1.529814
3547959156.888578	38.165630	148.467178	148.915268	46.735580	151.215989	29.595681	145.718367	-0.025267	-0.013944	1.324536	1.515152
3547959157.632102	55.519274	140.325067	159.307831	48.395031	145.824627	62.643517	134.825507	-0.025267	-0.032961	1.324536	1.495601
3547959158.309580	75.870967	135.077457	171.111679	66.920647	134.133114	84.821286	136.021801	-0.020139	-0.032961	1.329423	1.495601
3547959158.994065	99.727746	134.975926	187.640701	106.518045	129.068995	92.937447	140.882857	-0.030433	-0.013944	1.319648	1.515152
3547959159.640520	118.973417	140.693394	203.512924	113.240430	147.631180	124.706403	133.755609	-0.035637	-0.013944	1.314761	1.515152
3547959160.319999	137.139162	151.555362	219.026680	144.103289	145.854404	130.175034	157.256321	-0.025267	-0.013944	1.324536	1.515152
3547959160.997477	151.382757	166.469336	232.520119	151.002509	157.477372	151.763004	175.461299	-0.004980	0.027101	1.344086	1.559140
3547959161.685962	161.679036	184.574834	246.976273	153.259932	187.755822	170.098140	181.393846	-0.035637	0.018181	1.314761	1.549365
3547959162.394464	167.436636	204.592450	259.083038	158.480133	203.708676	176.393139	205.476224	-0.025267	0.044608	1.324536	1.578690
3547959163.058930	168.627470	226.363080	276.650635	166.923487	217.525861	170.331454	235.200299	-0.000000	0.048918	1.348974	1.583578
3547959163.775439	162.290830	243.353581	299.492096	170.056082	247.903401	154.525578	238.803762	-0.015049	0.057457	1.334311	1.593353
3547959164.493948	150.452842	257.879417	319.422379	158.122154	253.169676	142.783530	262.589157	-0.000000	0.057457	1.348974	1.593353
3547959165.149407	134.009454	267.101604	337.094198	141.297509	272.382159	126.721399	261.821050	0.004944	0.044608	1.353861	1.578690
3547959165.823880	115.686212	273.801701	352.305084	111.798230	265.684830	119.574195	281.918572	0.009852	0.061688	1.358749	1.598240
3547959166.510365	98.314682	273.887148	5.733797	103.014173	266.211551	93.615192	281.562745	-0.004980	0.065892	1.344086	1.603128
3547959167.154822	80.248094	269.502983	19.464546	75.055539	262.151972	85.440650	276.853995	0.004944	0.057457	1.353861	1.593353
3547959167.782271	64.561332	261.392668	32.970394	55.562532	261.245716	73.560132	261.539620	0.029138	0.031518	1.378299	1.564027
3547959168.450736	51.411559	250.148529	46.273380	44.647010	256.084932	58.176109	244.212127	0.019564	0.048918	1.368524	1.583578
3547959169.841717	30.848624	219.680592	67.626343	39.818309	218.942515	21.878940	220.418668	0.004944	0.048918	1.353861	1.583578
3547959170.535206	25.544770	200.298924	82.732834	17.731588	195.831913	33.357952	204.765935	-0.004980	0.044608	1.344086	1.578690
3547959171.847131	32.334133	162.232707	117.258011	39.998781	166.950034	24.669485	157.515381	0.009852	0.040272	1.358749	1.573803
3547959172.507597	43.843434	146.861061	135.192505	44.777934	155.812413	42.908935	137.909708	0.014726	0.040272	1.363636	1.573803
3547959173.180071	60.329155	136.147326	155.480316	69.325495	136.403973	51.332815	135.890679	0.019564	0.013679	1.368524	1.544477
3547959173.872565	79.962989	131.761395	177.701324	71.144792	133.561233	88.781185	129.961557	0.004944	0.018181	1.353861	1.549365
3547959174.520019	99.601313	134.703443	198.212891	102.196896	143.321039	97.005730	126.085848	0.004944	0.053200	1.353861	1.588465
3547959175.195494	117.149827	144.095349	218.944305	124.559423	138.986740	109.740230	149.203958	0.009852	0.061688	1.358749	1.598240
3547959175.872971	129.538154	157.897678	239.801079	121.776347	153.341984	137.299961	162.453372	0.014726	0.031518	1.363636	1.564027
3547959177.261951	136.149448	196.089430	280.212234	141.308857	203.463744	130.990040	188.715117	0.070592	0.053200	1.422287	1.588465
3547959177.941432	129.587634	215.245604	295.713989	126.047423	206.971131	133.127845	223.520078	0.070592	0.070071	1.422287	1.608016
3547959179.295384	106.790625	245.281826	316.959045	103.773866	253.761164	109.807383	236.802488	0.088204	0.106571	1.441838	1.652004
3547959179.975868	91.263056	256.655026	328.310913	82.263999	256.785348	100.262112	256.524703	0.101102	0.098629	1.456500	1.642229
3547959180.652343	74.868013	264.405487	337.638824	83.837486	265.146121	65.898539	263.664853	0.113744	0.090592	1.471163	1.632454
3547959181.338829	58.184916	269.815590	344.220703	66.975185	267.883968	49.394647	271.747213	0.105344	0.106571	1.461388	1.652004
3547959182.083354	40.419515	273.563483	351.239380	45.641484	266.233337	35.197545	280.893629	0.088204	0.078354	1.441838	1.617791
3547959182.756828	22.581750	275.205129	358.479553	19.597420	266.714323	25.566079	283.695934	0.105344	0.082458	1.461388	1.622678
3547959183.414291	13.680440	273.748250	53.001476	10.129318	282.018046	17.231561	265.478453	0.079458	0.078354	1.432063	1.617791
3547959184.115786	13.637421	271.612247	114.041962	6.344920	266.337834	20.929922	276.886659	0.066113	0.082458	1.417400	1.622678
3547959184.809276	16.355671	269.607616	163.574753	14.462504	260.808985	18.248837	278.406248	0.075040	0.086537	1.427175	1.627566
3547959185.454735	20.798192	269.839917	194.993500	18.880218	261.046660	22.716167	278.633175	0.070592	0.053200	1.422287	1.588465
3547959189.598660	55.601928	284.871967	201.755234	49.850191	277.949718	61.353665	291.794216	0.052489	0.040272	1.402737	1.573803
3547959190.246110	71.170630	292.461654	204.014145	69.476401	301.300749	72.864859	283.622560	0.047884	0.031518	1.397849	1.564027
3547959190.936599	87.780127	300.107224	202.521706	78.835535	299.110091	96.724719	301.104358	0.043247	0.040272	1.392962	1.573803
3547959192.269538	125.028873	309.596076	184.875336	120.883794	317.584712	129.173952	301.607439	0.014726	0.009148	1.363636	1.539589
3547959193.677532	164.365822	298.477166	145.950480	155.445997	297.278534	173.285647	299.675799	0.024368	0.027101	1.373412	1.559140
3547959194.363017	178.552851	282.698913	126.106270	174.698533	274.566002	182.407169	290.831823	0.043247	0.053200	1.392962	1.588465
3547959195.047499	188.959152	264.882749	107.766340	181.626969	259.663641	196.291336	270.101856	0.043247	0.044608	1.392962	1.578690
3547959195.729981	191.687408	243.922141	87.641350	194.546211	235.388253	188.828606	252.456030	0.029138	0.022655	1.378299	1.554252
3547959196.446491	188.160741	224.673211	69.280811	186.675609	215.796591	189.645874	233.549831	0.038577	0.078354	1.388074	1.617791
3547959197.134972	178.881981	207.629051	53.196098	176.997245	216.429492	180.766717	198.828609	0.079458	0.148626	1.432063	1.705767
3547959197.785431	163.848795	193.008505	34.911089	166.965035	201.451789	160.732554	184.565221	0.113744	0.198464	1.471163	1.774194
3547959198.479920	147.189764	183.604278	23.679314	156.127845	182.550383	138.251682	184.658173	0.146255	0.225253	1.510264	1.813294
3547959200.563389	91.349608	169.041916	8.732206	85.602943	175.968374	97.096274	162.115457	0.177125	0.263340	1.549365	1.871945
3547959201.246872	72.832104	166.573689	5.880870	76.356054	158.292277	69.308155	174.855100	0.202886	0.275510	1.583578	1.891496
3547959201.899332	55.286043	164.969597	4.019233	62.209144	170.720308	48.362942	159.218886	0.180874	0.260257	1.554252	1.867058
3547959202.598826	37.951090	163.841007	2.527350	32.764034	171.195899	43.138147	156.486114	0.165733	0.269457	1.534702	1.881720
3547959203.272301	20.768362	163.506327	0.250635	18.536187	154.787532	23.000537	172.225123	0.165733	0.235004	1.534702	1.827957
3547959203.964794	13.254724	162.335818	47.184406	13.799040	171.319343	12.710408	153.352293	0.154121	0.225253	1.520039	1.813294
3547959204.642268	12.820842	160.650501	98.612793	21.283267	163.714383	4.358418	157.586619	0.150201	0.221968	1.515152	1.808407
3547959205.336759	13.756915	159.150468	143.732483	20.091413	152.757180	7.422417	165.543756	0.161887	0.184621	1.529814	1.754643
3547959206.021240	17.241286	159.273483	191.692307	17.737426	168.259797	16.745146	150.287169	0.142283	0.201877	1.505376	1.779081
3547959206.714729	29.755594	163.216152	203.543671	24.238595	170.326900	35.272592	156.105404	0.130213	0.205271	1.490714	1.783969
3547959208.072689	59.889520	181.685605	215.090912	50.942136	180.713839	68.836903	182.657371	0.113744	0.155989	1.471163	1.715543
3547959208.760171	75.389821	193.354307	216.281830	71.169576	201.303491	79.610066	185.405123	0.122033	0.174035	1.480938	1.739980
3547959209.445658	91.946689	205.734762	216.278809	87.702447	213.671159	96.190932	197.798364	0.101102	0.159639	1.456500	1.720430
3547959210.128138	108.571506	218.172703	216.636566	107.375115	227.092829	109.767896	209.252577	0.105344	0.144913	1.461388	1.700880
3547959211.542134	142.198822	239.830665	206.244217	150.223352	235.755506	134.174292	243.905824	0.105344	0.141178	1.461388	1.695992
3547959212.215611	160.971715	247.181543	199.459595	169.967239	247.465345	151.976190	246.897741	0.113744	0.106571	1.471163	1.652004
3547959212.854061	178.837634	251.429804	189.439590	171.548272	246.151054	186.126996	256.708554	0.105344	0.133644	1.461388	1.686217
3547959213.495514	198.293698	252.443852	174.500580	207.202873	251.168471	189.384523	253.719232	0.109558	0.118310	1.466276	1.666667
3547959214.172997	217.640634	247.846630	158.638428	208.641282	247.738621	226.639986	247.954639	0.105344	0.129844	1.461388	1.681329
3547959214.828453	234.098018	239.042025	143.655838	240.903452	233.152538	227.292583	244.931512	0.109558	0.102612	1.466276	1.647116
3547959215.522945	248.094879	225.559720	129.231583	251.816289	233.754298	244.373468	217.365143	0.105344	0.094623	1.461388	1.637341
3547959216.200421	259.278476	209.005516	118.866501	263.703611	201.168541	254.853340	216.842491	0.101102	0.102612	1.456500	1.647116
3547959216.886909	267.569186	189.374271	106.834198	267.388769	180.376080	267.749604	198.372463	0.101102	0.133644	1.456500	1.686217
3547959218.222849	267.813393	148.927816	70.878899	258.980604	150.654617	276.646181	147.201015	0.096832	0.082458	1.451613	1.622678
3547959218.908331	258.218351	131.946348	50.623604	255.063712	123.517335	261.372990	140.375361	0.088204	0.082458	1.441838	1.622678
3547959220.943767	209.275055	110.773538	359.783081	200.297553	111.409508	218.252557	110.137569	0.057062	0.082458	1.407625	1.622678
3547959223.021235	157.287936	130.428601	320.465363	157.081747	121.430963	157.494124	139.426238	0.066113	0.048918	1.417400	1.583578
3547959223.695709	143.482203	144.788403	308.785202	136.381522	139.258455	150.582884	150.318352	0.061603	0.044608	1.412512	1.578690
3547959224.337162	133.133901	161.928666	293.813995	142.108545	161.253561	124.159257	162.603772	0.061603	0.053200	1.412512	1.588465
3547959225.633077	128.549015	198.389298	261.358917	133.680650	205.782966	123.417380	190.995630	0.047884	0.148626	1.397849	1.705767
3547959226.310555	133.009543	215.968184	249.498512	141.711425	218.265412	124.307661	213.670957	0.038577	0.389599	1.388074	2.096774
3547959227.697532	148.040263	248.879979	241.949699	148.463692	257.870012	147.616834	239.889945	0.038577	0.544256	1.388074	2.458456
3547959228.368011	155.023251	263.486875	247.078842	146.974095	267.513175	163.072406	259.460574	0.029138	0.566844	1.378299	2.521994
3547959229.064499	160.697785	279.416191	255.406677	167.953432	284.741186	153.442137	274.091195	0.029138	0.565147	1.378299	2.517107
3547959229.763992	164.483515	298.204422	264.717270	157.881833	292.087414	171.085198	304.321430	0.024368	0.560016	1.373412	2.502444
3547959230.429465	164.387595	315.236584	274.798920	173.350815	316.049413	155.424375	314.423756	0.014726	0.535254	1.363636	2.434018
3547959231.086923	160.436299	331.999991	285.269592	155.241179	339.349191	165.631419	324.650792	-0.004980	0.527921	1.344086	2.414467
3547959231.740386	154.939270	346.895863	295.307083	154.962907	337.895894	154.915633	355.895832	0.024368	0.512893	1.373412	2.375367
3547959233.069322	136.062285	373.544168	316.383743	128.917632	379.017186	143.206938	368.071149	0.009852	0.487389	1.358749	2.311828
3547959233.733792	123.076327	384.224608	324.707642	131.191288	388.116575	114.961366	380.332640	0.019564	0.460444	1.368524	2.248289
3547959234.402262	108.791270	392.887830	333.526245	104.339484	385.065963	113.243055	400.709697	0.014726	0.440879	1.363636	2.204301
3547959235.086747	93.789516	398.828092	341.637451	87.357512	405.123275	100.221520	392.532910	-0.004980	0.427397	1.344086	2.174976
3547959237.134190	44.620000	403.788227	6.972522	38.895769	396.843216	50.344231	410.733238	0.004944	0.382196	1.353861	2.082111
3547959237.803663	29.405528	400.534405	16.522470	35.952016	406.710447	22.859041	394.358362	0.009852	0.364510	1.358749	2.047898
3547959238.469134	18.084964	396.278741	37.339397	21.253026	387.854764	14.916901	404.702717	0.009852	0.354135	1.358749	2.028348
3547959239.144608	17.177438	394.414229	99.901337	22.477037	387.140011	11.877840	401.688448	-0.000000	0.335491	1.348974	1.994135
3547959239.839103	20.358575	389.978739	131.645157	23.033167	381.385337	17.683983	398.572141	-0.000000	0.307718	1.348974	1.945259
3547959240.493561	31.623094	379.729807	138.809311	26.696645	372.197868	36.549542	387.261746	-0.000000	0.301995	1.348974	1.935484
3547959241.192053	45.684333	369.614287	147.414780	43.544353	378.356168	47.824313	360.872406	-0.000000	0.269457	1.348974	1.881720
3547959242.530997	80.388874	353.371943	163.072418	82.965891	344.748778	77.811856	361.995108	-0.000000	0.244600	1.348974	1.842620
3547959243.238500	100.360033	348.908478	170.539612	93.345991	343.269043	107.374074	354.547912	0.004944	0.254044	1.353861	1.857283
3547959243.909976	121.298444	346.219876	175.959328	121.027233	337.223964	121.569655	355.215789	-0.004980	0.221968	1.344086	1.808407
3547959244.583446	143.239150	345.507615	173.332062	147.900801	353.206251	138.577499	337.808978	-0.004980	0.212004	1.344086	1.793744
3547959245.262924	162.669693	340.489648	160.409348	164.352824	349.330863	160.986562	331.648434	0.004944	0.201877	1.353861	1.779081
3547959245.913383	180.373555	331.284491	142.033432	185.904130	338.384684	174.842980	324.184298	-0.015049	0.195032	1.334311	1.769306
3547959246.594865	194.698691	317.115245	123.436714	201.829562	322.606208	187.567819	311.624282	-0.000000	0.188110	1.348974	1.759531
3547959247.330386	202.847952	300.887516	105.546364	211.437936	298.201967	194.257968	303.573065	-0.015049	0.174035	1.334311	1.739980
3547959247.999856	206.188852	279.046156	93.163204	214.145798	274.840563	198.231906	283.251749	-0.040880	0.159639	1.309873	1.720430
3547959248.681337	207.225475	258.797865	92.050117	214.514306	264.077349	199.936645	253.518381	-0.009996	0.141178	1.339198	1.695992
3547959249.384834	208.607491	240.467999	97.900490	213.009861	248.317785	204.205121	232.618214	-0.025267	0.155989	1.324536	1.715543
3547959250.059309	212.643233	221.503256	106.375854	216.462805	213.353969	208.823661	229.652542	-0.009996	0.129844	1.339198	1.681329
3547959250.762807	218.961229	204.162537	113.115509	218.797676	195.164023	219.124781	213.161051	-0.009996	0.126021	1.339198	1.676442
3547959251.454294	227.626483	185.897008	115.410904	220.997114	191.984000	234.255852	179.810017	-0.020139	0.110507	1.329423	1.656891
3547959252.128773	236.242591	166.739714	110.864090	243.338984	172.275163	229.146197	161.204265	-0.000000	0.102612	1.348974	1.647116
3547959252.835267	242.555707	147.396548	103.895927	244.549360	156.172957	240.562054	138.620139	-0.025267	0.126021	1.324536	1.676442
3547959254.221244	247.599185	105.157917	88.283035	244.781409	96.610395	250.416962	113.705439	-0.004980	0.102612	1.344086	1.647116
3547959254.888715	245.992785	84.515791	81.461578	247.955364	75.732381	244.030206	93.299200	0.009852	0.094623	1.358749	1.637341
3547959256.271692	235.728135	45.217464	67.493530	244.716565	45.673674	226.739705	44.761253	-0.004980	0.094623	1.344086	1.637341
3547959256.965182	226.614718	25.804405	60.988186	235.281729	28.229880	217.947708	23.378930	0.004944	0.086537	1.353861	1.627566
3547959263.035464	209.413845	85.142685	280.547302	216.711248	90.410314	202.116442	79.875056	-0.025267	0.022655	1.324536	1.554252
3547959263.691932	206.308090	102.966251	278.574188	198.603737	107.618449	214.012443	98.314053	-0.020139	0.040272	1.329423	1.573803
3547959264.354394	203.962849	123.956427	274.564667	212.492595	126.827566	195.433104	121.085288	-0.046162	0.027101	1.304985	1.559140
3547959265.088912	202.715467	144.768585	271.980133	193.957353	146.841133	211.473580	142.696038	-0.020139	0.022655	1.329423	1.554252
3547959266.447875	203.967000	189.737715	263.315979	208.882671	182.198738	199.051329	197.276693	-0.015049	0.022655	1.334311	1.554252
3547959267.116342	207.440278	210.773781	256.866852	213.533721	204.150342	201.346834	217.397220	-0.020139	0.009148	1.329423	1.539589
3547959268.464294	221.168641	251.118145	244.705521	224.159046	242.629477	218.178236	259.606813	-0.020139	0.027101	1.329423	1.559140
3547959269.144775	231.450255	268.375532	234.599663	223.782290	273.087465	239.118220	263.663599	-0.020139	-0.013944	1.329423	1.515152
3547959269.786225	245.793464	284.496460	221.465118	236.794789	284.341994	254.792138	284.650925	-0.009996	0.004589	1.339198	1.534702
3547959270.494726	261.564034	296.889533	209.399216	253.594856	301.071901	269.533213	292.707166	-0.020139	0.013679	1.329423	1.544477
3547959271.159195	279.011758	304.957150	193.493805	287.646542	302.419334	270.376974	307.494965	-0.020139	0.004589	1.329423	1.534702
3547959272.490133	291.043269	306.848904	274.387238	298.932349	311.180465	283.154190	302.517342	-0.020139	0.009148	1.329423	1.539589
3547959274.490547	280.587492	303.821724	24.969595	282.049303	294.941234	279.125680	312.702214	0.014726	0.044608	1.363636	1.578690
3547959275.158020	266.242442	295.760570	26.210816	258.313001	291.503344	274.171882	300.017796	-0.020139	0.013679	1.329423	1.544477
3547959275.837496	250.097509	287.551385	20.414967	241.097640	287.502914	259.097379	287.599855	-0.000000	-0.004618	1.348974	1.524927
3547959276.562007	232.585849	281.958410	12.976130	229.000355	273.703458	236.171343	290.213362	-0.025267	0.009148	1.324536	1.539589
3547959277.255496	213.801399	279.603371	2.449642	208.059034	286.533396	219.543764	272.673346	-0.020139	-0.009266	1.329423	1.520039
3547959277.930972	193.352871	279.894384	350.827698	201.071709	275.266258	185.634034	284.522510	-0.009996	0.009148	1.339198	1.539589
3547959278.596441	175.105710	285.005236	338.643250	180.543478	277.833717	169.667942	292.176754	-0.009996	0.004589	1.339198	1.534702
3547959279.264913	159.942329	294.459858	327.251022	155.428404	286.673686	164.456255	302.246030	-0.015049	0.009148	1.334311	1.539589
3547959279.953400	146.768793	305.436055	314.930603	140.494938	298.983246	153.042647	311.888864	-0.000000	-0.004618	1.348974	1.524927
3547959280.604862	134.410260	319.199494	303.957621	128.100828	325.617520	140.719693	312.781467	-0.004980	-0.032961	1.344086	1.495601
3547959281.290341	125.496154	334.736249	292.689911	129.982081	342.538586	121.010228	326.933912	0.014726	-0.004618	1.363636	1.524927
3547959281.957813	119.657850	351.354962	285.320755	114.845369	358.960226	124.470331	343.749699	-0.035637	-0.013944	1.314761	1.515152
3547959284.046287	119.290361	409.691783	248.475021	121.857045	418.318030	116.723676	401.065537	-0.000000	0.004589	1.348974	1.534702
3547959284.714762	129.288182	426.435529	229.808159	133.379358	434.451905	125.197006	418.419154	0.019564	-0.018652	1.368524	1.510264
3547959285.415252	144.442204	439.725327	213.967628	141.446522	431.238520	147.437885	448.212134	-0.004980	0.031518	1.344086	1.564027
3547959286.074717	161.666100	447.599428	195.091492	158.897037	439.036001	164.435164	456.162855	-0.004980	0.022655	1.344086	1.554252
3547959286.766205	181.658664	449.222419	174.192444	190.535023	450.709109	172.782305	447.735729	0.024368	-0.000000	1.373412	1.529814
3547959287.440690	202.212765	442.944921	151.040955	200.034061	434.212610	204.391469	451.677231	0.004944	-0.000000	1.353861	1.529814
3547959288.168196	218.013671	429.788535	128.858948	218.496280	438.775586	217.531062	420.801484	0.004944	-0.023390	1.353861	1.505376
3547959288.904715	228.196501	410.761192	106.040604	234.484593	404.322257	221.908408	417.200128	0.014726	-0.018652	1.363636	1.510264
3547959295.047047	210.589948	348.575306	56.795689	208.389301	339.848500	212.790595	357.302113	0.004944	-0.009266	1.353861	1.520039
3547959295.702512	201.647939	333.925852	57.810558	193.073938	331.189705	210.221940	336.662000	0.009852	-0.000000	1.358749	1.529814
3547959296.360975	191.996443	318.233797	57.207064	186.489803	311.115025	197.503083	325.352570	0.009852	0.022655	1.358749	1.554252
3547959297.044458	181.234581	301.518420	55.239873	189.927442	299.187289	172.541721	303.849551	0.004944	-0.004618	1.353861	1.524927
3547959297.717931	167.977030	282.880405	50.611107	164.927972	274.412628	171.026089	291.348182	0.014726	0.004589	1.363636	1.534702
3547959298.401413	154.627174	268.305263	45.506554	145.636919	267.886556	163.617429	268.723970	0.014726	-0.004618	1.363636	1.524927
3547959299.080898	140.077807	254.262365	43.749138	142.157279	245.505894	137.998335	263.018837	0.004944	0.009148	1.353861	1.539589
3547959299.788395	123.824556	239.061427	41.236134	127.291393	247.366909	120.357718	230.755944	-0.000000	0.004589	1.348974	1.534702
3547959301.155357	88.328834	213.042823	32.975567	79.329394	212.942421	97.328274	213.143225	-0.000000	-0.018652	1.348974	1.510264
3547959301.821827	70.133623	201.860752	29.221817	77.441163	207.114309	62.826083	196.607196	-0.015049	0.009148	1.334311	1.539589
3547959302.467285	51.978579	192.273467	23.804277	60.715607	190.113758	43.241551	194.433176	0.009852	-0.004618	1.358749	1.524927
3547959303.148763	33.386207	185.219722	17.049076	42.149853	187.268746	24.622561	183.170698	-0.000000	-0.013944	1.348974	1.515152
3547959314.760955	13.099878	182.383211	292.667603	17.410646	190.283672	8.789110	174.482750	-0.025267	-0.023390	1.324536	1.505376
3547959320.481992	26.950946	194.235374	239.775223	19.309512	189.480535	34.592380	198.990212	-0.000000	-0.028160	1.348974	1.500489
3547959321.140456	37.100603	211.525887	240.934601	29.686651	216.628172	44.514555	206.423602	-0.009996	-0.032961	1.339198	1.495601
3547959322.510422	57.766470	248.362543	236.749451	65.906186	252.202468	49.626754	244.522618	-0.020139	-0.009266	1.329423	1.520039
3547959323.219923	69.767945	264.863943	230.895645	78.767359	264.966674	60.768532	264.761211	-0.015049	-0.028160	1.334311	1.500489
3547959324.649932	100.848739	298.627483	224.234177	109.173953	302.046665	92.523525	295.208300	-0.009996	-0.023390	1.339198	1.505376
3547959326.070935	138.188983	327.032073	210.676949	139.890840	335.869702	136.487125	318.194444	0.009852	-0.028160	1.358749	1.500489
3547959326.821463	157.212290	337.536140	205.804726	166.208130	337.262520	148.216450	337.809759	-0.015049	-0.028160	1.334311	1.500489
3547959327.512951	179.376029	346.775390	199.185242	187.958238	349.485683	170.793820	344.065097	-0.000000	-0.018652	1.348974	1.510264
3547959328.252473	203.509894	353.395868	189.708221	195.080922	350.241122	211.938867	356.550614	-0.000000	-0.047553	1.348974	1.480938
3547959328.960972	228.706921	355.447602	177.853699	220.264086	358.565059	237.149756	352.330145	0.004944	-0.013944	1.353861	1.515152
3547959329.677481	253.747888	352.447765	166.799866	256.368466	361.057793	251.127311	343.837738	-0.004980	-0.013944	1.344086	1.515152
3547959330.382977	276.616567	345.438481	158.817520	267.741912	346.935314	285.491221	343.941649	0.014726	-0.052481	1.363636	1.476051
3547959331.037440	290.399171	337.568050	110.064857	291.379255	346.514526	289.419087	328.621574	0.009852	0.004589	1.358749	1.534702
3547959332.360371	280.297186	331.453777	11.976745	285.301638	323.973438	275.292735	338.934115	0.019564	-0.000000	1.368524	1.529814
3547959332.999825	264.936095	328.152391	12.312011	267.200728	319.441970	262.671462	336.862812	0.029138	0.004589	1.378299	1.534702
3547959334.351777	228.441123	321.702515	8.246994	220.127288	325.149273	236.754959	318.255758	0.043247	0.009148	1.392962	1.539589
3547959335.011244	208.936975	319.217659	5.144537	217.109588	315.448254	200.764363	322.987063	0.029138	-0.004618	1.378299	1.524927
3547959335.668706	189.991314	318.429000	1.280220	181.368602	315.850463	198.614025	321.007536	0.033874	0.004589	1.383187	1.534702
3547959336.366199	170.179000	317.618550	358.251770	169.189139	308.673150	171.168861	326.563950	0.047884	0.004589	1.397849	1.534702
3547959337.063691	149.242618	318.826418	353.995280	141.646657	323.653568	156.838580	313.999268	0.043247	-0.013944	1.392962	1.515152
3547959337.699138	130.025157	321.471791	348.767588	130.482194	330.460179	129.568120	312.483403	0.043247	0.004589	1.392962	1.534702
3547959338.362607	110.571325	326.179843	343.903534	119.525585	327.086059	101.617065	325.273627	0.029138	-0.004618	1.378299	1.524927
3547959339.095123	93.942150	331.694953	339.622650	91.020284	323.182450	96.864016	340.207455	0.038577	0.035909	1.388074	1.568915
3547959339.731572	75.910868	339.062295	337.134399	83.405265	344.045669	68.416471	334.078922	0.024368	0.018181	1.373412	1.549365
3547959340.443079	59.590861	345.969488	338.192596	67.609318	341.882393	51.572404	350.056583	0.029138	-0.004618	1.378299	1.524927
3547959341.110546	42.184121	353.092782	339.733429	38.339088	344.955478	46.029155	361.230087	0.033874	-0.000000	1.383187	1.529814
3547959343.827464	21.939117	371.849581	217.897461	30.069464	375.709305	13.808771	367.989857	0.029138	-0.013944	1.378299	1.515152
3547959344.473919	35.563088	382.284888	214.794464	27.289865	378.741758	43.836312	385.828018	0.038577	-0.000000	1.388074	1.529814
3547959345.151397	52.811964	393.647332	210.165710	49.972346	402.187623	55.651582	385.107041	0.029138	-0.000000	1.378299	1.529814
3547959345.812862	71.942285	404.447002	208.167084	65.349898	398.319977	78.534672	410.574027	0.024368	-0.042657	1.373412	1.485826
3547959347.932360	135.643042	430.668489	194.109779	141.224613	423.608314	130.061471	437.728663	0.029138	0.018181	1.378299	1.549365
3547959348.650866	157.354347	435.560826	190.024689	148.362159	435.185933	166.346536	435.935719	0.019564	0.009148	1.368524	1.539589
3547959349.313332	183.661061	438.544930	180.114426	191.439251	443.072596	175.882871	434.017265	0.052489	-0.018652	1.402737	1.510264
3547959350.008825	207.856462	436.763913	169.698074	207.388034	427.776111	208.324890	445.751714	0.024368	-0.000000	1.373412	1.529814
3547959350.699316	231.366126	430.282749	158.860428	222.563845	432.158878	240.168406	428.406620	0.038577	-0.000000	1.388074	1.529814
3547959351.988222	271.786198	406.397277	140.320068	263.972229	410.862911	279.600167	401.931642	0.033874	-0.009266	1.383187	1.520039
3547959352.664698	287.051659	391.751025	122.561928	287.409893	400.743893	286.693425	382.758158	0.047884	0.009148	1.397849	1.539589
3547959354.161753	282.617785	386.229453	347.396332	273.898338	388.459085	291.337231	383.999822	0.057062	0.013679	1.407625	1.544477
3547959354.813212	268.708583	389.322564	346.500305	261.520383	383.906866	275.896783	394.738261	0.038577	0.013679	1.388074	1.544477
3547959355.465674	250.167507	392.909400	349.078552	253.352860	401.326853	246.982155	384.491946	0.038577	0.022655	1.388074	1.554252
3547959356.122134	232.357268	396.250780	347.744873	224.923585	401.324276	239.790951	391.177285	0.043247	0.018181	1.392962	1.549365
3547959356.781600	213.799195	400.387263	346.051605	209.671841	392.389454	217.926548	408.385073	0.038577	0.013679	1.388074	1.544477
3547959357.444068	194.887658	405.332377	344.163788	203.773573	403.903913	186.001742	406.760841	0.033874	0.009148	1.383187	1.539589
3547959358.119546	176.603108	411.090846	340.529633	168.098016	408.147479	185.108201	414.034212	0.024368	0.009148	1.373412	1.539589
3547959359.481505	139.232923	429.210288	328.461990	130.355984	430.693513	148.109861	427.727063	0.019564	-0.004618	1.368524	1.524927
3547959360.149978	122.647685	440.524601	321.997314	113.648827	440.381215	131.646542	440.667988	0.038577	0.009148	1.388074	1.539589
3547959360.818451	108.156513	453.269204	316.713165	103.166532	460.759203	113.146494	445.779205	0.019564	0.009148	1.368524	1.539589
3547959361.485919	95.609458	465.879389	313.092041	103.492238	461.536375	87.726678	470.222404	0.043247	-0.009266	1.392962	1.520039
3547959362.162398	82.752425	480.494083	307.652802	84.745276	471.717492	80.759573	489.270673	0.029138	-0.004618	1.378299	1.524927
3547959362.843880	73.216056	494.431138	302.865204	64.614014	491.784466	81.818098	497.077810	0.033874	0.004589	1.383187	1.534702
3547959363.510347	64.197586	508.208300	302.544525	56.868321	502.985095	71.526851	513.431505	0.014726	-0.000000	1.363636	1.529814
3547959364.159805	54.680536	522.531382	304.206177	50.143861	530.304320	59.217212	514.758443	0.038577	-0.000000	1.388074	1.529814
3547959365.737919	34.485745	548.151798	309.792236	26.017162	551.198617	42.954328	545.104980	0.019564	-0.000000	1.368524	1.529814
3547959366.410395	22.854032	561.257941	312.575897	31.853321	561.371084	13.854744	561.144797	0.019564	-0.004618	1.368524	1.524927
3547959367.053848	16.548134	569.132684	271.412170	8.050200	566.168712	25.046067	572.096656	0.019564	-0.009266	1.368524	1.520039
3547959367.737330	16.144669	568.590464	215.574829	7.772517	571.893049	24.516822	565.287879	0.004944	-0.004618	1.353861	1.524927
3547959368.400799	17.052883	568.548790	155.974380	25.095080	564.508609	9.010686	572.588972	0.014726	-0.042657	1.363636	1.485826
3547959369.062264	17.866848	566.205648	93.403801	24.592483	560.225194	11.141212	572.186102	0.004944	-0.037793	1.353861	1.490714
3547959369.716728	18.599677	552.138265	91.068581	18.261300	561.131901	18.938054	543.144628	-0.000000	-0.032961	1.348974	1.495601
3547959371.032656	18.360538	510.982477	84.210800	13.188503	518.347941	23.532572	503.617013	0.009852	-0.023390	1.358749	1.505376
3547959371.703131	15.234576	488.951277	78.022728	10.785415	496.774637	19.683737	481.127917	-0.000000	-0.018652	1.348974	1.510264
3547959383.189232	131.625689	460.046158	149.251671	140.622643	459.812006	122.628736	460.280310	-0.009996	-0.023390	1.339198	1.505376
3547959383.893728	151.222202	444.861160	134.743423	148.177919	453.330654	154.266486	436.391665	0.004944	-0.032961	1.353861	1.495601
3547959385.244681	178.580051	401.602018	108.476257	169.617544	402.422674	187.542557	400.781363	-0.004980	-0.028160	1.344086	1.500489
3547959385.927165	183.912771	378.300415	96.501373	176.930474	383.979106	190.895067	372.621723	-0.004980	-0.028160	1.344086	1.500489
3547959386.600638	184.404981	353.462143	84.910431	185.190843	362.427768	183.619120	344.496519	-0.004980	-0.023390	1.344086	1.505376
3547959387.263104	180.533592	331.294687	74.481941	187.673688	325.815725	173.393496	336.773650	0.004944	-0.009266	1.353861	1.520039
3547959387.953593	172.514540	308.997171	63.083614	170.272549	300.280894	174.756531	317.713447	-0.000000	-0.018652	1.348974	1.510264
3547959388.639077	160.277418	289.497494	52.498234	153.178289	295.029435	167.376547	283.965553	0.014726	-0.023390	1.363636	1.505376
3547959389.299541	144.636890	272.316438	42.299252	153.580250	273.324562	135.693530	271.308315	0.009852	-0.028160	1.358749	1.500489
3547959389.964012	126.948427	258.355594	35.203043	132.362979	265.544657	121.533875	251.166531	0.014726	-0.032961	1.363636	1.495601
3547959390.610467	109.562246	247.867769	30.341953	117.474157	243.578053	101.650335	252.157485	0.019564	-0.013944	1.368524	1.515152
3547959391.281941	91.009529	238.399808	22.591150	96.091324	245.827820	85.927734	230.971796	-0.015049	-0.042657	1.334311	1.485826
3547959396.084329	30.184660	245.713341	220.533035	24.943999	238.396546	35.425320	253.030135	0.024368	-0.013944	1.373412	1.515152
3547959396.760808	46.879370	257.966946	214.560196	39.654605	252.600125	54.104136	263.333767	0.004944	-0.028160	1.353861	1.500489
3547959397.413273	65.310063	269.742436	211.230652	71.404820	276.364667	59.215306	263.120206	0.029138	-0.018652	1.378299	1.510264
3547959398.747207	102.100509	287.805198	202.373642	93.400884	285.499439	110.800135	290.110957	0.009852	-0.018652	1.358749	1.510264
3547959399.383656	122.476696	295.440224	197.350591	117.621931	303.018565	127.331461	287.861883	0.019564	-0.009266	1.368524	1.520039
3547959400.064136	143.084679	300.643174	191.080490	138.329485	308.284387	147.839873	293.001962	0.009852	-0.023390	1.358749	1.505376
3547959400.740615	164.902690	303.533243	185.323654	164.629920	312.529109	165.175459	294.537378	0.014726	-0.037793	1.363636	1.490714
3547959401.378064	189.517142	306.101163	178.371353	183.723120	312.988058	195.311163	299.214269	0.014726	-0.004618	1.363636	1.524927
3547959402.001504	211.741034	301.756955	170.036942	208.311530	293.435987	215.170539	310.077922	0.009852	-0.000000	1.358749	1.529814
3547959402.680988	234.098186	296.028170	160.397362	235.675230	304.888922	232.521142	287.167418	0.014726	-0.037793	1.363636	1.490714
3547959403.313429	254.172129	286.091433	150.255280	258.808365	278.377463	249.535894	293.805402	0.019564	0.004589	1.368524	1.534702
3547959403.984903	273.491710	273.888201	142.731094	282.291407	275.776409	264.692013	271.999992	0.009852	-0.013944	1.358749	1.515152
3547959404.658377	288.036646	260.558092	110.539032	292.993596	268.069993	283.079697	253.046191	0.024368	-0.004618	1.373412	1.524927
3547959405.300831	286.761456	257.510903	29.564957	295.410523	259.999605	278.112389	255.022201	0.024368	-0.000000	1.373412	1.529814
3547959405.960296	280.623790	257.943251	352.251434	277.176663	249.629569	284.070918	266.256933	0.019564	-0.013944	1.368524	1.515152
3547959406.642779	267.133618	258.673155	357.327942	273.674628	252.491311	260.592609	264.854999	0.019564	-0.023390	1.368524	1.505376
3547959407.323259	249.068580	258.729478	359.999878	240.438027	261.281645	257.699133	256.177312	0.014726	-0.023390	1.363636	1.505376
3547959407.976719	231.032207	258.248562	2.863014	228.557301	266.901587	233.507114	249.595538	0.019564	-0.009266	1.368524	1.520039
3547959409.260624	193.650119	256.370193	1.179150	185.331582	252.934798	201.968657	259.805587	0.009852	-0.013944	1.358749	1.515152
3547959409.919090	175.411583	256.869792	358.989029	168.665130	250.912832	182.158035	262.826752	0.029138	-0.013944	1.378299	1.515152
3547959410.555537	155.633678	258.583314	355.211548	157.523705	267.382620	153.743652	249.784007	0.024368	-0.018652	1.373412	1.510264
3547959411.253031	136.792096	259.818317	351.662415	138.544494	250.990571	135.039698	268.646064	0.019564	-0.004618	1.368524	1.524927
3547959411.931509	116.250285	264.566558	347.517883	107.865521	267.836993	124.635048	261.296124	0.009852	-0.000000	1.358749	1.529814
3547959412.607988	97.772115	269.219960	343.922028	106.741602	269.960434	88.802628	268.479486	0.004944	-0.004618	1.353861	1.524927
3547959413.280461	78.518223	276.004453	337.415527	87.100998	278.712954	69.935448	273.295953	0.024368	-0.018652	1.373412	1.510264
3547959414.599391	44.582824	293.422079	327.476898	38.439768	286.844628	50.725880	299.999530	0.033874	-0.004618	1.383187	1.524927
3547959415.292886	30.271270	304.491456	323.742279	31.689456	313.379018	28.853084	295.603895	0.009852	-0.004618	1.358749	1.524927
3547959417.252264	21.317532	314.952478	196.296417	12.330228	314.474590	30.304835	315.430366	0.024368	0.004589	1.373412	1.534702
3547959417.931743	35.780650	318.468903	192.694153	43.618618	322.892278	27.942681	314.045528	0.019564	0.004589	1.368524	1.534702
3547959418.616224	54.582541	322.785255	191.416580	52.613454	331.567208	56.551629	314.003303	0.033874	-0.018652	1.383187	1.510264
3547959419.291703	74.630154	326.729921	188.649063	73.254038	317.835748	76.006270	335.624093	0.024368	0.018181	1.373412	1.549365
3547959420.625643	120.468244	330.876040	180.768463	129.395892	329.737132	111.540597	332.014948	0.029138	-0.013944	1.378299	1.515152
3547959421.327138	143.945187	329.831547	172.368149	140.279886	338.051375	147.610487	321.611719	0.029138	0.004589	1.378299	1.534702
3547959422.651073	190.264295	317.004064	156.008347	198.164651	312.693103	182.363940	321.315025	0.029138	-0.009266	1.378299	1.520039
3547959423.305538	212.172082	305.815009	147.469101	210.509896	314.660185	213.834269	296.969833	0.019564	0.004589	1.368524	1.534702
3547959423.995019	231.096450	289.706028	137.252792	238.557285	284.672546	223.635615	294.739510	0.043247	-0.000000	1.392962	1.529814
3547959424.697515	247.786302	272.616519	128.183929	242.546960	279.934258	253.025644	265.298781	0.029138	-0.000000	1.378299	1.529814
3547959425.369990	261.521614	252.246936	116.315285	262.208156	261.220712	260.835073	243.273160	0.033874	0.009148	1.383187	1.539589
3547959426.053472	263.311001	249.245433	115.797516	259.466049	257.382776	267.155952	241.108091	0.009852	0.009148	1.358749	1.539589
3547959426.703931	263.299052	249.234275	115.967033	260.882038	257.903649	265.716066	240.564901	0.029138	0.009148	1.378299	1.539589
3547959427.367399	263.278649	249.221896	115.909790	260.369601	257.738787	266.187697	240.705005	0.029138	0.009148	1.378299	1.539589
3547959428.020861	263.301540	249.235122	115.886864	260.198013	257.683088	266.405068	240.787157	0.029138	0.022655	1.378299	1.554252
3547959428.677323	263.282229	249.223734	115.957237	260.780406	257.869015	265.784052	240.578453	0.033874	-0.018652	1.383187	1.510264
3547959429.375814	263.303199	249.228918	115.942467	260.673958	257.836304	265.932440	240.621532	0.014726	-0.009266	1.363636	1.520039
3547959430.014266	263.274431	249.211456	115.905350	260.327594	257.715346	266.221267	240.707565	0.033874	-0.004618	1.383187	1.524927
3547959430.679735	263.318773	249.238899	115.933189	260.609793	257.821523	266.027753	240.656276	0.038577	0.004589	1.388074	1.534702
3547959431.347208	263.287819	249.227396	115.889313	260.204990	257.682937	266.370647	240.771856	0.038577	0.009148	1.388074	1.539589
3547959432.015678	263.303784	249.227109	115.916939	260.455695	257.764579	266.151873	240.689639	0.024368	-0.000000	1.373412	1.529814
3547959432.714170	263.269433	249.222154	115.991455	261.064840	257.947965	265.474027	240.496344	0.029138	0.004589	1.378299	1.534702
3547959433.371635	263.292500	249.234979	115.945557	260.689868	257.850448	265.895132	240.619510	0.024368	-0.013944	1.373412	1.515152
3547959434.032102	263.324931	248.904593	116.567352	266.227896	257.423560	260.421965	240.385627	0.024368	0.009148	1.373412	1.539589
3547959435.387059	257.495893	213.341730	62.379986	261.425708	205.245030	253.566077	221.438430	0.024368	0.013679	1.373412	1.544477
3547959436.059533	246.520708	195.661276	52.373531	238.788646	200.267274	254.252770	191.055278	0.014726	-0.000000	1.363636	1.529814
3547959437.376460	216.896706	165.255105	39.799274	209.128561	169.799983	224.664852	160.710227	0.024368	0.013679	1.373412	1.544477
3547959438.047935	200.015771	152.417688	33.825668	194.001542	159.113137	206.030001	145.722238	0.043247	0.027101	1.392962	1.559140
3547959438.697393	183.949883	141.827693	30.546309	190.826626	136.021627	177.073140	147.633759	0.101102	0.061688	1.456500	1.598240
3547959439.304821	166.978626	132.343461	26.517170	158.134472	130.675846	175.822780	134.011077	0.126136	0.118310	1.485826	1.666667
3547959439.953279	149.427585	124.477898	19.246699	145.946514	116.178371	152.908656	132.777425	0.150201	0.174035	1.515152	1.739980
3547959441.979711	92.884941	113.276662	2.579646	88.089433	120.892639	97.680448	105.660685	0.227557	0.225253	1.617791	1.813294
3547959442.666192	73.159280	112.753260	358.369843	71.122558	103.986746	75.196003	121.519773	0.241192	0.263340	1.637341	1.871945
3547959445.979530	15.564876	127.722300	225.700745	19.831656	119.797996	11.298096	135.646603	0.213588	0.215344	1.598240	1.798631