Time	X	Y	Theta	LS_X	LS_Y	RS_X	RS_Y	RsRoL	RsRoR	VL	VR
3547954251.654618	44.802010	551.159408	181.705383	49.171947	543.291521	40.432072	559.027295	-0.014845	-0.037181	1.363636	1.534702
3547954252.377127	58.825313	552.123968	183.246521	51.090473	547.522636	66.560152	556.725301	-0.040309	-0.041962	1.339198	1.529814
3547954253.036594	77.923849	553.346389	183.633011	69.025124	552.000027	86.822575	554.692750	-0.024920	-0.037181	1.353861	1.534702
3547954254.425575	118.524576	559.829328	195.794037	110.877863	555.082983	126.171289	564.575672	-0.024920	-0.046774	1.353861	1.524927
3547954255.104053	139.167854	568.067327	205.202232	146.734813	572.939814	131.600895	563.194840	-0.035142	-0.041962	1.344086	1.529814
3547954255.777530	158.773256	579.548754	215.654709	150.691329	583.508863	166.855183	575.588646	-0.040309	-0.041962	1.339198	1.529814
3547954263.281823	164.017545	579.736483	233.331055	157.237058	573.818290	170.798031	585.654675	-0.040309	-0.023018	1.339198	1.549365
3547954263.969307	164.210253	580.320781	272.369812	156.896069	585.565084	171.524437	575.076478	-0.050756	-0.041962	1.329423	1.529814
3547954264.826912	164.099358	580.686415	334.357025	155.321403	578.699585	172.877314	582.673245	-0.019864	-0.071303	1.358749	1.500489
3547954265.561429	165.095139	580.845985	37.146854	169.816633	573.183903	160.373646	588.508067	-0.035142	-0.041962	1.344086	1.529814
3547954266.272933	158.427526	571.405219	58.382772	149.737718	573.747706	167.117334	569.062733	-0.035142	-0.051617	1.344086	1.520039
3547954267.004449	150.546869	556.604548	66.520855	155.231160	564.289430	145.862578	548.919666	-0.045513	-0.051617	1.334311	1.520039
3547954267.675921	144.414150	538.566522	76.222366	137.808458	532.453844	151.019842	544.679201	-0.030012	-0.037181	1.348974	1.534702
3547954268.332392	141.265104	518.648209	86.760162	149.667827	515.424198	132.862381	521.872221	-0.035142	-0.081340	1.344086	1.490714
3547954269.032879	141.988283	499.847143	99.527946	149.576165	495.007304	134.400401	504.686983	-0.056038	-0.032430	1.324536	1.539589
3547954269.716361	148.037688	481.040563	114.086258	140.518780	476.094249	155.556596	485.986877	-0.035142	-0.037181	1.344086	1.534702
3547954270.437870	159.865621	462.733474	130.297989	168.838182	463.435716	150.893060	462.031232	-0.061359	-0.041962	1.319648	1.529814
3547954271.106341	176.712509	448.718770	148.781921	184.840920	452.582568	168.584098	444.854971	-0.056038	-0.061396	1.324536	1.510264
3547954271.792826	195.859262	441.054315	165.673386	189.211657	447.121387	202.506867	434.987244	-0.050756	-0.046774	1.329423	1.524927
3547954272.554364	216.733373	439.110073	181.313934	223.774577	433.504589	209.692170	444.715556	-0.035142	-0.046774	1.344086	1.524927
3547954273.250854	238.417533	442.986237	197.827789	237.585791	451.947721	239.249276	434.024752	-0.050756	-0.066334	1.329423	1.505376
3547954273.945345	259.434082	454.067710	215.840347	252.221948	459.451492	266.646217	448.683928	-0.056038	-0.056491	1.324536	1.515152
3547954274.613817	275.344354	469.007461	229.070236	272.978247	477.690867	277.710461	460.324055	-0.035142	-0.027709	1.344086	1.544477
3547954277.320726	289.501678	490.777768	139.350189	281.400333	486.857537	297.603023	494.697999	-0.045513	-0.071303	1.334311	1.500489
3547954278.015217	288.697457	491.583268	147.114594	284.068217	499.301437	293.326697	483.865098	-0.050756	-0.066334	1.329423	1.505376
3547954280.115698	289.524570	491.511751	127.713837	281.538850	495.662447	297.510290	487.361054	-0.050756	-0.037181	1.329423	1.534702
3547954280.773163	290.652919	490.682965	160.493179	293.070446	499.352196	288.235391	482.013734	-0.061359	-0.096645	1.319648	1.476051
3547954284.244612	287.191691	499.120219	306.573822	295.869129	496.732317	278.514253	501.508121	-0.045513	-0.061396	1.334311	1.510264
3547954291.090441	258.335370	526.829151	326.267639	262.314741	518.756691	254.356000	534.901611	-0.066719	-0.061396	1.314761	1.510264
3547954292.431388	232.722651	542.007020	330.697693	239.366852	548.077818	226.078449	535.936222	-0.077560	-0.071303	1.304985	1.500489
3547954293.095858	218.482596	548.974513	333.535492	213.958674	541.194145	223.006518	556.754882	-0.061359	-0.061396	1.319648	1.510264
3547954293.770332	203.084799	555.852072	336.369629	205.041970	564.636688	201.127628	547.067456	-0.077560	-0.061396	1.304985	1.510264
3547954294.452813	188.670791	562.034846	337.653046	197.649890	562.647853	179.691692	561.421840	-0.077560	-0.081340	1.304985	1.490714
3547954295.127288	174.543052	568.069407	336.351532	176.340937	576.888002	172.745168	559.250813	-0.061359	-0.061396	1.319648	1.510264
3547954295.789757	159.498213	574.115371	335.411987	153.440086	580.771128	165.556340	567.459614	-0.056038	-0.046774	1.324536	1.524927
3547954296.519270	145.210301	580.296553	333.717148	139.355227	573.461488	151.065375	587.131618	-0.050756	-0.046774	1.329423	1.524927
3547954301.258616	128.944678	570.583806	51.798727	119.951022	570.245920	137.938333	570.921693	-0.061359	-0.046774	1.319648	1.524927
3547954301.966113	118.662698	556.728360	53.392700	118.533329	565.727430	118.792068	547.729290	-0.050756	-0.076306	1.329423	1.495601
3547954302.698629	108.260550	543.140783	51.545937	99.637237	540.564262	116.883864	545.717304	-0.045513	-0.076306	1.334311	1.495601
3547954304.059599	83.026595	515.294852	42.736897	91.554313	512.417698	74.498876	518.172006	-0.066719	-0.066334	1.314761	1.505376
3547954304.703044	68.998714	503.286128	36.555195	77.191074	499.559838	60.806354	507.012417	-0.072119	-0.076306	1.309873	1.495601
3547954305.379521	54.945623	493.573896	30.462362	62.284975	488.364874	47.606271	498.782918	-0.066719	-0.101815	1.314761	1.471163
3547954306.073010	39.414195	485.363220	24.821274	42.172297	476.796256	36.656092	493.930184	-0.077560	-0.086409	1.304985	1.485826
3547954308.758907	20.758548	461.020656	122.422401	19.862626	469.975952	21.654470	452.065360	-0.072119	-0.071303	1.309873	1.500489
3547954309.485419	29.985934	446.378340	121.058243	21.037334	447.338838	38.934534	445.417842	-0.077560	-0.066334	1.304985	1.505376
3547954310.147887	39.650434	428.089302	113.572777	35.530857	420.087485	43.770011	436.091120	-0.072119	-0.086409	1.309873	1.485826
3547954310.844377	45.970789	410.103882	104.032005	49.136604	418.528703	42.804973	401.679061	-0.066719	-0.081340	1.314761	1.490714
3547954312.191328	48.294822	371.862822	81.587921	49.134987	362.902123	47.454656	380.823521	-0.083042	-0.076306	1.300098	1.495601
3547954312.853794	44.684409	353.484230	73.240700	52.179221	358.466980	37.189597	348.501481	-0.083042	-0.096645	1.300098	1.476051
3547954313.533276	38.475640	336.163703	64.268433	29.556582	334.959375	47.394698	337.368030	-0.072119	-0.091510	1.309873	1.480938
3547954314.221760	28.983783	319.498173	54.114697	34.834035	326.337365	23.133530	312.658982	-0.077560	-0.076306	1.304985	1.495601
3547954316.978705	13.941198	306.283086	203.765411	10.123130	314.433078	17.759265	298.133095	-0.111080	-0.081340	1.275660	1.490714
3547954317.630165	21.241048	306.407825	178.621414	17.331489	314.514325	25.150608	298.301325	-0.072119	-0.091510	1.309873	1.480938
3547954318.309643	38.179851	305.158862	176.406418	34.045973	297.164423	42.313729	313.153301	-0.072119	-0.091510	1.309873	1.480938
3547954318.989123	58.166261	301.449130	168.837250	64.677106	295.235524	51.655417	307.662736	-0.083042	-0.091510	1.300098	1.480938
3547954319.705634	77.684583	295.479485	157.642021	72.885708	287.865630	82.483458	303.093341	-0.072119	-0.081340	1.309873	1.490714
3547954321.096610	112.661718	269.068539	127.408287	103.797281	270.624739	121.526155	267.512339	-0.083042	-0.076306	1.300098	1.495601
3547954321.788098	122.666832	251.244922	112.448654	128.104057	244.072992	117.229607	258.416853	-0.077560	-0.101815	1.304985	1.471163
3547954323.165071	129.406153	210.039798	87.883850	130.132062	201.069121	128.680245	219.010476	-0.072119	-0.101815	1.309873	1.471163
3547954323.812532	126.077783	189.184349	74.397915	133.652523	184.323967	118.503043	194.044731	-0.072119	-0.066334	1.309873	1.505376
3547954325.164480	105.908969	156.220913	45.418545	96.990312	155.013625	114.827627	157.428201	-0.072119	-0.081340	1.309873	1.490714
3547954325.841957	91.257196	143.704949	35.998096	100.180998	144.873612	82.333395	142.536287	-0.088565	-0.076306	1.295210	1.495601
3547954326.561465	75.269915	133.598391	28.653078	78.597701	141.960558	71.942129	125.236223	-0.099737	-0.086409	1.285435	1.485826
3547954328.645936	20.499558	111.743980	12.036118	25.051323	103.979868	15.947793	119.508092	-0.083042	-0.076306	1.300098	1.495601
3547954332.756838	12.462638	107.995986	74.711510	18.168633	101.035984	6.756644	114.955988	-0.094130	-0.096645	1.290323	1.476051
3547954334.126807	19.804970	100.598773	142.499313	27.935610	104.457878	11.674330	96.739668	-0.099737	-0.107019	1.285435	1.466276
3547954334.795274	33.328853	91.775485	148.077362	37.019291	99.984058	29.638416	83.566912	-0.111080	-0.101815	1.275660	1.471163
3547954335.519785	48.135880	83.583966	151.872787	40.213838	79.312988	56.057922	87.854944	-0.094130	-0.101815	1.290323	1.471163
3547954336.221280	66.324097	74.383785	152.140671	57.554119	72.362030	75.094074	76.405539	-0.088565	-0.086409	1.295210	1.485826
3547954337.624270	105.025663	50.471536	140.825394	100.350085	58.161723	109.701240	42.781349	-0.088565	-0.117531	1.295210	1.456500
3547954338.280735	120.739930	36.049192	131.961014	120.612833	27.050090	120.867027	45.048295	-0.088565	-0.051617	1.295210	1.520039
3547954339.002244	134.028675	19.218286	124.556255	142.079735	15.195796	125.977615	23.240777	-0.088565	-0.112257	1.295210	1.461388
3547954347.962564	172.093882	31.543411	211.675537	180.445281	34.898129	163.742483	28.188693	-0.099737	-0.107019	1.285435	1.466276
3547954348.636044	181.544187	39.474636	223.661125	186.685576	46.861524	176.402798	32.087747	-0.099737	-0.112257	1.285435	1.461388
3547954349.299506	186.005168	43.964611	224.736893	194.947750	42.949613	177.062585	44.979609	-0.083042	-0.086409	1.300098	1.485826
3547954349.994997	186.007157	43.970740	224.711983	194.972246	43.178793	177.042068	44.762686	-0.088565	-0.081340	1.295210	1.490714
3547954350.699496	186.023973	43.984323	224.793251	194.895184	42.467215	177.152763	45.501432	-0.061359	-0.091510	1.319648	1.480938
3547954351.397988	186.013537	43.979839	224.649231	195.010644	43.751657	177.016430	44.208021	-0.088565	-0.091510	1.295210	1.480938
3547954352.097483	186.008421	43.974066	224.730217	194.957579	43.018789	177.059262	44.929343	-0.088565	-0.112257	1.295210	1.461388
3547954352.783966	186.033480	43.985946	224.747993	194.964245	42.871743	177.102716	45.100149	-0.105387	-0.096645	1.280547	1.476051
3547954353.432422	190.488961	48.831787	229.849113	194.904922	56.673935	186.072999	40.989638	-0.083042	-0.051617	1.300098	1.520039
3547954354.838414	205.899215	75.069465	247.635284	201.190924	82.739667	210.607506	67.399263	-0.088565	-0.096645	1.295210	1.476051
3547954355.507888	211.610056	93.728703	258.783600	203.312796	90.242233	219.907316	97.215173	-0.105387	-0.096645	1.280547	1.476051
3547954356.874852	211.347203	134.793256	282.263275	215.503723	126.810566	207.190682	142.775946	-0.099737	-0.091510	1.285435	1.480938
3547954357.589357	204.746097	154.606022	295.582611	202.320356	145.939086	207.171839	163.272958	-0.105387	-0.091510	1.280547	1.480938
3547954358.889271	178.836877	188.241315	321.546509	170.799510	184.191534	186.874244	192.291097	-0.088565	-0.101815	1.295210	1.471163
3547954359.580760	162.598080	198.329722	334.845337	153.913945	200.693153	171.282215	195.966292	-0.094130	-0.091510	1.290323	1.480938
3547954360.246230	143.779085	204.430187	348.396194	140.942945	212.971634	146.615224	195.888740	-0.088565	-0.061396	1.295210	1.510264
3547954360.939722	125.015505	206.858067	0.750172	118.879621	200.273925	131.151388	213.442210	-0.083042	-0.107019	1.300098	1.466276
3547954361.608191	104.776164	204.030087	14.403950	96.094548	206.402751	113.457781	201.657422	-0.111080	-0.096645	1.275660	1.476051
3547954362.254646	86.746764	196.688651	29.239597	94.146554	201.811454	79.346974	191.565848	-0.094130	-0.076306	1.290323	1.495601
3547954362.933125	71.201782	185.247611	42.299503	80.145396	186.253482	62.258169	184.241739	-0.094130	-0.076306	1.290323	1.495601
3547954364.366138	49.216095	152.573718	67.361290	58.065893	154.211117	40.366297	150.936320	-0.083042	-0.086409	1.300098	1.485826
3547954365.040614	44.054004	133.571766	80.273621	52.934696	132.111183	35.173311	135.032349	-0.088565	-0.091510	1.295210	1.480938
3547954365.729100	43.186304	113.671650	93.251991	50.738995	108.777077	35.633612	118.566223	-0.105387	-0.061396	1.280547	1.510264
3547954366.424588	47.217985	94.808617	108.083939	38.622642	92.140270	55.813328	97.476964	-0.099737	-0.086409	1.285435	1.485826
3547954367.134090	56.093600	76.197638	120.780174	47.225083	74.664860	64.962117	77.730416	-0.083042	-0.107019	1.300098	1.466276
3547954368.498052	86.328031	44.176640	145.274033	80.122713	37.657895	92.533348	50.695385	-0.088565	-0.133567	1.295210	1.441838
3547954369.256586	104.326340	34.632515	157.518356	100.503281	26.484864	108.149399	42.780166	-0.077560	-0.086409	1.304985	1.485826
3547954369.983099	125.195416	27.311290	167.795990	133.846860	29.791717	116.543972	24.830863	-0.088565	-0.091510	1.295210	1.480938
3547954370.694601	150.692931	26.144834	180.764130	159.625430	25.044624	141.760432	27.245044	-0.061359	-0.061396	1.319648	1.510264
3547954371.420112	173.647486	29.424377	196.200851	164.746791	28.091098	182.548181	30.757656	-0.077560	-0.112257	1.304985	1.461388
3547954372.134617	193.626000	38.269752	211.987152	202.603737	38.902398	184.648263	37.637106	-0.105387	-0.086409	1.280547	1.485826
3547954372.845118	211.768464	54.068382	229.219604	210.720910	63.007209	212.816017	45.129555	-0.099737	-0.086409	1.285435	1.485826
3547954377.900690	227.246416	80.712544	244.744797	229.901198	72.113002	224.591633	89.312086	-0.088565	-0.101815	1.295210	1.471163
3547954378.586169	236.191707	98.667670	240.231659	227.236830	97.767566	245.146583	99.567774	-0.077560	-0.122840	1.304985	1.451613
3547954379.961139	262.105077	129.936936	214.404572	255.799465	123.515156	268.410690	136.358715	-0.077560	-0.107019	1.304985	1.466276
3547954380.676648	283.166369	138.905340	190.732086	276.088177	144.464045	290.244560	133.346635	-0.088565	-0.086409	1.295210	1.485826
3547954382.739103	289.852150	143.584606	347.998138	283.926854	150.358886	295.777446	136.810326	-0.083042	-0.096645	1.300098	1.476051
3547954383.451602	286.019688	142.361435	25.551750	282.357990	134.140002	289.681386	150.582868	-0.083042	-0.091510	1.300098	1.480938
3547954389.735033	221.835760	103.756536	30.652380	228.059150	97.255042	215.612370	110.258029	-0.094130	-0.081340	1.290323	1.490714
3547954390.405509	206.585958	94.732447	30.727598	212.303181	87.781666	200.868735	101.683228	-0.066719	-0.066334	1.314761	1.505376
3547954391.116008	190.496676	84.838612	31.099576	193.296579	76.285218	187.696774	93.392006	-0.083042	-0.101815	1.300098	1.471163
3547954391.765473	173.072442	74.554733	29.876952	182.067885	74.268383	164.076998	74.841082	-0.072119	-0.046774	1.309873	1.524927
3547954393.129430	135.270522	56.538426	18.591146	137.570410	47.837247	132.970633	65.239605	-0.083042	-0.096645	1.300098	1.476051
3547954394.575448	94.014715	47.595670	8.363338	86.157191	51.984212	101.872240	43.207127	-0.088565	-0.081340	1.295210	1.490714
3547954395.970436	52.572673	45.091300	0.013898	52.447592	36.092169	52.697754	54.090431	-0.099737	-0.081340	1.285435	1.490714
3547954396.671933	32.994294	45.850404	357.239655	40.054898	40.269375	25.933691	51.431432	-0.061359	-0.091510	1.319648	1.480938
3547954399.432878	13.406477	46.084047	340.615692	4.679868	43.882616	22.133086	48.285479	-0.099737	-0.107019	1.285435	1.466276
3547954400.112355	13.929147	45.967549	358.974060	7.272615	39.910273	20.585678	52.024824	-0.099737	-0.091510	1.285435	1.480938
3547954400.826863	14.983252	46.291059	44.846832	8.136110	40.450114	21.830395	52.132004	-0.105387	-0.091510	1.280547	1.480938
3547954401.476317	14.690044	45.552470	100.984299	10.748359	37.461542	18.631729	53.643398	-0.088565	-0.096645	1.295210	1.476051
3547954402.183817	16.325454	44.817263	148.360077	22.159281	51.670471	10.491626	37.964055	-0.099737	-0.091510	1.285435	1.480938
3547954402.851287	27.421610	38.436586	152.384079	18.422885	38.588096	36.420335	38.285075	-0.072119	-0.096645	1.309873	1.476051
3547954403.531768	42.874052	31.072725	153.568756	39.625523	39.466000	46.122582	22.679451	-0.088565	-0.091510	1.295210	1.480938
3547954404.252282	61.573483	22.302428	152.839386	53.558119	26.395585	69.588847	18.209271	-0.083042	-0.122840	1.300098	1.451613
3547954406.357761	90.308289	20.224166	254.214401	88.041532	28.934035	92.575046	11.514297	-0.083042	-0.086409	1.300098	1.485826
3547954407.081271	94.134822	35.769822	258.146820	89.536791	28.033019	98.732853	43.506624	-0.083042	-0.086409	1.300098	1.485826
3547954407.716720	98.502278	57.641076	259.376495	89.673026	59.385871	107.331530	55.896282	-0.088565	-0.086409	1.295210	1.485826
3547954408.401204	103.101941	78.531003	256.123596	112.070363	77.777730	94.133520	79.284275	-0.099737	-0.107019	1.285435	1.466276
3547954409.084693	108.849489	99.606503	252.343704	101.198035	94.867805	116.500942	104.345201	-0.099737	-0.086409	1.285435	1.485826
3547954410.491677	127.615625	140.334143	236.667526	135.413809	144.827285	119.817440	135.841002	-0.072119	-0.101815	1.309873	1.471163
3547954411.183167	142.205201	160.041501	229.893166	146.962230	167.681571	137.448172	152.401430	-0.099737	-0.091510	1.285435	1.480938
3547954412.547129	178.940774	193.269262	213.250252	182.262743	184.904782	175.618806	201.633742	-0.088565	-0.096645	1.295210	1.476051
3547954413.198592	199.651710	204.879200	205.036926	206.313728	210.930441	192.989692	198.827959	-0.088565	-0.096645	1.295210	1.476051
3547954413.890076	221.505274	213.410159	196.135010	212.711587	211.494156	230.298961	215.326163	-0.111080	-0.096645	1.275660	1.476051
3547954414.577560	244.059787	217.817718	185.585007	246.120698	226.578576	241.998875	209.056859	-0.099737	-0.091510	1.285435	1.480938
3547954415.293064	268.538443	218.362151	177.349228	259.640524	217.010472	277.436362	219.713831	-0.088565	-0.096645	1.295210	1.476051
3547954415.957534	290.920398	216.105919	183.911957	281.994932	217.261797	299.845864	214.950042	-0.094130	-0.091510	1.290323	1.480938
3547954417.354519	291.014796	215.862905	205.748062	300.011694	216.099188	282.017898	215.626622	-0.088565	-0.117531	1.295210	1.456500
3547954418.055013	290.915437	215.711743	163.245972	291.964662	206.773112	289.866212	224.650374	-0.122599	-0.101815	1.265885	1.471163
3547954418.751506	290.976611	215.710608	180.060501	298.499461	220.650925	283.453761	210.770292	-0.099737	-0.076306	1.285435	1.495601
3547954419.445998	291.320925	215.914532	216.776001	291.375896	224.914364	291.265955	206.914700	-0.088565	-0.076306	1.295210	1.495601
3547954420.093451	291.761752	216.839471	274.722656	300.636990	218.332841	282.886514	215.346102	-0.083042	-0.071303	1.300098	1.500489
3547954420.784939	289.945151	218.288811	321.938934	280.969990	217.620612	298.920311	218.957009	-0.116817	-0.056491	1.270772	1.515152
3547954421.472425	279.871594	226.046223	323.618652	280.183013	235.040833	279.560175	217.051612	-0.099737	-0.051617	1.285435	1.520039
3547954422.825379	253.781942	246.821797	317.267914	253.485497	255.816913	254.078386	237.826680	0.028762	0.112901	1.407625	1.705767
3547954423.523872	253.400769	247.154495	316.051605	244.862030	249.998777	261.939508	244.310212	0.152429	0.175440	1.549365	1.788856
3547954424.238375	253.407486	247.159176	316.028503	244.805324	249.805457	262.009649	244.512896	0.283891	0.251352	1.735093	1.901271
3547954424.901844	253.402248	247.170234	316.111938	245.050546	250.524199	261.753950	243.816270	0.455817	0.301933	2.057674	1.984360
3547954425.580323	253.410667	247.162278	316.031708	244.817028	249.836109	262.004306	244.488447	0.566090	0.318789	2.336266	2.013685
3547954426.275815	253.410229	247.154696	315.998840	244.733366	249.544683	262.087093	244.764708	0.620176	0.361426	2.502444	2.091887
3547954426.949289	253.403986	247.167348	316.028870	244.802793	249.816778	262.005178	244.517917	0.651503	0.393791	2.609971	2.155425
3547954427.635773	253.417122	247.176582	316.092163	245.000732	250.364743	261.833513	243.988420	0.675277	0.431097	2.697947	2.233627
3547954428.352277	253.392386	247.142072	316.008453	244.738898	249.615359	262.045874	244.668786	0.681608	0.484429	2.722385	2.355816
3547954429.026754	253.393660	247.157453	315.933197	244.578710	248.973124	262.208610	245.341782	0.689057	0.494439	2.751711	2.380254
3547954429.726248	253.399067	247.161819	316.046692	244.846457	249.964113	261.951678	244.359524	0.682861	0.515752	2.727273	2.434018
3547954430.414735	253.394587	247.142532	315.970673	244.653853	249.287196	262.135320	244.997868	0.679090	0.539757	2.712610	2.497556
3547954431.117228	253.412570	247.152326	315.978088	244.687981	249.361750	262.137159	244.942902	0.681608	0.545125	2.722385	2.512219
3547954431.800713	251.360255	249.126698	316.552734	245.237873	255.723397	257.482636	242.529999	0.671423	0.553932	2.683284	2.536657
3547954432.511211	247.656751	252.301507	322.130035	238.718059	253.350215	256.595443	251.252799	0.666218	0.562571	2.663734	2.561095
3547954433.225717	236.097578	259.711444	327.726135	228.521913	254.852505	243.673244	264.570383	0.656924	0.560857	2.629521	2.556207
3547954433.936218	223.102914	267.028916	327.753784	215.395816	262.381266	230.810012	271.676565	0.644612	0.557408	2.585533	2.546432
3547954434.609693	209.836251	276.249382	325.165955	218.835696	276.149349	200.836807	276.349414	0.624606	0.552184	2.517107	2.531769
3547954435.293175	197.127231	284.965830	323.086823	192.834369	292.876034	201.420094	277.055625	0.601927	0.526985	2.443793	2.463343
3547954436.022691	185.907148	295.518459	319.425181	193.563230	290.787244	178.251065	300.249674	0.597227	0.508112	2.429130	2.414467
3547954436.697165	174.454704	305.161476	317.907471	179.585494	312.555730	169.323914	297.767222	0.567791	0.517643	2.341153	2.438905
3547954437.414671	162.081294	315.381116	318.737595	171.000541	316.584043	153.162047	314.178189	0.559217	0.482403	2.316716	2.350929
3547954438.131182	149.908544	326.100284	317.178253	148.807863	335.032725	151.009225	317.167843	0.532375	0.465879	2.243402	2.311828
3547954438.804658	138.770310	337.020040	314.849335	133.040993	330.079223	144.499626	343.960857	0.528663	0.448787	2.233627	2.272727
3547954439.469123	128.188278	347.609898	314.596832	124.374646	339.457830	132.001909	355.761966	0.507652	0.446610	2.179863	2.267840
3547954440.183625	118.828207	357.475324	317.537323	120.936614	366.224874	116.719800	348.725775	0.485579	0.417418	2.126100	2.204301
3547954441.567603	94.673921	377.737757	320.339417	95.599589	368.785487	93.748253	386.690027	0.437904	0.384038	2.018573	2.135875
3547954442.242078	83.037631	387.807135	316.030121	74.439760	390.467326	91.635502	385.146945	0.440181	0.374104	2.023460	2.116325
3547954442.948575	70.524389	400.244115	313.685730	74.628708	392.234460	66.420069	408.253769	0.424007	0.356272	1.989247	2.082111
3547954443.622050	59.625955	412.188459	310.259979	53.440725	418.726267	65.811185	405.650651	0.407267	0.351069	1.955034	2.072336
3547954445.032046	40.385961	439.130465	303.109802	31.399025	438.645700	49.372896	439.615230	0.369346	0.313225	1.881720	2.003910
3547954445.744553	31.451665	453.381420	300.921753	37.048590	446.333411	25.854740	460.429429	0.356041	0.310423	1.857283	1.999022
3547954446.403013	23.488028	467.334660	297.913849	18.880478	475.065797	28.095577	459.603522	0.345142	0.293317	1.837732	1.969697
3547954447.124526	16.699353	480.793054	289.513580	12.487115	472.839624	20.911591	488.746484	0.325499	0.275695	1.803519	1.940371
3547954447.825016	16.881391	483.002671	214.989090	8.079125	481.126472	25.683656	484.878870	0.286972	0.263647	1.739980	1.920821
3547954448.504496	20.674365	482.287608	167.084122	25.604405	489.817197	15.744325	474.758020	0.299123	0.254450	1.759531	1.906158
3547954449.259028	35.058007	479.502179	167.895645	43.913305	481.109565	26.202708	477.894793	0.293081	0.235623	1.749756	1.876833
3547954450.629004	74.884154	467.133134	152.943253	67.336365	472.035264	82.431943	462.231004	0.255365	0.222742	1.691105	1.857283
3547954451.313477	92.791150	456.736515	145.314102	86.329680	450.471581	99.252620	463.001449	0.248823	0.209587	1.681329	1.837732
3547954452.011971	109.955396	442.874954	135.831604	116.044693	449.502206	103.866098	436.247703	0.221877	0.171923	1.642229	1.783969
3547954452.696452	123.766962	426.679778	126.292728	118.471771	419.402350	129.062152	433.957207	0.221877	0.182418	1.642229	1.798631
3547954453.400950	134.027196	410.276140	115.474827	127.800200	416.774180	140.254192	403.778101	0.207917	0.175440	1.622678	1.788856
3547954454.105446	141.407506	389.113462	100.894520	138.207115	380.701715	144.607897	397.525210	0.200810	0.168386	1.612903	1.779081
3547954455.506436	140.631403	346.307506	76.305458	133.541173	340.764165	147.721633	351.850848	0.175242	0.143073	1.578690	1.744868
3547954456.184920	134.845276	327.981382	67.161339	143.193530	331.343918	126.497021	324.618847	0.175242	0.154042	1.578690	1.759531
3547954456.856390	125.134339	308.177540	55.530968	132.792458	303.449621	117.476221	312.905459	0.171499	0.150406	1.573803	1.754643
3547954457.589905	111.273811	292.807234	44.858109	104.361241	287.043869	118.186381	298.570599	0.171499	0.135657	1.573803	1.735093
3547954458.248373	94.635944	279.508987	31.235172	96.253888	270.655612	93.017999	288.362363	0.148542	0.124376	1.544477	1.720430
3547954458.946863	77.101519	270.477999	20.442726	68.103771	270.679347	86.099266	270.276650	0.136733	0.105140	1.529814	1.695992
3547954459.661368	58.046495	264.598583	10.754455	66.786136	266.747693	49.306855	262.449472	0.116541	0.112901	1.505376	1.705767
3547954461.051347	18.184644	261.542480	354.645172	15.058038	269.981931	21.311251	253.103029	0.140695	0.112901	1.534702	1.705767
3547954461.747838	14.200296	263.319491	280.815277	22.632006	266.466914	5.768586	260.172069	0.116541	0.085342	1.505376	1.671554
3547954462.399301	15.582031	265.224974	223.864700	22.110672	271.419879	9.053391	259.030069	0.104108	0.085342	1.490714	1.671554
3547954463.068771	25.303858	272.973511	216.825119	25.800638	281.959790	24.807077	263.987232	0.112424	0.089348	1.500489	1.676442
3547954464.446742	54.945268	292.801820	208.825180	45.982287	291.986357	63.908248	293.617282	0.091428	0.077259	1.476051	1.661779
3547954465.086194	72.840319	301.819712	202.954750	64.302947	304.668095	81.377690	298.971328	0.078494	0.097290	1.461388	1.686217
3547954467.171666	135.538606	315.851866	183.296677	127.582807	311.644103	143.494405	320.059629	0.069726	0.039680	1.451613	1.617791
3547954467.855147	157.446303	316.044799	176.743220	150.902755	309.865643	163.989851	322.223956	0.065297	0.056631	1.446725	1.637341
3547954468.569652	180.276074	313.678404	169.691956	179.862649	304.687904	180.689498	322.668903	0.074124	0.043956	1.456500	1.622678
3547954469.275149	203.114073	307.158150	159.415756	196.623672	313.393107	209.604475	300.923193	0.078494	0.124376	1.461388	1.720430
3547954469.962633	224.202193	295.747028	147.148163	219.834607	303.616220	228.569780	287.877836	0.178962	0.248239	1.583578	1.896383
3547954470.703156	243.282230	279.196849	132.329697	239.920513	270.848265	246.643946	287.545433	0.248823	0.343171	1.681329	2.057674
3547954471.398648	258.237404	261.147590	123.500809	265.705333	266.170541	250.769475	256.124639	0.290035	0.388937	1.744868	2.145650
3547954472.149178	268.483908	247.615478	122.550323	268.737764	256.611897	268.230051	238.619059	0.328351	0.388937	1.808407	2.145650
3547954473.513138	286.180028	226.221655	147.022644	280.861661	233.482163	291.498394	218.961146	0.331187	0.410440	1.813294	2.189638
3547954474.191620	290.749000	225.371780	189.972458	281.788647	224.527942	299.709354	226.215618	0.350620	0.415102	1.847507	2.199413
3547954475.584602	291.299736	225.215462	260.513367	289.170699	233.960015	293.428774	216.470910	0.394947	0.388937	1.930596	2.145650
3547954477.659064	281.067464	220.682907	22.273411	283.574226	229.326757	278.560703	212.039057	0.394947	0.363986	1.930596	2.096774
3547954478.375568	267.499472	214.689007	25.383106	265.269653	205.969608	269.729290	223.408405	0.394947	0.353676	1.930596	2.077224
3547954479.070059	252.578668	207.548896	24.702791	256.330096	199.368016	248.827240	215.729775	0.384864	0.348449	1.911046	2.067449
3547954479.760548	236.637535	199.984479	23.475939	245.604269	200.757580	227.670802	199.211378	0.361405	0.329756	1.867058	2.033236
3547954480.424016	221.667163	193.041284	23.791306	230.431471	190.995089	212.902856	195.087478	0.361405	0.318789	1.867058	2.013685
3547954481.167538	206.096526	185.830288	23.028273	213.845029	190.408573	198.348023	181.252002	0.350620	0.301933	1.847507	1.984360
3547954483.933491	137.689354	164.993529	8.921670	133.349998	172.878323	142.028711	157.108735	0.290035	0.254450	1.744868	1.906158
3547954484.638988	120.057251	163.937066	3.913951	126.337688	170.383469	113.776814	157.490663	0.283891	0.232428	1.735093	1.871945
3547954485.318467	101.145908	163.436950	0.178471	99.548183	154.579903	102.743633	172.293997	0.261832	0.212902	1.700880	1.842620
3547954486.018964	82.672952	164.181517	355.749542	88.804884	170.769339	76.541019	157.593694	0.252104	0.216199	1.686217	1.847507
3547954486.722457	64.911711	166.104620	351.277771	69.848489	158.579448	59.974933	173.629793	0.235508	0.196148	1.661779	1.818182
3547954487.377923	46.585332	169.312804	348.590851	45.454922	178.241532	47.715742	160.384077	0.221877	0.202903	1.642229	1.827957
3547954489.473399	15.992841	181.562015	235.825592	17.835016	190.371464	14.150666	172.752566	0.182660	0.154042	1.588465	1.759531
3547954490.185904	23.317821	185.258511	206.724487	28.551735	177.936889	18.083907	192.580132	0.160128	0.128158	1.559140	1.725318
3547954490.899405	39.040403	192.668505	204.398209	40.781531	201.498481	37.299276	183.838529	0.140695	0.135657	1.534702	1.735093
3547954491.579886	56.997662	200.567027	202.027420	49.596710	195.445902	64.398614	205.688151	0.136733	0.116748	1.529814	1.710655
3547954492.232345	77.099343	207.630867	195.510391	71.086481	200.934190	83.112205	214.327545	0.132747	0.143073	1.524927	1.744868
3547954492.941846	97.734885	211.567491	186.189606	104.410413	217.603824	91.059357	205.531157	0.128735	0.116748	1.520039	1.710655
3547954493.642340	120.296883	212.034979	177.027893	112.281313	207.942226	128.312454	216.127732	0.120632	0.112901	1.510264	1.705767
3547954494.338831	141.433384	208.387152	167.864105	150.233590	210.272988	132.633179	206.501317	0.112424	0.097290	1.500489	1.686217
3547954495.022314	162.777418	201.552920	157.271492	161.061259	192.718058	164.493578	210.387783	0.099909	0.097290	1.485826	1.686217
3547954495.746826	182.078382	191.814631	150.237732	186.849258	184.183200	177.307505	199.446062	0.082834	0.085342	1.466276	1.671554
3547954497.101780	218.286901	165.591967	138.350601	217.204805	156.657255	219.368997	174.526678	0.078494	0.077259	1.461388	1.661779
3547954497.778260	233.007182	150.579715	129.936829	241.152757	154.407197	224.861608	146.752234	0.060839	0.064956	1.441838	1.647116
3547954498.527788	245.162096	133.588913	119.856895	241.035052	125.590944	249.289140	141.586882	0.074124	0.077259	1.456500	1.661779
3547954499.909761	258.940432	92.079181	95.957329	250.026929	93.323953	267.853935	90.834408	0.069726	0.052432	1.451613	1.632454
3547954501.335769	256.609200	47.626463	77.525299	248.966169	52.378732	264.252232	42.874193	0.014532	0.039680	1.392962	1.617791
3547954502.037266	250.726586	25.578299	72.542847	253.267501	34.212171	248.185671	16.944426	0.051830	0.048207	1.432063	1.627566
3547954506.886684	253.367649	23.373774	252.445847	245.272895	19.439953	261.462404	27.307595	0.069726	0.039680	1.451613	1.617791
3547954507.574169	257.750195	38.664282	254.664185	259.495679	47.493398	256.004710	29.835167	0.056350	0.043956	1.436950	1.622678
3547954508.295678	262.990190	57.099665	252.209152	256.043573	51.377383	269.936807	62.821948	0.056350	0.035378	1.436950	1.612903
3547954508.940133	269.491628	76.473295	248.840591	274.972432	83.611977	264.010823	69.334612	0.051830	0.043956	1.432063	1.622678
3547954509.633621	277.687934	95.967594	244.484894	282.463524	88.339112	272.912344	103.596077	0.056350	0.043956	1.436950	1.622678
3547954512.423597	270.563510	125.630298	352.066406	268.704724	116.824339	272.422297	134.436257	0.078494	0.035378	1.461388	1.612903
3547954513.838591	235.300688	128.338803	355.619537	240.526836	135.665971	230.074540	121.011636	0.047280	0.035378	1.427175	1.612903
3547954514.524072	214.547423	129.438571	355.607117	219.682162	136.830084	209.412684	122.047059	0.038085	0.035378	1.417400	1.612903
3547954515.226567	193.918286	130.700430	354.600494	190.417870	138.991816	197.418703	122.409044	0.047280	0.031050	1.427175	1.608016
3547954515.934067	173.606227	133.111314	352.064743	171.762089	124.302276	175.450365	141.920352	0.028762	0.026695	1.407625	1.603128
3547954516.650576	152.396259	136.754847	347.132935	143.397026	136.637367	161.395492	136.872326	0.033439	0.022314	1.412512	1.598240
3547954517.312041	131.587159	142.886848	339.422394	130.416996	133.963243	132.757322	151.810453	0.038085	0.022314	1.417400	1.598240
3547954518.008531	112.210989	152.758356	330.522095	117.692466	159.896521	106.729511	145.620190	0.042698	0.022314	1.422287	1.598240
3547954518.686007	94.267682	164.461998	322.841309	88.180937	171.091595	100.354426	157.832402	0.028762	0.009008	1.407625	1.583578
3547954520.093001	65.898118	196.150320	299.834717	74.740576	197.826903	57.055660	194.473738	0.019309	-0.004546	1.397849	1.568915
3547954520.788494	56.340122	216.021923	292.363922	58.091131	224.849944	54.589113	207.193901	0.024052	0.031050	1.402737	1.608016
3547954522.134441	44.637216	255.340405	281.730255	52.273427	250.577184	37.001004	260.103627	0.014532	0.004518	1.392962	1.578690
3547954522.866964	41.635770	276.092887	275.705231	47.802862	269.537967	35.468678	282.647807	0.009722	0.009008	1.388074	1.583578
3547954523.544435	40.227029	295.070589	271.516556	31.466518	293.008200	48.987540	297.132977	0.019309	0.009008	1.397849	1.583578
3547954525.608892	45.223694	352.189543	258.527740	38.078887	346.716726	52.368502	357.662360	-0.004913	-0.000000	1.373412	1.573803
3547954526.281367	50.625727	372.013625	250.884720	54.481092	363.881211	46.770362	380.146039	0.000000	-0.004546	1.378299	1.568915
3547954526.936829	60.230715	393.429076	240.665512	51.727107	396.376726	68.734324	390.481425	0.004878	-0.004546	1.383187	1.568915
3547954527.623314	73.221434	412.451665	230.662781	81.954241	414.628378	64.488627	410.274951	-0.014845	-0.018357	1.363636	1.554252
3547954528.316802	89.832285	429.059780	219.146622	96.064235	422.566491	83.600334	435.553068	-0.004913	-0.009121	1.373412	1.564027
3547954529.018298	110.527094	442.990243	207.224014	111.614339	434.056157	109.439848	451.924330	0.004878	-0.013724	1.383187	1.559140
3547954529.694774	131.111119	451.679085	196.599930	122.391774	453.909112	139.830464	449.449058	-0.014845	-0.013724	1.363636	1.559140
3547954530.350240	154.048775	457.020694	188.390976	154.988310	448.069869	153.109241	465.971520	-0.024920	-0.009121	1.353861	1.564027
3547954531.021712	177.386140	458.746932	177.867599	168.987455	461.981446	185.784826	455.512419	-0.019864	-0.023018	1.358749	1.549365
3547954531.713200	200.150957	455.534168	165.579773	192.965333	460.953283	207.336581	450.115052	0.000000	-0.009121	1.378299	1.564027
3547954532.383677	223.718818	446.094541	150.697586	224.607121	437.138486	222.830515	455.050596	0.000000	-0.000000	1.378299	1.573803
3547954533.058148	243.914139	431.397581	136.508881	252.812540	432.746082	235.015738	430.049080	0.056350	0.069081	1.436950	1.652004
3547954533.764646	258.898348	413.184369	121.478180	251.118848	417.709786	266.677847	408.658953	0.104108	0.089348	1.490714	1.676442
3547954534.488155	269.771786	391.599231	110.753357	276.213012	397.884978	263.330560	385.313485	0.120632	0.112901	1.510264	1.705767
3547954535.855121	277.788445	343.196754	85.997681	286.091540	346.669307	269.485351	339.724201	0.178962	0.161253	1.583578	1.769306
3547954536.522591	273.750218	320.824350	75.445408	273.325718	311.834366	274.174718	329.814333	0.167732	0.164829	1.568915	1.774194
3547954537.230090	266.296248	298.783772	66.478676	270.652328	306.659340	261.940169	290.908204	0.193616	0.168386	1.603128	1.779081
3547954537.954603	255.488363	277.589593	58.128944	246.488768	277.674915	264.487959	277.504272	0.204374	0.196148	1.617791	1.818182
3547954538.649094	242.030899	258.805595	50.427904	240.575523	249.924048	243.486276	267.687142	0.193616	0.209587	1.603128	1.837732
3547954539.353590	226.814320	243.253615	43.021202	234.192692	238.100012	219.435948	248.407219	0.200810	0.241964	1.612903	1.886608
3547954540.737566	195.004297	218.968725	28.836340	199.800260	226.584415	190.208334	211.353034	0.186334	0.251352	1.593353	1.901271
3547954541.386023	177.696559	210.215216	24.847427	180.229687	201.579056	175.163431	218.851376	0.204374	0.251352	1.617791	1.901271
3547954542.070505	162.278609	202.374684	25.182890	161.827460	193.385998	162.729758	211.363369	0.182660	0.241964	1.588465	1.886608
3547954542.757992	146.801726	193.952774	29.565278	155.451593	196.438696	138.151860	191.466852	0.175242	0.248239	1.578690	1.896383
3547954543.466490	132.165664	184.354280	35.840675	140.795908	186.907491	123.535420	181.801069	0.175242	0.235623	1.578690	1.876833
3547954544.861478	106.352332	160.568702	48.865479	115.221385	159.039032	97.483278	162.098371	0.160128	0.219479	1.559140	1.852395
3547954545.550961	94.458408	146.564308	50.256821	94.536363	137.564646	94.380453	155.563971	0.140695	0.219479	1.534702	1.852395
3547954546.214429	82.440600	132.404143	50.174698	83.256540	123.441206	81.624661	141.367080	0.132747	0.199535	1.524927	1.823069
3547954547.605411	62.074831	105.014560	56.117634	65.835124	96.837752	58.314537	113.191368	0.128735	0.171923	1.520039	1.783969
3547954548.298900	53.672186	90.782770	62.397324	57.461039	82.619156	49.883333	98.946384	0.116541	0.161253	1.505376	1.769306
3547954548.957366	46.156248	74.991500	66.753403	52.485488	81.389994	39.827009	68.593006	0.112424	0.168386	1.500489	1.779081
3547954550.465428	32.793059	42.414629	67.501549	41.784858	42.798752	23.801260	42.030506	0.099909	0.154042	1.485826	1.759531
3547954551.171930	26.049787	25.346048	68.946991	27.555105	16.472829	24.544469	34.219267	0.099909	0.139376	1.485826	1.739980
3547954554.047956	23.898672	15.012910	273.527618	25.766515	23.816953	22.030830	6.208868	0.082834	0.105140	1.466276	1.695992
3547954554.732438	21.445208	27.477643	281.904358	28.140871	21.463651	14.749546	33.491635	0.056350	0.089348	1.436950	1.676442
3547954555.417924	17.418294	44.007344	285.137970	11.303583	50.611153	23.533006	37.403534	0.069726	0.093330	1.451613	1.681329
3547954560.223314	24.865403	70.513975	225.119415	32.782809	66.234410	16.947997	74.793541	0.042698	0.048207	1.422287	1.627566
3547954560.939818	37.514644	84.715055	229.806961	41.596216	92.736325	33.433073	76.693784	0.028762	0.043956	1.407625	1.622678
3547954561.615296	50.953549	101.568087	232.357071	52.037977	92.633658	49.869121	110.502515	0.024052	0.031050	1.402737	1.608016
3547954562.988264	76.022811	138.988949	237.644547	84.109922	135.039439	67.935700	142.938459	0.024052	0.035378	1.402737	1.612903
3547954563.674750	88.797406	159.340979	238.272095	93.024675	151.395527	84.570138	167.286430	0.009722	0.043956	1.388074	1.622678
3547954565.146785	112.502140	199.910348	243.237518	121.252854	202.013920	103.751427	197.806777	0.009722	0.031050	1.388074	1.608016
3547954565.854284	122.683268	221.653729	244.681641	125.875510	213.238885	119.491025	230.068572	0.019309	0.035378	1.397849	1.612903
3547954566.533763	132.737671	241.854044	243.728317	141.446898	239.584822	124.028444	244.123265	0.019309	0.052432	1.397849	1.632454
3547954567.229255	143.036087	261.626264	241.995488	143.870574	270.587494	142.201600	252.665035	0.028762	0.048207	1.407625	1.627566
3547954567.956769	152.507415	279.662111	241.290482	147.335739	287.027827	157.679090	272.296396	0.056350	0.069081	1.436950	1.652004
3547954568.727312	165.240407	301.610454	237.128199	174.223089	302.168510	156.257725	301.052397	0.060839	0.112901	1.441838	1.705767
3547954569.420801	178.433836	321.445906	234.984756	173.097466	328.693192	183.770205	314.198619	0.087145	0.154042	1.471163	1.759531
3547954570.100281	191.555870	339.925095	235.227936	188.121582	348.244089	194.990158	331.606101	0.078494	0.202903	1.461388	1.827957
3547954570.799773	203.526718	358.200906	238.062134	209.317156	351.310998	197.736280	365.090814	0.091428	0.189320	1.476051	1.808407
3547954571.482256	214.078053	375.374594	240.465149	205.157908	376.570842	222.998199	374.178346	0.112424	0.212902	1.500489	1.842620
3547954572.169743	223.406312	393.413078	244.167603	230.323566	387.655335	216.489058	399.170820	0.099909	0.235623	1.485826	1.876833
3547954572.854223	232.892913	410.287744	236.649063	240.606815	414.924091	225.179011	405.651397	0.104108	0.266682	1.490714	1.925709
3547954574.252209	260.051146	437.604582	216.699127	259.414785	446.582056	260.687508	428.627108	0.171499	0.304777	1.573803	1.989247
3547954574.952704	279.244470	449.830385	206.718765	284.520193	442.538832	273.968747	457.121938	0.214939	0.316014	1.632454	2.008798
3547954575.666207	289.394618	456.415162	246.516296	280.438444	455.528063	298.350792	457.302262	0.258608	0.329756	1.695992	2.033236
3547954576.350691	289.662153	459.636242	296.395996	281.698022	455.444271	297.626284	463.828213	0.283891	0.340514	1.735093	2.052786
3547954577.053186	283.244957	468.855365	308.349426	279.142153	460.844935	287.347761	476.865796	0.308060	0.351069	1.774194	2.072336
3547954578.463180	262.793210	493.414311	310.296478	256.850670	500.173470	268.735749	486.655153	0.322632	0.353676	1.798631	2.077224
3547954579.122645	251.785985	505.988465	311.096741	252.496856	514.960347	251.075114	497.016583	0.328351	0.351069	1.808407	2.072336
3547954579.826143	240.541373	518.409468	309.275421	231.673335	516.873920	249.409410	519.945015	0.325499	0.351069	1.803519	2.072336
3547954581.325202	219.653708	545.735055	304.489380	217.469763	554.466056	221.837654	537.004054	0.313937	0.371592	1.783969	2.111437
3547954582.002695	209.060734	561.569551	302.658386	201.185491	557.212883	216.935976	565.926219	0.308060	0.307607	1.774194	1.994135
3547954582.673150	200.146757	575.778356	300.851318	206.225817	569.141714	194.067696	582.414998	0.290035	0.321550	1.744868	2.018573
3547954584.698580	191.359550	575.892639	56.731808	189.720489	567.043148	192.998611	584.742129	0.258608	0.310423	1.695992	1.999022
3547954585.406078	183.861869	562.968486	61.871048	191.238746	557.812744	176.484991	568.124228	0.255365	0.269702	1.691105	1.930596
3547954586.099568	175.539580	547.459021	63.191364	172.373229	539.034400	178.705931	555.883641	0.248823	0.263647	1.681329	1.920821
3547954587.532580	157.359043	512.534238	61.193754	166.338668	513.139504	148.379419	511.928972	0.218418	0.222742	1.637341	1.857283
3547954588.220064	146.761983	494.387693	58.795027	139.738786	500.015721	153.785180	488.759664	0.207917	0.229216	1.622678	1.867058
3547954589.598036	123.737012	462.391176	48.861414	132.612210	460.897568	114.861814	463.884784	0.197224	0.196148	1.608016	1.818182
3547954590.288523	109.863120	447.780489	43.668823	112.638406	439.219077	107.087834	456.341902	0.182660	0.189320	1.588465	1.808407
3547954590.965000	94.996365	434.878104	38.817623	86.901308	430.944907	103.091423	438.811302	0.163942	0.182418	1.564027	1.798631
3547954593.130528	45.681866	405.150454	23.531876	54.677798	405.421037	36.685935	404.879871	0.148542	0.178939	1.544477	1.793744
3547954593.814013	26.533668	397.959807	16.713604	34.134216	402.779732	18.933121	393.139882	0.124696	0.192744	1.515152	1.813294
3547954594.500494	15.363104	394.284091	48.263840	23.540617	398.042852	7.185591	390.525331	0.116541	0.131918	1.505376	1.730205
3547954595.160962	15.070513	392.940247	111.694855	23.943328	391.432549	6.197698	394.447944	0.108280	0.120573	1.495601	1.715543
3547954595.806417	19.507318	386.646262	128.521774	16.989647	395.286941	22.024988	378.005583	0.108280	0.116748	1.495601	1.710655
3547954596.468885	29.262900	375.463617	130.068542	37.840596	378.188160	20.685204	372.739074	0.099909	0.105140	1.485826	1.695992
3547954597.840851	55.487494	347.440311	134.606232	51.313511	355.413884	59.661477	339.466738	0.069726	0.093330	1.451613	1.681329
3547954598.568366	70.852563	332.783246	135.784592	76.623684	339.689342	65.081441	325.877151	0.082834	0.120573	1.466276	1.715543
3547954599.305887	88.271369	316.381583	133.854462	79.776938	319.355578	96.765799	313.407587	0.060839	0.089348	1.441838	1.676442
3547954599.985364	106.145435	296.950797	127.423195	97.305182	298.638969	114.985688	295.262625	0.069726	0.085342	1.451613	1.671554
3547954600.647832	120.654317	274.438594	119.946026	115.831736	266.839731	125.476897	282.037457	0.074124	0.085342	1.456500	1.671554
3547954601.378349	132.405361	253.426521	113.164230	131.803757	244.446651	133.006965	262.406392	0.078494	0.056631	1.461388	1.637341
3547954602.749315	142.752830	208.103641	91.262257	144.151762	216.994253	141.353898	199.213028	0.056350	0.097290	1.436950	1.686217
3547954603.456817	141.614266	184.339481	83.744175	133.681629	188.590747	149.546904	180.088216	0.056350	0.064956	1.436950	1.647116
3547954604.143303	137.940684	161.811137	77.972778	133.106460	169.402598	142.774908	154.219676	0.042698	0.064956	1.422287	1.647116
3547954604.929852	132.363980	140.639283	73.774506	141.351380	141.115356	123.376580	140.163209	0.042698	0.056631	1.422287	1.637341
3547954606.277804	114.250308	98.982144	53.269329	113.014510	107.896896	115.486105	90.067392	0.038085	0.048207	1.417400	1.627566
3547954607.014326	100.645368	83.653379	43.326813	106.131258	76.518604	95.159478	90.788154	0.042698	0.056631	1.422287	1.637341
3547954607.671788	83.789112	70.325482	32.915432	74.811973	69.684407	92.766251	70.966557	0.056350	0.056631	1.436950	1.637341
3547954609.021742	48.793563	54.501800	17.285027	57.793387	54.445397	39.793740	54.558202	0.038085	0.056631	1.417400	1.637341
3547954609.733243	31.464258	49.715614	14.423205	22.829935	52.254998	40.098580	47.176229	0.042698	0.026695	1.422287	1.603128
3547954610.399711	15.136214	46.010631	27.017904	6.577283	48.793560	23.695146	43.227702	0.042698	0.060806	1.422287	1.642229
3547954611.123222	13.576385	44.063293	91.955849	20.335899	50.005429	6.816871	38.121158	0.028762	0.048207	1.407625	1.627566
3547954611.857740	13.644080	43.990523	162.765976	18.702379	36.546492	8.585780	51.434555	0.038085	0.039680	1.417400	1.617791
3547954612.511202	13.799022	44.254860	222.087936	6.399854	49.378561	21.198190	39.131159	0.047280	0.043956	1.427175	1.622678
3547954613.188679	19.619504	52.605016	240.786255	11.532850	56.555462	27.706159	48.654570	0.047280	0.052432	1.427175	1.632454
3547954614.569653	36.043731	85.253608	245.111038	35.442878	76.273687	36.644585	94.233529	0.038085	0.026695	1.417400	1.603128
3547954615.226118	45.415333	104.473235	243.132584	53.897579	107.481805	36.933086	101.464665	0.038085	0.031050	1.417400	1.608016
3547954615.920606	56.406871	125.648579	243.061539	64.654157	129.251673	48.159586	122.045485	0.033439	0.031050	1.412512	1.608016
3547954616.613096	66.574388	146.027816	243.306549	75.449356	147.522789	57.699420	144.532843	0.042698	0.026695	1.422287	1.603128
3547954617.326599	77.717383	166.272599	237.707153	85.541546	161.824849	69.893221	170.720349	0.047280	-0.004546	1.427175	1.568915
3547954618.064118	92.211948	187.417247	232.880203	88.687738	179.135946	95.736158	195.698548	0.028762	0.035378	1.407625	1.612903
3547954618.744598	108.892722	207.124648	226.838882	103.487609	199.928485	114.297835	214.320810	0.024052	0.031050	1.402737	1.608016
3547954619.408066	126.114877	222.410495	219.603233	128.845422	213.834708	123.384332	230.986282	0.028762	0.022314	1.407625	1.598240
3547954620.770027	164.568618	247.287361	205.540222	173.323136	249.375040	155.814099	245.199682	0.038085	0.112901	1.417400	1.705767
3547954621.449506	185.952133	256.404013	199.001587	193.895049	260.636045	178.009218	252.171980	0.024052	0.321550	1.402737	2.018573
3547954622.125984	208.107048	261.258427	191.126320	203.706919	269.109470	212.507177	253.407385	0.042698	0.476271	1.422287	2.336266
3547954622.889523	232.105468	264.513700	185.603699	234.329768	273.234508	229.881168	255.792892	0.065297	0.523271	1.446725	2.453568
3547954623.620038	254.602640	267.440096	190.094933	245.606315	267.697254	263.598966	267.182937	0.074124	0.536144	1.456500	2.487781
3547954624.325537	277.740038	273.318075	197.922890	277.763011	282.318046	277.717065	264.318104	0.082834	0.537954	1.466276	2.492669
3547954624.978997	290.122809	280.241179	246.865440	281.403526	282.471452	298.842091	278.010907	0.099909	0.532502	1.485826	2.478006
3547954625.687497	290.248439	284.567000	293.415009	298.780438	287.431435	281.716439	281.702566	0.108280	0.528832	1.495601	2.468231
3547954626.405003	284.958223	292.492807	310.599426	281.302795	300.717031	288.613651	284.268584	0.116541	0.511947	1.505376	2.424242
3547954627.076477	273.038259	304.609043	320.589111	271.723040	295.705661	274.353478	313.512424	0.132747	0.500346	1.524927	2.394917
3547954627.768966	258.092805	314.154495	331.634308	266.919989	312.399270	249.265620	315.909719	0.156291	0.490460	1.554252	2.370479
3547954628.496479	243.041328	319.638359	342.888367	246.994609	327.723628	239.088047	311.553091	0.214939	0.484429	1.632454	2.355816
3547954629.258017	225.355804	322.836983	352.607605	219.226142	316.247048	231.485465	329.426918	0.305098	0.492453	1.769306	2.375367
3547954629.963516	207.399177	323.380656	3.974401	214.057590	329.435863	200.740763	317.325449	0.347888	0.492453	1.842620	2.375367
3547954630.653004	188.959268	321.115157	11.509326	196.797430	316.692124	181.121106	325.538189	0.377165	0.488458	1.896383	2.365591
3547954631.367505	173.275787	316.909440	14.926418	166.936395	323.297875	179.615179	310.521005	0.379745	0.482403	1.901271	2.350929
3547954632.022966	157.347191	312.705945	15.536192	155.808840	321.573497	158.885542	303.838393	0.382311	0.459538	1.906158	2.297165
3547954632.713453	142.536006	308.242595	17.534508	151.243274	305.965871	133.828737	310.519318	0.384864	0.440019	1.911046	2.253177
3547954633.391933	127.274802	303.725406	19.753345	120.203710	298.157672	134.345894	309.293139	0.366713	0.433342	1.876833	2.238514
3547954634.037389	111.137684	297.416878	23.713586	120.034405	296.057334	102.240964	298.776422	0.356041	0.410440	1.857283	2.189638
3547954634.724873	96.754362	289.626641	28.429857	98.148437	298.518017	95.360288	280.735266	0.342381	0.403369	1.832845	2.174976
3547954636.170892	70.884085	271.629824	40.800552	70.522813	280.622570	71.245357	262.637078	0.313937	0.379094	1.783969	2.126100
3547954636.863382	57.512606	259.019998	46.439583	51.823380	265.993714	63.201832	252.046282	0.316851	0.369068	1.788856	2.106549
3547954637.574883	46.149376	245.890855	52.483967	38.972049	251.320954	53.326704	240.460757	0.286972	0.337843	1.739980	2.047898
3547954638.936850	25.431768	217.682754	56.875626	22.541296	209.159541	28.322240	226.205968	0.255365	0.321550	1.691105	2.018573
3547954639.629339	17.561775	203.580880	68.497910	22.770039	196.240989	12.353511	210.920770	0.252104	0.307607	1.686217	1.994135
3547954640.299806	17.918926	200.324817	140.523911	11.170731	206.279803	24.667120	194.369830	0.235508	0.301933	1.661779	1.984360
3547954641.033323	21.634141	200.723416	192.735382	29.647769	204.819970	13.620512	196.626862	0.225315	0.293317	1.647116	1.969697
3547954641.716807	34.975089	204.632065	200.285950	41.278833	198.208451	28.671345	211.055679	0.204374	0.278669	1.617791	1.945259
3547954642.412301	51.206160	211.876766	206.885132	55.201558	203.812226	47.210762	219.941305	0.204374	0.245109	1.617791	1.891496
3547954643.091778	68.763993	222.203534	211.310547	75.367829	228.318217	62.160157	216.088850	0.178962	0.248239	1.583578	1.896383
3547954644.427718	98.878439	243.683220	219.069550	105.591845	237.689042	92.165032	249.677398	0.178962	0.229216	1.583578	1.867058
3547954645.111200	113.037175	256.799553	223.593781	117.669818	264.515681	108.404533	249.083426	0.148542	0.212902	1.544477	1.842620
3547954645.764668	125.488720	268.230615	226.159724	125.803180	259.236111	125.174260	277.225120	0.160128	0.202903	1.559140	1.827957
3547954646.427128	137.380377	280.717835	227.195724	129.802019	275.863094	144.958734	285.572575	0.140695	0.202903	1.534702	1.827957
3547954647.130626	150.679488	296.183913	228.075203	142.107760	298.927174	159.251216	293.440652	0.132747	0.178939	1.524927	1.793744
3547954647.866144	163.170772	310.842080	233.599670	155.062768	306.935640	171.278776	314.748520	0.132747	0.182418	1.524927	1.798631
3547954648.534621	173.151774	326.187569	238.907883	171.834949	317.284425	174.468599	335.090713	0.128735	0.206254	1.520039	1.832845
3547954649.214095	182.649670	343.244202	241.362610	178.022257	350.963467	187.277082	335.524937	0.124696	0.202903	1.515152	1.827957
3547954650.516013	202.319538	375.949099	234.962143	196.820660	383.073869	207.818416	368.824330	0.108280	0.185878	1.495601	1.803519
3547954651.211504	213.617882	391.189588	231.213638	222.198228	388.473404	205.037535	393.905772	0.116541	0.216199	1.505376	1.847507
3547954651.874973	226.689352	406.362164	226.651474	222.719622	398.284959	230.659082	414.439369	0.128735	0.199535	1.520039	1.823069
3547954653.307985	256.494174	434.328500	222.242462	249.971766	440.529968	263.016581	428.127033	0.182660	0.219479	1.588465	1.852395
3547954653.999473	271.500882	449.400852	227.246796	263.684576	444.939309	279.317188	453.862395	0.221877	0.241964	1.642229	1.886608
3547954654.688957	285.043084	465.856929	231.103287	293.870367	464.102200	276.215801	467.611657	0.252104	0.241964	1.686217	1.886608
3547954656.749411	277.746903	484.546756	325.556915	286.029160	481.024792	269.464647	488.068719	0.313937	0.278669	1.783969	1.945259
3547954657.435898	264.495892	492.647464	331.822174	272.839951	489.274530	256.151833	496.020397	0.316851	0.269702	1.788856	1.930596
3547954658.122384	249.346807	499.975285	335.127869	241.665870	504.666044	257.027743	495.284527	0.316851	0.269702	1.788856	1.930596
3547954658.832881	234.400105	506.998449	333.524170	229.964561	499.167360	238.835649	514.829537	0.316851	0.284572	1.788856	1.955034
3547954659.560394	218.725100	515.116131	330.738556	225.611758	520.910435	211.838443	509.321828	0.322632	0.257531	1.798631	1.911046
3547954660.242875	203.386520	523.940223	327.642090	196.245485	518.462485	210.527555	529.417962	0.299123	0.275695	1.759531	1.940371
3547954661.593830	175.194080	542.994855	322.360016	166.729798	546.053602	183.658361	539.936108	0.271393	0.248239	1.715543	1.896383
3547954662.259297	162.022120	553.196519	321.193665	155.879382	546.618771	168.164858	559.774267	0.283891	0.251352	1.735093	1.901271
3547954662.958792	149.780618	563.100166	320.261368	151.401471	554.247323	148.159764	571.953009	0.252104	0.235623	1.686217	1.876833
3547954663.666292	137.156287	573.836797	319.010635	146.069506	572.589991	128.243068	575.083604	0.261832	0.238802	1.700880	1.881720
3547954667.146747	125.158043	573.005225	65.431072	120.512510	580.713599	129.803575	565.296851	0.225315	0.206254	1.647116	1.832845
3547954667.865252	118.863686	557.667583	65.291969	113.194222	564.657374	124.533149	550.677791	0.218418	0.225988	1.637341	1.862170
3547954668.563748	110.364285	539.588725	62.382069	114.277228	531.483858	106.451342	547.693593	0.242205	0.219479	1.671554	1.852395
3547954669.248230	100.577901	521.978733	57.431313	93.626109	516.262739	107.529693	527.694728	0.211438	0.202903	1.627566	1.827957
3547954669.938718	88.989705	505.267953	50.928131	83.452841	498.172663	94.526569	512.363243	0.204374	0.196148	1.617791	1.818182
3547954670.598182	76.562140	490.981728	44.905903	69.382112	485.555200	83.742167	496.408255	0.182660	0.185878	1.588465	1.803519
3547954671.977155	41.128481	466.608633	21.852327	39.883099	475.522051	42.373863	457.695215	0.186334	0.161253	1.593353	1.769306
3547954672.703671	22.317598	460.818168	11.224898	31.081981	458.772294	13.553216	462.864042	0.160128	0.168386	1.559140	1.779081
3547954674.705080	12.982852	458.291306	33.264400	4.327600	460.758413	21.638104	455.824199	0.144631	0.146750	1.539589	1.749756
3547954675.383560	14.092670	458.789354	8.922672	9.761218	466.678494	18.424121	450.900215	0.144631	0.139376	1.539589	1.739980
3547954676.051028	15.969519	459.849343	54.599979	24.334519	463.170001	7.604519	456.528684	0.140695	0.131918	1.534702	1.730205
3547954676.754524	16.332258	460.440076	101.638062	8.282623	456.414734	24.381893	464.465418	0.120632	0.124376	1.510264	1.720430
3547954677.463025	17.909561	458.630251	154.999359	25.766558	463.019739	10.052565	454.240762	0.124696	0.120573	1.515152	1.715543
3547954678.211554	25.647121	458.085802	180.087097	33.298688	462.824317	17.995554	453.347288	0.116541	0.116748	1.505376	1.710655
3547954678.894037	44.094742	459.680545	185.621964	46.477946	468.359274	41.711538	451.001816	0.099909	0.105140	1.485826	1.695992
3547954679.590526	62.921959	461.412535	181.818802	66.373367	453.100629	59.470551	469.724441	0.087145	0.105140	1.471163	1.695992
3547954680.279010	85.409741	460.798250	174.130798	94.177650	462.828957	76.641832	458.767542	0.104108	0.109031	1.490714	1.700880
3547954681.614954	126.710895	453.074729	165.892181	121.538656	460.440050	131.883134	445.709409	0.069726	0.081312	1.451613	1.666667
3547954682.312447	146.894763	446.811075	159.076683	138.700075	450.532241	155.089452	443.089909	0.104108	0.073182	1.490714	1.656891
3547954683.038959	167.412822	438.036628	153.837494	166.509430	446.991174	168.316213	429.082083	0.087145	0.085342	1.471163	1.671554
3547954683.766473	188.564248	426.919123	149.932999	195.405041	421.070743	181.723455	432.767504	0.069726	0.048207	1.451613	1.627566
3547954685.202484	228.415582	399.092016	136.525574	237.335254	400.291794	219.495911	397.892238	0.095683	0.077259	1.480938	1.661779
3547954685.877961	244.950536	380.463632	125.465462	246.723072	371.639907	243.178000	389.287356	0.108280	0.116748	1.495601	1.710655
3547954687.214904	266.005064	340.393546	106.984642	264.478061	331.524033	267.532068	349.263059	0.140695	0.093330	1.534702	1.681329
3547954687.916398	271.422978	318.801611	99.953983	276.332448	311.258594	266.513508	326.344627	0.197224	0.105140	1.608016	1.695992
3547954689.270354	271.991314	270.732060	81.465954	273.915443	261.940148	270.067185	279.523973	0.200810	0.143073	1.612903	1.744868
3547954690.679349	267.901292	250.011728	78.987061	271.793634	258.126509	264.008950	241.896947	0.193616	0.161253	1.603128	1.769306
3547954691.388850	267.944701	250.001532	78.964027	271.649118	258.203806	264.240284	241.799258	0.189986	0.182418	1.598240	1.798631
3547954692.079335	267.950307	249.997769	79.147270	273.087315	257.387705	262.813299	242.607834	0.207917	0.171923	1.622678	1.783969
3547954692.739803	267.958954	249.996649	79.090981	272.672068	257.663888	263.245840	242.329410	0.200810	0.189320	1.612903	1.808407
3547954693.436294	267.963112	249.991968	79.013268	272.066756	258.001967	263.859467	241.981968	0.214939	0.168386	1.632454	1.779081
3547954694.105772	267.956543	249.994438	79.113411	272.840437	257.554040	263.072649	242.434836	0.214939	0.196148	1.632454	1.818182
3547954694.802257	267.939757	249.997884	79.072922	272.513650	257.748981	263.365865	242.246787	0.211438	0.209587	1.627566	1.837732
3547954695.490747	267.976248	249.985017	79.110527	272.838320	257.558672	263.114176	242.411362	0.221877	0.219479	1.642229	1.852395
3547954696.169221	267.956211	249.989067	78.948425	271.532210	258.248136	264.380212	241.729997	0.211438	0.222742	1.627566	1.857283
3547954696.929759	267.926044	250.009603	79.089249	272.625873	257.684993	263.226216	242.334213	0.204374	0.235623	1.617791	1.876833
3547954697.643261	267.962325	249.994237	79.159927	273.192455	257.318562	262.732196	242.669911	0.211438	0.209587	1.627566	1.837732
3547954698.295722	267.968107	249.986223	79.233429	273.721980	256.906696	262.214234	243.065750	0.225315	0.212902	1.647116	1.842620
3547954698.969196	267.940910	249.992973	79.055969	272.382751	257.820491	263.499069	242.165454	0.218418	0.219479	1.637341	1.852395
3547954699.631663	267.699989	248.974157	80.448616	276.190756	245.989720	259.209221	251.958594	0.214939	0.219479	1.632454	1.852395
3547954700.303141	267.682084	248.372739	79.946274	276.560825	249.845141	258.803344	246.900338	0.214939	0.222742	1.632454	1.857283
3547954700.967607	267.037020	243.919040	87.677544	269.585143	235.287292	264.488897	252.550787	0.211438	0.232428	1.627566	1.871945
3547954702.373600	267.106369	216.704192	92.769547	276.067840	215.872312	258.144897	217.536072	0.204374	0.216199	1.617791	1.847507
3547954703.115124	268.349718	198.597236	94.920876	262.739031	191.560178	273.960405	205.634294	0.214939	0.209587	1.632454	1.837732
3547954704.493093	270.151383	157.767605	87.956055	270.228238	148.767933	270.074527	166.767277	0.200810	0.202903	1.612903	1.827957
3547954705.174574	268.510319	138.369594	81.679680	268.525881	129.369608	268.494757	147.369581	0.204374	0.199535	1.617791	1.823069
3547954706.522525	256.448754	98.921706	61.119381	265.358581	100.192527	247.538927	97.650885	0.186334	0.178939	1.593353	1.793744
3547954707.233027	244.741173	82.807360	47.373943	246.968275	91.527453	242.514070	74.087268	0.163942	0.178939	1.564027	1.793744
3547954707.938525	229.992769	69.746122	35.788971	238.479527	72.741944	221.506012	66.750301	0.167732	0.185878	1.568915	1.803519
3547954709.418569	192.935639	52.185374	15.878205	194.460426	61.055268	191.410851	43.315480	0.171499	0.164829	1.573803	1.774194
3547954710.110059	170.853476	47.700129	8.627867	164.416673	53.990404	177.290279	41.409853	0.163942	0.175440	1.564027	1.788856
3547954710.841573	149.593776	46.055570	0.445530	145.715350	37.934128	153.472202	54.177011	0.171499	0.178939	1.573803	1.793744
3547954711.521053	128.547066	47.856412	352.619934	122.336624	41.342549	134.757508	54.370275	0.167732	0.150406	1.568915	1.754643
3547954712.202534	108.922355	51.950506	345.940186	105.709865	43.543372	112.134846	60.357640	0.156291	0.150406	1.554252	1.754643
3547954712.903027	90.603311	57.709369	340.123627	83.952097	51.646255	97.254525	63.772483	0.140695	0.168386	1.534702	1.779081
3547954714.264988	55.127579	76.057067	327.654663	47.918237	70.669545	62.336920	81.444589	0.144631	0.146750	1.539589	1.749756
3547954714.929458	39.621651	87.539926	319.715302	45.604334	80.816273	33.638968	94.263579	0.140695	0.128158	1.534702	1.725318
3547954715.667978	25.148007	101.726300	311.457062	28.976486	109.871406	21.319527	93.581195	0.128735	0.131918	1.520039	1.730205
3547954716.370473	15.080569	113.220454	337.388947	23.588327	116.156108	6.572812	110.284800	0.120632	0.105140	1.510264	1.695992
3547954717.728433	12.762173	113.436111	97.547249	14.177167	122.324181	11.347179	104.548040	0.095683	0.109031	1.480938	1.700880
3547954718.384895	14.129698	112.614756	158.100800	6.455235	107.913415	21.804161	117.316098	0.099909	0.105140	1.485826	1.695992
3547954719.118412	24.947172	109.789483	168.503311	33.134962	106.053162	16.759382	113.525805	0.091428	0.101226	1.476051	1.691105
3547954719.770874	42.397732	107.564234	175.305496	47.654059	100.258687	37.141405	114.869782	0.099909	0.093330	1.485826	1.681329
3547954721.137839	83.083435	105.614829	176.653107	77.122508	98.871881	89.044362	112.357777	0.091428	0.089348	1.476051	1.676442
3547954721.805307	104.947238	103.758963	172.283325	100.598716	111.638706	109.295760	95.879219	0.082834	0.085342	1.466276	1.671554
3547954722.553835	126.295069	99.673116	171.378448	117.412400	101.121628	135.177738	98.224604	0.087145	0.085342	1.471163	1.671554
3547954723.217303	151.870190	96.616403	170.814529	143.588618	93.092828	160.151761	100.139978	0.078494	0.069081	1.461388	1.652004
3547954723.903788	173.774866	92.455043	167.448326	181.063617	97.734637	166.486116	87.175449	0.087145	0.089348	1.471163	1.676442
3547954724.580265	193.651469	86.711679	161.765488	202.648301	86.950457	184.654637	86.472901	0.082834	0.077259	1.466276	1.661779
3547954725.951232	236.351959	70.092226	155.635864	245.279444	68.952047	227.424474	71.232405	0.078494	0.081312	1.461388	1.666667
3547954727.269163	278.000282	47.088463	144.438049	278.676559	38.113907	277.324006	56.063018	0.082834	0.077259	1.466276	1.661779
3547954727.989670	290.274687	38.985881	179.894897	296.880217	45.098734	283.669157	32.873028	0.087145	0.069081	1.471163	1.652004
3547954730.093154	291.649711	40.618615	9.653634	293.691483	49.383954	289.607939	31.853276	0.099909	0.093330	1.485826	1.681329
3547954730.790647	280.825827	37.255106	22.963486	288.261669	42.325437	273.389985	32.184775	0.087145	0.069081	1.471163	1.652004
3547954731.475131	265.628072	30.790393	25.178564	265.215811	21.799840	266.040334	39.780946	0.095683	0.097290	1.480938	1.686217
3547954732.141601	248.912736	22.959536	25.338926	247.070190	14.150165	250.755281	31.768908	0.078494	0.081312	1.461388	1.666667
3547954732.809070	232.955727	14.992893	28.284948	233.051256	23.992386	232.860199	5.993400	0.082834	0.060806	1.466276	1.642229
3547954736.315546	236.267805	19.849606	239.816544	228.436476	15.414486	244.099134	24.284725	0.082834	0.081312	1.466276	1.666667
3547954737.008032	244.447996	35.902051	243.256470	253.237002	37.839416	235.658991	33.964686	0.078494	0.077259	1.461388	1.661779
3547954737.760565	252.599707	53.097808	244.135468	259.698382	47.565286	245.501031	58.630330	0.074124	0.077259	1.456500	1.661779
3547954738.402019	261.376157	72.034825	243.885178	269.623964	68.432927	253.128349	75.636723	0.065297	0.069081	1.446725	1.652004
3547954739.110516	272.216697	92.163709	237.515503	280.744813	89.287733	263.688581	95.039684	0.082834	0.081312	1.466276	1.666667
3547954739.841031	284.520954	110.070704	232.057495	288.193767	101.854230	280.848142	118.287178	0.074124	0.081312	1.456500	1.666667
3547954742.015570	271.385561	127.643667	341.242004	263.024916	130.975276	279.746206	124.312058	0.087145	0.069081	1.471163	1.652004
3547954742.702050	255.031213	132.906141	343.196259	261.248832	139.413153	248.813594	126.399128	0.065297	0.077259	1.446725	1.661779
3547954743.343503	236.717891	138.326900	342.705261	239.132887	146.996836	234.302896	129.656963	0.082834	0.105140	1.466276	1.695992
3547954744.007973	218.959678	144.082266	340.923279	209.976131	144.626218	227.943225	143.538315	0.074124	0.069081	1.456500	1.652004
3547954744.721474	200.789096	150.630150	338.353363	208.049912	145.312204	193.528280	155.948097	0.082834	0.085342	1.466276	1.671554
3547954745.399953	182.773439	159.133809	333.427505	179.114411	150.911187	186.432467	167.356431	0.082834	0.073182	1.466276	1.656891
3547954746.088439	164.858219	169.089471	327.709473	157.364563	164.104983	172.351874	174.073960	0.082834	0.073182	1.466276	1.656891
3547954746.835968	147.448812	182.136363	318.522247	155.904995	185.217429	138.992629	179.055296	0.099909	0.064956	1.485826	1.647116
3547954747.551471	132.311613	198.185166	307.231567	137.718894	190.990632	126.904333	205.379700	0.095683	0.064956	1.480938	1.647116
3547954748.213939	120.494417	217.213456	298.548798	121.370487	226.170716	119.618347	208.256197	0.074124	0.077259	1.456500	1.661779
3547954749.602918	104.549787	252.824012	288.718933	107.274660	244.246421	101.824915	261.401603	0.095683	0.056631	1.480938	1.637341
3547954750.283399	98.399325	273.261618	283.285309	93.756903	265.551371	103.041747	280.971866	0.060839	0.073182	1.441838	1.656891
3547954750.947867	94.072808	292.078421	278.338943	85.496315	294.806747	102.649302	289.350095	0.069726	0.060806	1.451613	1.642229
3547954752.335847	91.325532	330.397249	267.811890	97.632705	336.817497	85.018360	323.977002	0.042698	0.056631	1.422287	1.637341
3547954753.107391	92.917769	348.900421	261.161896	96.502822	357.155565	89.332716	340.645278	0.042698	0.052432	1.422287	1.632454
3547954753.783870	97.333420	370.087549	253.378601	89.352098	374.246694	105.314743	365.928403	0.047280	0.043956	1.427175	1.622678
3547954754.494370	106.089622	392.077691	243.312210	114.972910	393.522399	97.206333	390.632984	0.042698	0.056631	1.422287	1.637341
3547954755.194863	119.063983	413.335919	232.937256	115.073294	405.269049	123.054673	421.402790	0.047280	0.048207	1.427175	1.627566
3547954755.881348	132.636520	428.971432	226.031837	134.095555	420.090485	131.177486	437.852379	0.042698	0.043956	1.422287	1.622678
3547954756.590850	149.687136	444.967006	219.612175	152.340891	436.367147	147.033381	453.566866	0.047280	0.039680	1.427175	1.617791
3547954757.288340	168.022942	459.285091	214.653580	160.329210	454.615349	175.716674	463.954832	0.028762	0.039680	1.407625	1.617791
3547954759.310768	235.066247	487.102347	190.322891	226.360774	489.385927	243.771720	484.818767	0.028762	0.026695	1.407625	1.603128
3547954759.994249	261.090925	489.243714	178.245132	254.476034	495.346436	267.705816	483.140992	0.038085	0.013471	1.417400	1.588465
3547954760.679733	281.827405	486.781712	164.353699	274.298825	481.850132	289.355985	491.713292	0.033439	0.022314	1.412512	1.598240
3547954761.386231	288.842777	482.681426	106.571579	291.004571	473.944914	286.680982	491.417938	0.042698	0.026695	1.422287	1.603128
3547954763.446689	264.434223	464.771910	29.954807	273.380147	463.786794	255.488300	465.757026	0.060839	0.043956	1.441838	1.622678
3547954764.152182	248.923722	456.191980	26.381105	240.387514	453.340112	257.459930	459.043849	0.065297	0.052432	1.446725	1.632454
3547954764.819656	231.024302	448.288792	21.955595	230.704387	457.283104	231.344216	439.294479	0.074124	0.035378	1.456500	1.612903
3547954765.570184	211.595444	441.794330	14.599954	203.542137	445.812320	219.648751	437.776339	0.069726	0.069081	1.451613	1.652004
3547954767.621631	146.999999	441.311461	345.648376	146.341926	432.335552	147.658073	450.287370	0.060839	0.043956	1.441838	1.622678
3547954768.429205	128.298526	447.933117	335.007339	120.109308	451.666307	136.487743	444.199926	0.074124	0.081312	1.456500	1.666667
3547954770.397592	82.314692	485.002849	307.365021	86.716605	477.152807	77.912778	492.852891	0.056350	0.039680	1.436950	1.617791
3547954771.141113	72.351684	500.034746	302.247131	66.874701	492.893132	77.828667	507.176361	0.056350	0.031050	1.436950	1.608016
3547954771.854617	63.486976	515.356510	299.214050	69.705173	521.862970	57.268778	508.850050	0.038085	0.035378	1.417400	1.612903
3547954773.234591	46.600422	547.732688	296.620361	37.903246	545.417707	55.297597	550.047669	0.038085	0.026695	1.417400	1.603128
3547954773.912068	39.588201	561.508056	294.978455	42.515271	552.997342	36.661132	570.018771	0.060839	0.022314	1.441838	1.598240
3547954774.555522	31.983946	576.693158	294.668701	37.365981	569.479719	26.601911	583.906597	0.033439	0.035378	1.412512	1.612903
3547954778.015963	22.647810	568.209358	49.500114	28.883032	561.719211	16.412588	574.699504	0.038085	0.022314	1.417400	1.598240
3547954778.723463	15.026761	561.354110	4.140772	22.596006	566.223045	7.457516	556.485175	0.028762	0.013471	1.407625	1.588465
3547954779.387932	14.101698	561.338198	289.697266	8.507594	554.287949	19.695801	568.388447	0.038085	0.022314	1.417400	1.598240
3547954780.066416	13.744331	560.307991	229.330826	13.695390	569.307858	13.793272	551.308124	0.028762	0.022314	1.407625	1.598240
3547954781.410358	29.785839	556.924597	171.615051	21.490175	560.414864	38.081503	553.434331	0.060839	0.022314	1.441838	1.598240
3547954782.072825	48.719601	553.713782	169.542160	49.652512	544.762264	47.786691	562.665300	0.042698	0.031050	1.422287	1.608016
3547954782.781326	69.781416	548.904249	165.275055	61.300957	551.917853	78.261875	545.890645	0.028762	0.026695	1.407625	1.603128
3547954783.512842	93.447663	541.099913	157.153198	92.786170	532.124256	94.109156	550.075571	0.028762	0.022314	1.407625	1.598240
3547954784.878805	137.685822	509.845123	130.921547	145.379858	505.175884	129.991785	514.514363	0.051830	0.022314	1.432063	1.598240
3547954785.576297	153.111055	487.502576	117.958008	162.012291	486.172912	144.209820	488.832241	0.060839	-0.004546	1.441838	1.568915
3547954786.263785	162.329787	464.290362	104.580315	169.422913	469.829997	155.236660	458.750727	0.038085	0.013471	1.417400	1.588465
3547954787.632750	164.150296	413.829516	77.576477	156.760377	418.966547	171.540216	408.692484	0.014532	0.031050	1.392962	1.608016
3547954788.288210	155.304423	390.207910	60.131124	159.144913	398.347359	151.463933	382.068460	0.033439	0.022314	1.412512	1.598240
3547954788.970692	141.230595	371.811575	43.733280	143.448657	363.089179	139.012533	380.533972	0.042698	0.026695	1.422287	1.603128
3547954791.161238	80.168981	348.638465	359.347382	71.761794	345.426113	88.576167	351.850818	0.038085	0.026695	1.417400	1.603128
3547954791.834713	60.677758	350.344936	350.649933	69.093349	347.154665	52.262166	353.535206	0.038085	0.009008	1.417400	1.583578
3547954792.507188	41.769969	354.521945	344.532776	49.542592	349.984728	33.997346	359.059162	0.028762	0.009008	1.407625	1.583578
3547954795.319174	25.105773	374.885061	217.047821	27.575046	383.539695	22.636500	366.230427	0.014532	0.004518	1.392962	1.578690
3547954795.978636	43.344829	387.274707	210.494598	43.415844	396.274427	43.273815	378.274987	0.024052	-0.013724	1.402737	1.559140
3547954796.676129	62.771963	396.914452	201.769379	56.922891	390.074251	68.621036	403.754653	0.019309	-0.009121	1.397849	1.564027
3547954797.353607	84.585349	403.492250	191.430252	82.736508	412.300303	86.434191	394.684198	0.014532	-0.013724	1.392962	1.559140
3547954798.025079	109.446799	406.136254	180.091690	117.120049	410.839576	101.773549	401.432932	0.014532	0.009008	1.392962	1.583578
3547954798.695553	132.722053	403.707002	167.415886	139.835728	409.220225	125.608378	398.193779	0.009722	-0.041962	1.388074	1.529814
3547954799.402052	156.135313	395.956103	153.967072	156.396560	404.952310	155.874066	386.959895	0.009722	0.017906	1.388074	1.593353
3547954800.084535	176.804900	382.749088	140.667618	170.979098	389.609120	182.630701	375.889056	0.014532	0.022314	1.392962	1.598240
3547954801.560574	205.801992	342.127761	109.598595	202.655558	350.559840	208.948427	333.695683	0.004878	-0.000000	1.383187	1.573803
3547954802.236051	211.679994	316.382526	92.914650	220.427003	314.263607	202.932984	318.501446	0.000000	0.004518	1.378299	1.578690
3547954802.924538	209.838136	290.241296	77.484776	202.008853	294.680026	217.667419	285.802565	0.009722	-0.023018	1.388074	1.549365
3547954803.606017	201.581093	267.153281	62.666960	203.058416	258.275358	200.103769	276.031204	0.283891	0.097290	1.735093	1.686217
3547954804.279494	187.301643	247.110945	47.030617	186.463403	256.071824	188.139884	238.150066	0.483516	0.260597	2.121212	1.915934
3547954805.684484	149.106764	224.885637	10.529544	157.146995	228.929729	141.066533	220.841544	0.587655	0.405737	2.399804	2.179863
3547954806.417002	128.389685	223.898379	354.256668	122.299183	230.524523	134.480187	217.272235	0.586037	0.412777	2.394917	2.194526
3547954807.847009	93.463503	239.433933	321.761353	84.747525	237.190781	102.179481	241.677084	0.564383	0.419723	2.331378	2.209189
3547954808.517482	80.861841	250.832220	315.361115	72.467473	247.586518	89.256209	254.077923	0.545117	0.412777	2.277615	2.194526
3547954809.199963	69.284445	263.063121	310.591095	65.560626	271.256605	73.008263	254.869638	0.539703	0.415102	2.262952	2.199413
3547954809.884448	59.617399	275.117039	305.961304	68.090179	278.152169	51.144620	272.081910	0.515412	0.398602	2.199413	2.165200
3547954810.581942	49.583209	286.832854	305.668854	56.821212	292.181807	42.345205	281.483901	0.493733	0.369068	2.145650	2.106549
3547954811.258417	41.218656	300.484498	303.221283	32.233578	301.002538	50.203735	299.966457	0.491709	0.386493	2.140762	2.140762
3547954812.643393	24.265624	323.779945	308.081573	22.429172	314.969301	26.102076	332.590589	0.444702	0.351069	2.033236	2.072336
3547954813.382916	17.333896	332.532161	290.750122	8.438759	333.902031	26.229033	331.162292	0.437904	0.335160	2.018573	2.043011
3547954814.069400	17.275169	332.954916	213.635178	17.213275	323.955129	17.337063	341.954703	0.416904	0.327034	1.974585	2.028348
3547954814.731867	25.161673	333.387895	183.344727	17.012952	329.567117	33.310394	337.208673	0.402376	0.310423	1.945259	1.999022
3547954815.382328	39.888214	334.734569	182.929672	33.972053	327.952309	45.804374	341.516829	0.384864	0.329756	1.911046	2.033236
3547954816.065808	57.608066	335.854255	180.436111	66.418760	337.690467	48.797372	334.018044	0.374572	0.301933	1.891496	1.984360
3547954816.773307	75.406630	335.155974	172.502106	72.871979	343.791687	77.941281	326.520260	0.364066	0.296203	1.871945	1.974585
3547954817.409759	97.078515	329.527586	156.203354	103.993778	323.767452	90.163252	335.287719	0.353338	0.301933	1.852395	1.984360
3547954818.109250	114.253022	319.484128	141.991257	119.479315	326.811192	109.026729	312.157065	0.345142	0.275695	1.837732	1.940371
3547954818.805741	130.344680	305.127283	128.576370	128.302273	313.892473	132.387088	296.362092	0.322632	0.284572	1.798631	1.955034
3547954819.483218	140.701405	284.200282	111.523232	149.701356	284.230051	131.701454	284.170512	0.345142	0.343171	1.837732	2.057674
3547954820.207735	147.130051	264.274286	95.792068	138.133213	264.035747	156.126889	264.512825	0.366713	0.412777	1.876833	2.194526
3547954820.906223	146.844701	242.801414	82.226776	142.176113	235.106982	151.513289	250.495846	0.617195	0.457406	2.492669	2.292278
3547954821.581699	142.808942	223.025706	73.126877	149.689329	228.827454	135.928556	217.223958	0.701126	0.472141	2.800587	2.326491
3547954822.250171	136.154417	205.028474	64.848827	128.035490	208.912162	144.273344	201.144787	0.705836	0.467975	2.820137	2.316716
3547954822.929650	126.940388	189.086652	54.886173	135.902576	189.910780	117.978200	188.262525	0.697550	0.478324	2.785924	2.341153
3547954824.283609	103.091314	166.743204	32.480450	95.220294	162.378912	110.962334	171.107496	0.672713	0.461661	2.688172	2.302053
3547954824.978095	88.412069	158.684042	22.607012	93.611039	166.030518	83.213099	151.337566	0.655576	0.426577	2.624633	2.223851
3547954825.720619	72.694987	152.976296	15.523036	71.040112	161.822843	74.349862	144.129749	0.641819	0.428842	2.575758	2.228739
3547954826.422114	56.581093	149.578649	9.137862	54.034135	158.210741	59.128052	140.946558	0.630432	0.424303	2.536657	2.218964
3547954827.082580	39.763820	148.098018	3.510463	43.008876	156.492636	36.518764	139.703400	0.617195	0.388937	2.492669	2.145650
3547954827.806089	23.612226	147.985974	358.013489	24.761741	139.059687	22.462711	156.912262	0.600367	0.374104	2.438905	2.116325
3547954828.476564	13.955275	149.262251	319.671692	20.225393	142.805811	7.685157	155.718692	0.590871	0.363986	2.409580	2.096774
3547954829.147039	13.454523	150.573138	249.587631	22.326327	152.086773	4.582718	149.059503	0.571170	0.353676	2.350929	2.077224
3547954829.822513	18.985764	158.783275	235.188828	15.228843	166.961634	22.742685	150.604917	0.560946	0.332464	2.321603	2.038123
3547954831.214495	38.699308	184.713273	228.796631	34.074919	192.434349	43.323698	176.992196	0.521141	0.324299	2.214076	2.023460
3547954831.906984	51.854563	198.284672	221.823898	43.374633	201.299765	60.334493	195.269579	0.509605	0.299075	2.184751	1.979472
3547954832.599473	67.668254	210.307944	210.101364	64.285355	218.647968	71.051152	201.967920	0.491709	0.299075	2.140762	1.979472
3547954833.257937	85.197925	218.170046	196.589539	76.455879	220.309350	93.939972	216.030743	0.481445	0.287502	2.116325	1.959922
3547954833.937416	104.257752	221.714030	182.721176	99.873568	213.854072	108.641936	229.573987	0.483516	0.332464	2.121212	2.038123
3547954834.623900	124.205247	219.591081	169.847878	122.400695	210.773848	126.009800	228.408313	0.501741	0.371592	2.165200	2.111437
3547954835.359418	144.117330	213.710746	152.166336	135.298357	211.914717	152.936303	215.506775	0.536055	0.412777	2.253177	2.194526
3547954836.050907	159.719356	200.935792	135.032486	159.215636	209.921684	160.223076	191.949899	0.545117	0.419723	2.277615	2.209189
3547954836.754404	171.582676	184.092618	117.339039	179.603994	188.174096	163.561358	180.011141	0.541515	0.440019	2.267840	2.253177
3547954837.470908	177.753028	165.896496	101.690254	169.504357	162.296577	186.001700	169.496415	0.541515	0.419723	2.267840	2.209189
3547954838.149389	179.022039	147.422476	87.208282	185.198230	140.876129	172.845848	153.968824	0.519240	0.412777	2.209189	2.194526
3547954838.820863	176.009008	129.257958	74.748425	181.454247	122.092111	170.563770	136.423806	0.509605	0.405737	2.184751	2.179863
3547954839.506347	170.564892	112.309452	66.093033	171.638612	121.245174	169.491171	103.373730	0.495749	0.398602	2.150538	2.165200
3547954840.228854	161.800917	97.024212	57.956825	152.919686	95.566907	170.682148	98.481517	0.473061	0.386493	2.096774	2.140762
3547954840.946362	151.664459	82.847926	50.502085	149.554851	74.098666	153.774067	91.597186	0.460189	0.366533	2.067449	2.101662
3547954841.671874	138.864667	70.097662	41.363586	143.359079	77.895114	134.370256	62.300209	0.444702	0.356272	2.033236	2.082111
3547954843.117895	109.330045	51.923281	26.436924	100.648028	49.552086	118.012063	54.294477	0.414513	0.327034	1.969697	2.028348
3547954843.823391	92.126573	44.804776	19.851503	84.543879	39.956813	99.709267	49.652739	0.402376	0.313225	1.945259	2.003910
3547954844.486864	75.804497	39.985866	12.955318	72.391562	31.658089	79.217433	48.313643	0.392445	0.307607	1.925709	1.994135
3547954845.825803	45.069402	34.750123	7.816499	36.075723	34.412856	54.063080	35.087390	0.358730	0.281628	1.862170	1.950147
3547954846.546313	29.219571	33.222025	4.883680	38.087861	31.687930	20.351282	34.756120	0.353338	0.293317	1.852395	1.969697
3547954847.247810	15.037820	33.091390	339.484680	13.314467	24.257928	16.761173	41.924852	0.336814	0.263647	1.823069	1.920821
3547954847.908273	13.353021	35.484526	263.728363	14.835019	26.607382	11.871023	44.361669	0.328351	0.263647	1.808407	1.920821
3547954848.608768	14.518150	36.874163	202.674942	5.526169	37.253993	23.510131	36.494334	0.316851	0.251352	1.788856	1.901271
3547954849.330276	15.247023	36.875449	126.526321	8.411107	31.021369	22.082940	42.729528	0.302118	0.254450	1.764418	1.906158
3547954850.009757	20.468994	28.469307	122.927193	24.015818	36.740948	16.922170	20.197667	0.290035	0.232428	1.744868	1.871945
3547954850.679227	29.265165	15.291964	121.638283	22.306600	20.999710	36.223731	9.584218	0.280793	0.232428	1.730205	1.871945