Time	X	Y	Theta	LS_X	LS_Y	RS_X	RS_Y	RsRoL	RsRoR	VL	VR
3547949237.745891	39.146275	550.421411	179.297989	41.173595	559.190104	37.118955	541.652719	-0.020139	-0.000000	1.329423	1.505376
3547949238.451387	39.171076	550.420884	179.391968	42.012310	558.960637	36.329843	541.881130	-0.015049	-0.004660	1.334311	1.500489
3547949239.166893	39.177686	550.427626	179.342010	41.588929	559.098607	36.766442	541.756645	-0.020139	-0.004660	1.329423	1.500489
3547949239.865387	39.170846	550.423709	179.349472	41.646721	559.076457	36.694972	541.770961	-0.025267	-0.014073	1.324536	1.490714
3547949240.631931	39.178605	550.416651	179.178909	40.149862	559.364089	38.207348	541.469212	-0.009996	-0.009351	1.339198	1.495601
3547949241.322413	39.176458	550.421480	179.320663	41.402066	559.141954	36.950850	541.701006	-0.015049	-0.004660	1.334311	1.500489
3547949242.001894	39.182213	550.430523	179.452194	42.532303	558.783780	35.832123	542.077267	-0.015049	-0.004660	1.334311	1.500489
3547949242.718398	39.168183	550.418704	179.367432	41.799049	559.025593	36.537316	541.811815	-0.025267	-0.009351	1.324536	1.495601
3547949243.394878	39.172473	550.420252	179.364441	41.777587	559.034970	36.567358	541.805533	-0.035637	-0.014073	1.314761	1.490714
3547949244.072355	39.175532	550.423903	179.313828	41.341476	559.159387	37.009587	541.688419	-0.025267	-0.009351	1.324536	1.495601
3547949244.755836	39.174157	550.422463	179.288406	41.117359	559.210180	37.230954	541.634747	-0.015049	-0.033274	1.334311	1.471163
3547949245.404293	39.179172	550.418862	179.343994	41.607611	559.085043	36.750733	541.752682	0.009852	-0.023610	1.358749	1.480938
3547949246.088777	39.167867	550.427504	179.349335	41.642553	559.080592	36.693180	541.774416	-0.009996	-0.009351	1.339198	1.495601
3547949246.835307	39.165508	550.427432	179.258652	40.846413	559.269070	37.484602	541.585794	-0.020139	0.018343	1.329423	1.524927
3547949247.528791	39.167500	550.420621	179.351425	41.660270	559.068517	36.674730	541.772726	-0.035637	-0.014073	1.314761	1.490714
3547949248.221280	39.173033	550.421638	179.384094	41.946941	558.983497	36.399125	541.859778	-0.015049	-0.018826	1.334311	1.485826
3547949248.909767	39.174483	550.416389	179.419617	42.250716	558.874331	36.098251	541.958446	-0.020139	-0.009351	1.329423	1.495601
3547949249.616266	39.172401	550.419530	179.263931	40.899963	559.252170	37.444839	541.586890	-0.015049	-0.000000	1.334311	1.505376
3547949250.294744	39.962089	550.424011	180.980347	48.450569	547.433073	31.473609	553.414948	-0.009996	-0.014073	1.339198	1.490714
3547949250.979228	51.117909	551.419479	188.323364	52.660016	542.552580	49.575802	560.286379	-0.009996	-0.004660	1.339198	1.500489
3547949251.706740	68.235862	552.691232	179.669968	73.311600	560.123385	63.160125	545.259080	-0.015049	-0.014073	1.334311	1.490714
3547949253.130744	110.416867	540.860863	149.957520	117.112211	534.846515	103.721523	546.875210	-0.020139	-0.000000	1.329423	1.505376
3547949253.822231	130.111170	525.446949	134.745026	127.080460	533.921310	133.141880	516.972588	-0.020139	0.022856	1.329423	1.529814
3547949254.533733	144.507625	507.885098	124.021793	153.484875	508.524607	135.530374	507.245589	-0.040880	-0.014073	1.309873	1.490714
3547949255.167182	156.052171	486.448458	111.416882	164.998113	487.433400	147.106228	485.463516	-0.030433	-0.014073	1.319648	1.490714
3547949255.831649	161.867120	465.234939	98.607891	170.314424	468.340266	153.419816	462.129612	-0.025267	-0.023610	1.324536	1.480938
3547949256.558163	162.764978	444.061835	87.019043	170.062355	438.794172	155.467600	449.329499	-0.025267	-0.043067	1.324536	1.461388
3547949257.954147	152.241427	400.282199	63.005440	150.686981	391.417455	153.795873	409.146944	-0.046162	-0.009351	1.304985	1.495601
3547949258.683661	139.841269	381.583483	49.311785	147.181317	376.375441	132.501222	386.791525	-0.040880	-0.014073	1.309873	1.490714
3547949260.060633	109.530042	357.356790	27.484421	103.137413	363.691953	115.922671	351.021627	-0.025267	-0.018826	1.324536	1.485826
3547949260.741113	91.939990	350.384141	13.884015	83.226839	348.130031	100.653140	352.638250	-0.040880	-0.023610	1.309873	1.480938
3547949261.434603	72.809852	347.604212	1.932951	64.393631	350.792819	81.226074	344.415604	-0.030433	-0.023610	1.319648	1.480938
3547949262.110079	53.903270	348.663309	352.064941	52.057385	339.854637	55.749155	357.471982	-0.040880	-0.018826	1.309873	1.485826
3547949262.759542	35.269404	352.979576	342.874023	39.106313	361.120714	31.432495	344.838438	-0.030433	-0.038154	1.319648	1.466276
3547949274.602893	101.372027	353.223021	146.144485	92.388453	353.766534	110.355600	352.679508	-0.056846	-0.023610	1.295210	1.480938
3547949275.279370	119.069986	339.401096	135.782074	124.823702	346.321700	113.316271	332.480493	-0.030433	-0.052991	1.319648	1.451613
3547949275.960851	134.915647	321.400906	126.188113	130.409351	313.610315	139.421943	329.191496	-0.046162	-0.023610	1.304985	1.480938
3547949276.790436	146.895937	302.022121	115.452410	140.524851	308.378948	153.267024	295.665293	-0.040880	-0.028426	1.309873	1.476051
3547949277.482924	155.686187	277.844968	102.450966	147.229381	280.924323	164.142994	274.765613	-0.025267	-0.018826	1.324536	1.485826
3547949278.195427	159.020205	249.203536	88.577869	153.840266	241.843629	164.200145	256.563442	0.161887	-0.009351	1.529814	1.495601
3547949279.547382	146.789642	205.298401	59.142000	142.098813	212.979294	151.480471	197.617507	0.385166	-0.028426	1.876833	1.476051
3547949280.210851	133.767947	188.738351	43.300655	139.438566	181.749497	128.097327	195.727205	0.414993	-0.028426	1.935484	1.476051
3547949283.001818	59.668406	182.482014	321.599854	51.426540	178.866541	67.910271	186.097487	0.405254	-0.023610	1.915934	1.480938
3547949283.692307	45.810575	198.700146	297.783966	40.240514	205.769404	51.380637	191.630887	0.402788	-0.023610	1.911046	1.480938
3547949284.351770	39.988241	216.570234	276.450409	40.075940	207.570661	39.900541	225.569807	0.390266	-0.028426	1.886608	1.476051
3547949285.051265	41.602687	237.223009	255.617310	49.811317	240.913318	33.394056	233.532700	0.377415	-0.052991	1.862170	1.451613
3547949285.751758	49.460197	253.641316	235.134842	45.267451	261.605039	53.652944	245.677594	0.364223	-0.018826	1.837732	1.485826
3547949286.406220	65.214456	268.396882	212.405716	73.674315	265.325925	56.754596	271.467840	0.331083	-0.023610	1.779081	1.480938
3547949287.078696	85.445485	275.916766	190.131882	76.464800	276.506080	94.426170	275.327452	0.342369	-0.038154	1.798631	1.466276
3547949287.748167	107.153193	275.315248	166.799271	109.768646	283.926833	104.537740	266.703662	0.304757	-0.048012	1.735093	1.456500
3547949288.444657	125.485855	263.884287	137.334661	132.510078	258.257539	118.461632	269.511035	0.298725	-0.028426	1.725318	1.476051
3547949289.130142	136.996946	246.633857	106.351933	141.010354	238.578265	132.983539	254.689448	0.280210	-0.052991	1.695992	1.451613
3547949289.828635	137.263215	225.711313	76.010162	132.093116	218.344490	142.433314	233.078136	0.270711	-0.028426	1.681329	1.476051
3547949290.517122	127.432872	205.494720	51.771246	118.451897	204.909838	136.413847	206.079603	0.251206	0.009231	1.652004	1.515152
3547949291.189594	112.050133	192.329790	31.001064	115.677708	184.093244	108.422558	200.566337	0.237814	-0.048012	1.632454	1.456500
3547949291.890088	92.589861	184.693225	11.170053	101.453215	183.130867	83.726507	186.255582	0.230996	-0.028426	1.622678	1.476051
3547949293.301084	51.629518	188.869674	335.748383	48.107921	197.152087	55.151115	180.587262	0.195640	-0.038154	1.573803	1.466276
3547949294.002579	33.820987	200.471111	315.849731	24.885354	201.545570	42.756620	199.396652	0.210043	0.004630	1.593353	1.510264
3547949294.703074	21.721429	216.930260	295.262939	22.142206	207.940102	21.300653	225.920419	0.184600	0.013802	1.559140	1.520039
3547949295.395565	15.451134	237.830788	278.057831	6.454385	238.072688	24.447883	237.588889	0.177125	-0.028426	1.549365	1.476051
3547949296.133082	15.014402	258.230726	265.741699	6.357776	260.693006	23.671028	255.768446	0.169554	-0.028426	1.539589	1.476051
3547949296.818567	18.329482	278.677954	256.126587	27.295611	277.897863	9.363354	279.458045	0.169554	-0.004660	1.539589	1.500489
3547949297.516057	24.286994	297.897363	249.263908	32.216492	302.154481	16.357496	293.640245	0.169554	-0.043067	1.539589	1.461388
3547949298.214551	31.925232	316.101776	245.063126	31.755154	307.103383	32.095309	325.100169	0.130213	-0.033274	1.490714	1.471163
3547949298.877019	39.791414	333.231017	244.239334	46.278222	326.992321	33.304607	339.469713	0.122033	-0.058004	1.480938	1.446725
3547949299.566505	47.108078	348.740872	245.090302	46.693554	339.750424	47.522602	357.731321	0.122033	-0.028426	1.480938	1.476051
3547949300.992510	64.787217	383.699719	238.686172	65.460410	374.724931	64.114024	392.674506	0.105344	-0.028426	1.461388	1.476051
3547949301.668989	78.786498	401.044875	221.412643	69.808312	400.418634	87.764684	401.671117	0.101102	-0.043067	1.456500	1.461388
3547949302.375486	97.897263	412.195080	197.964706	98.296455	421.186222	97.498071	403.203937	0.092532	-0.028426	1.446725	1.476051
3547949303.053966	121.335639	413.660862	168.945709	127.135622	406.778988	115.535656	420.542737	0.083846	-0.014073	1.436950	1.490714
3547949303.790485	140.007697	403.829615	136.960442	148.602632	401.159951	131.412763	406.499279	0.075040	-0.014073	1.427175	1.490714
3547949304.471965	151.001795	384.211956	102.447868	142.535491	387.265101	159.468099	381.158811	0.126136	-0.014073	1.485826	1.490714
3547949305.845934	136.458135	345.120288	36.642443	144.294635	340.694313	128.621634	349.546264	0.101102	-0.018826	1.456500	1.485826
3547949307.280948	97.596927	340.473449	342.324829	96.619925	349.420263	98.573929	331.526636	0.083846	-0.009351	1.436950	1.495601
3547949307.962432	79.563470	349.294483	326.032349	85.315092	342.372139	73.811848	356.216827	0.066113	-0.004660	1.417400	1.500489
3547949309.334395	51.656268	376.518004	307.813843	52.216042	367.535429	51.096494	385.500579	0.075040	-0.004660	1.427175	1.500489
3547949310.009875	40.022473	394.722858	296.717041	31.142449	393.258219	48.902497	396.187498	0.066113	-0.009351	1.417400	1.495601
3547949310.720374	31.848496	413.788200	289.695312	26.268174	406.727038	37.428819	420.849361	0.047884	-0.014073	1.397849	1.490714
3547949311.442883	25.846615	436.276448	280.192993	30.863186	443.748665	20.830044	428.804232	0.052489	-0.009351	1.402737	1.495601
3547949312.170396	23.681549	457.626729	271.136566	16.310901	452.462086	31.052197	462.791373	0.033874	-0.033274	1.383187	1.471163
3547949318.644965	26.562797	519.014411	284.290253	17.565364	518.799489	35.560231	519.229333	0.024368	-0.023610	1.373412	1.480938
3547949320.095989	14.692125	543.546495	329.700470	13.198243	552.421647	16.186006	534.671343	0.004944	-0.004660	1.353861	1.500489
3547949322.183460	13.233267	541.593276	245.521179	9.101604	533.597693	17.364930	549.588860	0.014726	0.004630	1.363636	1.510264
3547949323.534413	15.437860	539.334642	161.031845	21.960289	545.536087	8.915430	533.133198	0.024368	0.018343	1.373412	1.524927
3547949333.399374	211.647804	540.815992	190.090820	202.650497	541.036153	220.645110	540.595831	-0.000000	-0.000000	1.348974	1.505376
3547949334.069847	235.744280	545.307842	190.647171	228.220141	550.246194	243.268419	540.369489	-0.000000	-0.004660	1.348974	1.500489
3547949334.751327	254.618407	549.001734	193.199081	263.618053	549.081534	245.618761	548.921934	-0.009996	-0.004660	1.339198	1.500489
3547949335.383775	273.263731	554.148722	197.534500	269.876718	562.487075	276.650744	545.810368	-0.004980	-0.014073	1.344086	1.490714
3547949336.043238	288.891986	559.029809	182.590622	285.568350	550.665992	292.215622	567.393627	-0.009996	-0.033274	1.339198	1.471163
3547949340.956707	290.296317	557.969747	42.192772	299.081883	559.922648	281.510750	556.016846	-0.025267	-0.014073	1.324536	1.490714
3547949341.676213	281.995032	548.770435	51.785194	273.006773	548.310875	290.983291	549.229994	-0.004980	-0.014073	1.344086	1.490714
3547949343.003149	265.688497	520.793597	67.379265	274.566296	522.271666	256.810699	519.315529	-0.004980	-0.004660	1.344086	1.500489
3547949343.720656	259.583191	504.496467	71.838554	255.929160	512.721310	263.237223	496.271623	-0.020139	-0.028426	1.329423	1.476051
3547949344.461177	254.293934	487.020038	74.673889	260.257669	480.279573	248.330200	493.760503	-0.009996	-0.014073	1.339198	1.490714
3547949345.243733	250.188758	469.592077	78.017105	245.695677	477.390296	254.681838	461.793857	-0.009996	-0.000000	1.339198	1.505376
3547949345.899192	247.530074	454.539851	79.686760	255.733674	458.241329	239.326473	450.838374	-0.015049	-0.009351	1.334311	1.495601
3547949346.612695	243.944832	431.482339	81.819801	242.703273	422.568388	245.186391	440.396291	-0.020139	0.004630	1.329423	1.510264
3547949347.294176	242.164022	413.431117	85.410622	247.153459	420.921480	237.174586	405.940755	0.009852	0.049337	1.358749	1.559140
3547949347.991669	241.254249	392.818079	88.507133	236.607439	385.110475	245.901059	400.525683	0.004944	0.009231	1.353861	1.515152
3547949349.384650	244.044952	352.486166	95.450439	235.647956	349.247270	252.441948	355.725063	0.004944	0.013802	1.353861	1.520039
3547949350.074139	246.774981	332.511367	99.085732	255.704127	331.384268	237.845835	333.638466	0.024368	0.004630	1.373412	1.510264
3547949351.496140	256.794229	287.897739	105.001335	265.531934	290.054707	248.056524	285.740772	-0.004980	0.004630	1.344086	1.510264
3547949352.175619	263.023924	266.275690	104.876114	271.423820	269.507057	254.624027	263.044322	-0.015049	0.018343	1.334311	1.524927
3547949352.864109	267.802685	250.005495	106.212112	272.899593	242.587846	262.705776	257.423145	-0.000000	-0.000000	1.348974	1.505376
3547949353.511563	267.658886	249.962212	106.239944	272.547399	242.405596	262.770373	257.518828	-0.009996	0.013802	1.339198	1.520039
3547949354.227067	267.680878	249.971087	106.189400	272.944932	242.671105	262.416824	257.271069	-0.000000	0.004630	1.348974	1.510264
3547949355.101684	267.675866	249.963447	106.137474	273.311711	242.946521	262.040021	256.980373	-0.015049	-0.004660	1.334311	1.500489
3547949355.797176	267.686696	249.955577	106.246445	272.525986	242.367345	262.847406	257.543810	-0.025267	0.004630	1.324536	1.510264
3547949357.948701	275.509252	198.782907	109.724876	273.449862	207.544124	277.568642	190.021691	-0.009996	-0.004660	1.339198	1.500489
3547949364.167083	291.009765	170.308829	182.537888	288.131605	161.781450	293.887925	178.836208	-0.020139	-0.009351	1.329423	1.495601
3547949366.847972	278.436812	168.590755	18.746843	279.359601	159.638188	277.514024	177.543323	-0.020139	-0.004660	1.329423	1.500489
3547949367.546464	263.545466	161.651538	28.498289	265.544257	170.426778	261.546676	152.876298	-0.040880	-0.018826	1.309873	1.485826
3547949368.352035	249.449648	152.352303	36.488110	257.873372	149.183569	241.025924	155.521036	-0.025267	-0.004660	1.324536	1.500489
3547949369.070540	236.227052	140.517072	47.082767	235.857056	149.509463	236.597049	131.524681	-0.056846	-0.004660	1.295210	1.500489
3547949369.809066	224.084086	124.488482	58.683716	216.479185	129.301535	231.688987	119.675429	-0.009996	-0.043067	1.339198	1.461388
3547949370.462522	215.934035	107.751428	68.340759	222.226842	101.317101	209.641227	114.185755	-0.051484	-0.009351	1.300098	1.495601
3547949371.100971	210.694596	90.308891	76.622070	202.230867	87.248613	219.158324	93.369168	-0.030433	-0.009351	1.319648	1.495601
3547949372.446923	207.462171	55.981670	90.272438	200.798065	62.030611	214.126277	49.932729	-0.056846	-0.023610	1.295210	1.480938
3547949373.111390	208.801750	37.698363	96.686836	202.986353	44.567217	214.617148	30.829509	-0.035637	0.004630	1.314761	1.510264
3547949373.782864	211.842853	19.352995	101.650490	203.743813	15.428005	219.941893	23.277985	-0.051484	-0.018826	1.300098	1.485826
3547949379.263732	223.723579	19.433341	294.282837	231.424741	14.775864	216.022416	24.090819	-0.040880	-0.028426	1.309873	1.476051
3547949384.770615	213.437395	38.047750	298.945923	217.709676	45.969089	209.165114	30.126410	-0.035637	0.018343	1.314761	1.524927
3547949385.456100	207.147036	49.310455	302.243195	201.698211	42.147334	212.595862	56.473576	-0.051484	-0.023610	1.300098	1.480938
3547949386.849081	186.349383	76.210897	315.761719	177.353892	76.495763	195.344874	75.926031	-0.056846	-0.018826	1.295210	1.485826
3547949387.553581	171.234649	88.601458	326.123627	176.331345	81.183663	166.137952	96.019253	-0.078706	-0.023610	1.275660	1.480938
3547949388.250071	152.121048	97.958442	342.466293	152.415242	106.953632	151.826853	88.963251	-0.051484	-0.023610	1.300098	1.480938
3547949388.913539	131.862983	101.278421	357.211090	139.080104	95.901324	124.645863	106.655518	-0.040880	-0.028426	1.309873	1.476051
3547949389.606029	111.505720	100.373214	14.477010	103.020457	103.373264	119.990984	97.373164	-0.056846	-0.018826	1.295210	1.485826
3547949390.283509	93.334521	93.023047	29.779316	102.315036	93.614948	84.354006	92.431146	-0.056846	-0.018826	1.295210	1.485826
3547949390.936970	78.184664	81.628579	45.046440	70.315303	77.261295	86.054024	85.995863	-0.046162	-0.023610	1.304985	1.480938
3547949392.322945	58.339575	50.750481	66.731171	64.525011	57.288095	52.154140	44.212868	-0.046162	-0.014073	1.304985	1.490714
3547949392.956391	52.865613	34.250762	75.304047	53.711954	25.290645	52.019272	43.210880	-0.051484	-0.048012	1.300098	1.456500
3547949401.230228	37.571219	36.222892	306.294495	46.570695	36.319992	28.571743	36.125792	-0.062249	-0.023610	1.290323	1.480938
3547949401.932724	28.487229	47.911856	310.243805	22.197069	54.348771	34.777390	41.474941	-0.051484	-0.043067	1.300098	1.461388
3547949409.563108	39.377413	70.456439	206.217941	47.506238	66.593512	31.248588	74.319365	-0.062249	-0.023610	1.290323	1.480938
3547949410.238584	56.432430	79.301512	209.568619	49.282448	84.767567	63.582412	73.835457	-0.046162	-0.038154	1.304985	1.466276
3547949410.896046	74.218974	91.233327	217.248688	78.365361	99.221285	70.072587	83.245369	-0.073178	-0.033274	1.280547	1.471163
3547949411.610552	90.680041	104.874685	221.349304	81.759498	103.681408	99.600584	106.067962	-0.056846	-0.038154	1.295210	1.466276
3547949413.068580	124.446452	139.916157	231.905083	129.324138	132.352548	119.568766	147.479766	-0.051484	-0.028426	1.300098	1.476051
3547949413.754062	138.899133	160.588979	237.849312	146.014212	155.077567	131.784055	166.100391	-0.046162	-0.033274	1.304985	1.471163
3547949414.431542	151.212305	181.880036	241.714783	149.531566	190.721705	152.893044	173.038367	-0.009996	-0.028426	1.339198	1.476051
3547949415.120027	160.697652	201.884268	246.104736	152.844213	197.488419	168.551092	206.280117	-0.062249	-0.033274	1.290323	1.471163
3547949415.815517	168.745965	223.310482	252.900215	159.745983	223.328541	177.745946	223.292423	-0.067693	0.103429	1.285435	1.622678
3547949416.611080	173.331260	244.571130	262.970566	180.509178	239.141812	166.153342	250.000447	-0.035637	0.329077	1.314761	1.955034
3547949417.316576	172.994961	267.135975	278.185333	164.102002	268.519912	181.887920	265.752037	-0.051484	0.403550	1.300098	2.096774
3547949418.065106	166.402651	286.716991	293.289825	174.510243	290.624286	158.295059	282.809696	-0.062249	0.447115	1.290323	2.189638
3547949418.787613	156.706956	306.219468	306.790802	164.666855	302.019467	148.747057	310.419469	-0.051484	0.460115	1.300098	2.218964
3547949419.501117	141.264988	320.404981	324.808716	149.731241	323.458268	132.798735	317.351694	-0.046162	0.460115	1.304985	2.218964
3547949420.208616	125.180894	328.423639	341.154587	116.561304	331.012589	133.800485	325.834688	-0.056846	0.457972	1.295210	2.214076
3547949420.884093	106.200372	332.634841	356.469788	115.154526	333.542105	97.246218	331.727578	-0.062249	0.455820	1.290323	2.209189
3547949421.594594	89.447895	331.914272	9.014039	85.854313	340.165706	93.041477	323.662837	-0.056846	0.438254	1.295210	2.170088
3547949422.319107	72.394206	326.858623	24.086195	80.185502	322.353547	64.602910	331.363698	-0.051484	0.424658	1.300098	2.140762
3547949423.069636	56.577729	317.175307	39.317249	47.587813	317.601218	65.567646	316.749396	-0.051484	0.408317	1.300098	2.106549
3547949423.776133	41.852495	302.063659	54.168390	48.061362	308.579023	35.643628	295.548295	-0.067693	0.388980	1.285435	2.067449
3547949426.758238	31.648947	223.746333	108.047234	23.157313	220.764362	40.140581	226.728304	-0.051484	0.334558	1.300098	1.964809
3547949427.525779	41.121419	202.761479	119.405960	40.892490	193.764391	41.350347	211.758566	-0.051484	0.320752	1.300098	1.940371
3547949428.274308	52.570716	184.446391	123.716705	60.941308	187.752928	44.200125	181.139853	-0.040880	0.306593	1.309873	1.915934
3547949429.017833	65.213670	166.611486	127.116798	56.275942	165.554594	74.151397	167.668379	-0.051484	0.300828	1.300098	1.906158
3547949429.799384	80.545902	147.768508	130.644531	89.223584	145.381493	71.868221	150.155523	-0.067693	0.283173	1.285435	1.876833
3547949430.514887	96.499744	131.014889	135.611557	100.995645	138.811483	92.003844	123.218295	-0.025267	0.242961	1.324536	1.813294
3547949431.938892	132.214821	100.928419	146.425041	123.732983	103.938140	140.696659	97.918697	-0.040880	0.242961	1.309873	1.813294
3547949432.650395	151.434247	88.229257	146.045067	142.441088	87.878422	160.427407	88.580092	-0.046162	0.242961	1.304985	1.813294
3547949433.382911	172.342143	75.096492	150.605438	174.050791	66.260173	170.633495	83.932810	-0.040880	0.213430	1.309873	1.769306
3547949435.454373	238.455396	49.315987	165.539078	231.055250	54.438276	245.855541	44.193699	-0.046162	0.189426	1.304985	1.735093
3547949436.804325	286.155084	40.613628	172.706161	285.422984	49.583803	286.887184	31.643454	-0.062249	0.164456	1.290323	1.700880
3547949439.592294	288.645135	41.945345	0.736182	282.601966	35.276005	294.688304	48.614686	-0.062249	0.123123	1.290323	1.647116
3547949440.270771	274.501812	39.657390	16.300716	279.529631	47.122042	269.473993	32.192738	-0.056846	0.134661	1.295210	1.661779
3547949440.942250	259.362548	32.939614	30.928812	263.575249	24.986429	255.149846	40.892798	-0.051484	0.119231	1.300098	1.642229
3547949441.619722	244.598196	21.495625	45.804840	235.881887	23.737488	253.314506	19.253762	-0.056846	0.111377	1.295210	1.632454
3547949458.653741	235.029950	24.547206	308.450195	230.142121	16.990148	239.917779	32.104265	-0.040880	0.049337	1.309873	1.559140
3547949459.340224	223.661913	36.616982	320.460358	223.500759	27.618425	223.823068	45.615539	-0.035637	0.018343	1.314761	1.524927
3547949460.001691	209.568432	45.669130	334.064575	201.735986	41.235984	217.400879	50.102276	-0.030433	0.044993	1.319648	1.554252
3547949460.740212	192.520624	51.428188	348.883514	194.014250	60.303382	191.026998	42.552993	-0.025267	0.031795	1.324536	1.539589
3547949461.407683	174.357950	53.113770	6.139786	175.644127	44.206147	173.071773	62.021393	-0.056846	0.036222	1.295210	1.544477
3547949462.085163	155.333267	48.053100	23.619859	164.318178	47.532167	146.348356	48.574034	-0.040880	0.031795	1.309873	1.539589
3547949462.789659	139.888904	38.677625	40.815138	139.658830	47.674684	140.118979	29.680566	-0.030433	0.027340	1.319648	1.534702
3547949463.460130	127.704048	24.848508	57.604925	119.869370	20.419306	135.538725	29.277710	-0.030433	0.018343	1.319648	1.524927
3547949467.024645	125.534196	25.813639	280.520386	132.687187	31.275757	118.381206	20.351521	-0.046162	0.009231	1.304985	1.515152
3547949467.670103	121.532024	50.045989	279.778717	123.116461	58.905422	119.947587	41.186555	-0.051484	-0.000000	1.300098	1.505376
3547949468.364591	122.131998	81.322593	258.054169	118.269489	73.193569	125.994508	89.451616	-0.040880	-0.009351	1.309873	1.495601
3547949469.021056	127.133836	107.777123	264.264557	123.872804	99.388698	130.394869	116.165548	-0.051484	-0.004660	1.300098	1.500489
3547949469.686523	125.536541	131.630122	283.027924	123.009710	122.992117	128.063371	140.268127	-0.035637	-0.004660	1.314761	1.500489
3547949470.370005	116.012318	152.556528	309.110962	107.515335	149.589834	124.509302	155.523222	-0.051484	-0.004660	1.300098	1.500489
3547949471.067497	98.274005	165.247838	338.678589	103.454994	157.888670	93.093016	172.607006	-0.067693	-0.004660	1.285435	1.500489
3547949471.737970	78.784516	168.063856	3.487843	81.838870	176.529724	75.730162	159.597988	-0.062249	-0.014073	1.290323	1.490714
3547949472.446471	60.274803	162.780358	27.123075	52.055308	166.446404	68.494298	159.114311	-0.062249	-0.033274	1.290323	1.471163
3547949473.112942	44.792471	150.487763	50.041573	46.790863	141.712432	42.794078	159.263093	-0.056846	-0.014073	1.295210	1.490714
3547949473.800426	35.280192	133.037327	71.831619	31.569209	141.236632	38.991176	124.838022	-0.051484	-0.023610	1.300098	1.480938
3547949474.464894	32.251941	113.487968	89.707802	23.385375	115.031992	41.118507	111.943943	-0.056846	-0.038154	1.295210	1.466276
3547949475.188405	34.963489	94.095831	104.958611	43.601093	96.624031	26.325885	91.567630	-0.062249	-0.018826	1.290323	1.485826
3547949475.866883	42.693838	75.899809	120.865746	33.726769	75.130604	51.660907	76.669014	-0.062249	-0.028426	1.290323	1.476051
3547949477.220838	73.778836	45.970047	146.836212	67.206864	52.118965	80.350808	39.821130	-0.078706	-0.018826	1.275660	1.485826
3547949477.900319	93.698087	36.056486	158.999939	85.242222	39.138423	102.153953	32.974549	-0.062249	-0.028426	1.290323	1.476051
3547949478.568789	115.522283	30.744964	172.415634	112.251289	39.129510	118.793277	22.360419	-0.056846	-0.038154	1.295210	1.466276
3547949479.238262	139.236326	29.922013	185.164864	137.544525	38.761573	140.928128	21.082454	-0.051484	-0.058004	1.300098	1.446725
3547949479.953769	162.362361	34.595686	196.602776	153.649398	36.850518	171.075325	32.340855	-0.067693	-0.028426	1.285435	1.476051
3547949480.644257	182.839460	43.286372	208.889160	173.842680	43.045639	191.836240	43.527105	-0.067693	-0.028426	1.285435	1.476051
3547949482.038238	217.446030	77.206717	237.424774	226.199646	75.115255	208.692415	79.298180	-0.035637	-0.004660	1.314761	1.500489
3547949482.763748	227.753232	98.313417	249.837891	236.723523	97.582750	218.782940	99.044084	-0.035637	-0.014073	1.314761	1.490714
3547949484.158735	235.358426	145.803658	269.936371	237.502971	137.062895	233.213880	154.544420	-0.056846	0.013802	1.295210	1.520039
3547949484.843217	234.391295	168.770280	275.337585	242.502242	164.869955	226.280348	172.670606	-0.020139	0.009231	1.329423	1.515152
3547949485.515690	230.016773	192.310963	286.037140	231.381366	201.206911	228.652181	183.415015	-0.035637	0.036222	1.314761	1.544477
3547949486.254211	221.738005	211.041596	302.171570	216.815769	203.506904	226.660242	218.576288	0.096832	0.130837	1.451613	1.656891
3547949486.948701	207.365974	226.156772	325.599731	215.489890	222.283530	199.242059	230.030014	0.490464	0.292069	2.101662	1.891496
3547949488.299654	170.839855	240.145132	349.957199	179.353122	243.064769	162.326588	237.225494	0.716670	0.403550	2.829912	2.096774
3547949489.045183	153.615207	242.903003	350.270813	162.613942	243.053907	144.616472	242.752099	0.716670	0.410684	2.829912	2.111437
3547949489.683632	136.290974	246.671403	344.810089	142.524475	240.179602	130.057474	253.163203	0.713270	0.424658	2.815249	2.140762
3547949490.412146	119.750252	253.512643	337.402710	128.297607	256.330927	111.202897	250.694360	0.704027	0.431502	2.776149	2.155425
3547949491.110639	104.183722	260.598600	333.140503	103.002009	251.676517	105.365435	269.520682	0.694521	0.417719	2.737048	2.126100
3547949491.794125	89.157548	268.916429	326.808258	88.414795	259.947130	89.900301	277.885728	0.672105	0.410684	2.649071	2.111437
3547949492.504622	74.960030	279.002366	320.293976	76.291399	270.101385	73.628660	287.903346	0.666920	0.396316	2.629521	2.082111
3547949493.182099	62.189333	288.214568	316.818420	58.013874	296.187368	66.364793	280.241768	0.653614	0.401150	2.580645	2.091887
3547949493.885596	51.438247	300.396767	312.659454	60.415582	299.758436	42.460913	301.035099	0.635544	0.373990	2.517107	2.038123
3547949495.266571	31.067442	324.001016	308.346893	26.984941	315.980219	35.149943	332.021813	0.613526	0.348025	2.443793	1.989247
3547949495.987079	21.694182	335.990454	308.217590	18.679988	327.510204	24.708377	344.470703	0.598099	0.345358	2.394917	1.984360
3547949496.673563	16.525933	343.695075	270.349731	14.978787	334.829053	18.073079	352.561097	0.572060	0.326316	2.316716	1.950147
3547949497.352041	16.882934	344.298546	195.182785	13.344704	336.023226	20.421165	352.573867	0.565274	0.315131	2.297165	1.930596
3547949498.012507	26.755622	344.419551	176.842255	19.633186	338.917651	33.878058	349.921451	0.538762	0.303718	2.223851	1.911046
3547949498.701994	43.152807	343.665664	173.481140	48.906206	350.586530	37.399407	336.744797	0.525782	0.283173	2.189638	1.876833
3547949499.369463	62.815735	340.873514	167.189102	68.507642	347.845041	57.123828	333.901986	0.514329	0.280177	2.160313	1.871945
3547949500.023928	82.236167	335.380261	158.705536	73.249829	335.875972	91.222505	334.884550	0.488415	0.249330	2.096774	1.823069
3547949500.707408	101.515104	326.353724	148.692245	109.264828	330.929943	93.765380	321.777505	0.480123	0.258756	2.077224	1.837732
3547949502.062365	134.499323	298.091730	126.232119	129.654669	290.506920	139.343976	305.676539	0.449829	0.261865	2.008798	1.842620
3547949502.775867	145.721281	279.233350	113.775192	140.077156	272.223082	151.365406	286.243617	0.433894	0.242961	1.974585	1.813294
3547949503.527398	152.576115	258.666734	100.997950	148.524347	250.630368	156.627883	266.703100	0.422170	0.216783	1.950147	1.774194
3547949504.205876	154.750636	236.119766	88.245934	152.251853	227.473605	157.249418	244.765926	0.531394	0.213430	2.204301	1.769306
3547949504.862340	153.249839	217.345023	80.872341	159.762636	211.133464	146.737041	223.556583	0.677214	0.189426	2.668622	1.735093
3547949505.567838	149.491627	198.550484	74.307110	157.475901	194.397007	141.507354	202.703962	0.700494	0.185919	2.761486	1.730205
3547949506.265329	142.251216	179.587385	62.049755	148.594140	173.202456	135.908292	185.972313	0.696923	0.199828	2.746823	1.749756
3547949506.975833	131.128617	164.380680	44.204151	129.148270	155.601259	133.108964	173.160101	0.687211	0.171692	2.707722	1.710655
3547949507.660316	114.622605	153.324417	25.713474	109.684873	145.799871	119.560338	160.848963	0.680997	0.178846	2.683284	1.720430
3547949508.343796	96.143940	147.875999	7.934833	87.173340	148.602865	105.114540	147.149133	0.664299	0.153445	2.619746	1.686217
3547949509.021276	78.331037	148.381429	350.431915	87.237453	147.086925	69.424620	149.675933	0.645386	0.153445	2.551320	1.686217
3547949509.713767	60.469130	154.710799	332.018127	67.996789	149.777812	52.941472	159.643786	0.634116	0.164456	2.512219	1.700880
3547949510.375233	45.229044	165.523135	316.678680	39.983789	172.836637	50.474299	158.209634	0.619526	0.149732	2.463343	1.681329
3547949511.716175	28.128449	196.142494	281.420624	36.852917	193.932594	19.403981	198.352394	0.588536	0.130837	2.365591	1.656891
3547949512.412666	27.806689	215.792106	261.597626	34.541030	221.762756	21.072348	209.821457	0.572060	0.123123	2.316716	1.647116
3547949513.740603	47.432374	249.135286	219.838531	48.088380	240.159226	46.776368	258.111346	0.544203	0.115316	2.238514	1.637341
3547949514.405071	64.803944	258.527565	197.499023	61.123307	266.740537	68.484581	250.314593	0.529531	0.099419	2.199413	1.617791
3547949515.119578	85.091713	260.786583	175.338654	90.102962	253.310797	80.080463	268.262369	0.510442	0.103429	2.150538	1.622678
3547949515.858098	105.467560	255.135648	153.539810	101.977474	263.431388	108.957646	246.839908	0.488415	0.095385	2.096774	1.612903
3547949516.487541	123.296261	241.606369	133.630463	114.353432	242.619193	132.239089	240.593545	0.473800	0.066444	2.062561	1.578690
3547949517.894535	142.061829	210.638875	108.449726	133.080706	211.221484	151.042952	210.056267	0.440790	0.079000	1.989247	1.593353
3547949518.550997	145.535521	189.287934	86.769524	153.907695	185.985405	137.163346	192.590463	0.422170	0.087242	1.950147	1.603128
3547949519.269504	140.862028	169.536575	66.814789	147.571878	175.534734	134.152178	163.538416	0.412577	0.074840	1.930596	1.588465
3547949519.932972	129.006401	152.122472	45.348009	120.195006	150.289624	137.817795	153.955320	0.397817	0.083133	1.901271	1.598240
3547949520.659485	112.631395	140.944939	25.799881	107.062721	133.874587	118.200069	148.015291	0.374804	0.074840	1.857283	1.588465
3547949521.413016	94.481881	135.847342	7.615040	85.737579	133.717274	103.226182	137.977409	0.366889	0.057944	1.842620	1.568915
3547949522.114511	73.390849	137.139330	346.521667	66.088606	131.878413	80.693092	142.400246	0.347921	0.044993	1.808407	1.554252
3547949522.801997	53.637856	145.822743	327.237335	49.230921	137.975520	58.044792	153.669967	0.331083	0.070655	1.779081	1.583578
3547949523.490483	37.901465	159.274919	312.112915	45.902818	163.395398	29.900112	155.154440	0.325346	0.057944	1.769306	1.568915
3547949524.906480	19.093649	196.437078	282.464447	21.571263	187.784828	16.616035	205.089328	0.298725	0.057944	1.725318	1.568915
3547949525.547934	17.199062	217.796420	268.224731	25.552227	221.146740	8.845898	214.446100	0.280210	0.062207	1.695992	1.573803
3547949526.251429	20.296672	238.111083	255.463318	27.842134	243.016795	12.751210	233.205372	0.264285	0.053654	1.671554	1.564027
3547949526.983946	27.278957	256.241376	244.309830	33.310216	249.561263	21.247697	262.921489	0.261044	0.040621	1.666667	1.549365
3547949527.656420	38.897933	275.694288	233.398682	31.733021	270.247818	46.062845	281.140758	0.254505	0.022856	1.656891	1.529814
3547949528.309882	53.304566	290.483639	219.398727	57.719811	282.641087	48.889322	298.326191	0.220615	0.053654	1.608016	1.564027
3547949529.020382	70.785645	302.578840	208.004951	65.268757	295.468007	76.302533	309.689673	0.220615	0.049337	1.608016	1.559140
3547949530.403359	111.649178	318.276353	198.644775	117.613612	325.016199	105.684745	311.536506	0.213588	0.049337	1.598240	1.559140
3547949531.065827	130.647062	324.601112	200.530479	135.208120	316.842456	126.086004	332.359769	0.195640	0.022856	1.573803	1.529814
3547949531.743305	147.404587	331.516964	204.627335	151.105732	339.720715	143.703443	323.313214	0.173352	0.049337	1.544477	1.559140
3547949532.427787	165.043957	339.354539	204.227402	165.258850	348.351973	164.829064	330.357104	0.184600	0.027340	1.559140	1.534702
3547949533.132285	183.459463	345.943093	194.293747	187.655319	337.981008	179.263607	353.905177	0.165733	0.036222	1.534702	1.544477
3547949533.823772	204.056540	348.793347	181.013107	212.442497	345.525976	195.670582	352.060718	0.154121	0.022856	1.520039	1.529814
3547949534.507255	225.114620	346.774930	168.023468	234.102577	347.240373	216.126664	346.309487	0.169554	0.036222	1.539589	1.544477
3547949535.176727	245.361227	340.909387	159.496841	239.397160	347.649558	251.325295	334.169217	0.158017	0.027340	1.524927	1.534702
3547949535.866214	263.375610	333.171046	152.798767	255.200643	336.935342	271.550577	329.406751	0.161887	0.040621	1.529814	1.549365
3547949536.570710	281.296150	321.901776	141.659027	283.846923	330.532741	278.745377	313.270811	0.161887	0.044993	1.529814	1.554252
3547949537.283214	287.410363	314.309908	78.484673	286.914321	323.296227	287.906406	305.323588	0.202886	0.079000	1.583578	1.593353
3547949537.995717	285.257727	312.156269	11.762922	291.735515	305.908209	278.779938	318.404329	0.217112	0.130837	1.603128	1.656891
3547949538.743243	274.316999	311.210895	1.795388	265.543033	313.215271	283.090965	309.206519	0.257784	0.149732	1.661779	1.681329
3547949540.119213	238.295197	309.551356	0.149592	236.953883	300.651868	239.636511	318.450843	0.286452	0.203257	1.705767	1.754643
3547949540.794690	219.568570	309.865456	356.608246	228.562250	309.528218	210.574891	310.202694	0.298725	0.216783	1.725318	1.774194
3547949541.478171	202.374964	311.317108	353.462769	193.380042	311.619406	211.369885	311.014809	0.283340	0.216783	1.700880	1.774194
3547949542.179667	182.562047	313.549864	352.065186	180.714011	304.741643	184.410083	322.358086	0.289547	0.220118	1.710655	1.779081
3547949542.873155	164.234271	316.878119	349.049744	167.175841	325.383833	161.292702	308.372405	0.280210	0.226734	1.695992	1.788856
3547949543.557640	145.751267	321.167976	347.286407	136.839850	322.427600	154.662683	319.908352	0.277062	0.226734	1.691105	1.788856
3547949544.270142	126.988540	325.110649	345.762131	125.315873	316.267450	128.661208	333.953849	0.261044	0.220118	1.666667	1.779081
3547949544.978641	108.747247	330.697420	343.305817	115.639059	336.485591	101.855434	324.909249	0.257784	0.199828	1.661779	1.749756
3547949545.651117	92.072641	336.044852	342.477112	92.464131	345.036334	91.681151	327.053371	0.244550	0.203257	1.642229	1.754643
3547949546.273557	75.707009	340.866822	345.045532	80.254166	333.100010	71.159852	348.633633	0.237814	0.210058	1.632454	1.764418
3547949546.978053	59.610162	344.559196	349.243622	64.135380	352.338810	55.084944	336.779581	0.227557	0.192913	1.617791	1.739980
3547949547.669539	42.942169	347.319594	352.513062	37.461989	340.180432	48.422349	354.458756	0.227557	0.175279	1.617791	1.715543
3547949548.342014	25.583472	349.131717	355.501160	29.907696	357.024821	21.259248	341.238613	0.210043	0.164456	1.593353	1.700880
3547949549.017494	13.868732	350.511119	327.022827	11.233211	341.905654	16.504253	359.116584	0.202886	0.175279	1.583578	1.715543
3547949550.383454	18.228781	358.271145	235.669647	18.680375	367.259808	17.777187	349.282482	0.177125	0.157137	1.549365	1.691105
3547949551.116971	26.803372	371.963405	237.028610	35.686061	373.411795	17.920683	370.515015	0.177125	0.157137	1.549365	1.691105
3547949551.788447	38.150083	389.259002	234.268005	29.365736	391.217383	46.934430	387.300622	0.161887	0.149732	1.529814	1.681329
3547949552.498947	52.085751	407.052691	228.357483	44.617392	412.075003	59.554109	402.030379	0.154121	0.142240	1.520039	1.671554
3547949553.919949	84.561036	441.715991	226.329727	83.349223	432.797947	85.772850	450.634035	0.154121	0.115316	1.520039	1.637341
3547949554.633452	101.464216	458.401870	222.113861	94.200350	463.715649	108.728082	453.088091	0.146255	0.115316	1.510264	1.637341
3547949555.984406	137.770206	484.611703	208.314911	130.347274	479.522491	145.193138	489.700915	0.142283	0.115316	1.505376	1.637341
3547949556.671892	158.957829	494.785456	202.959015	150.432683	497.670224	167.482975	491.900688	0.113744	0.123123	1.471163	1.647116
3547949557.366380	180.850242	502.716993	194.601440	182.437631	493.858088	179.262852	511.575898	0.113744	0.119231	1.471163	1.642229
3547949558.067876	205.254801	506.986594	185.151718	203.446949	515.803151	207.062653	498.170037	0.117902	0.095385	1.476051	1.612903
3547949558.743352	227.940045	507.423156	177.300949	219.117726	505.643638	236.762364	509.202675	0.130213	0.103429	1.490714	1.622678
3547949560.233404	276.684551	495.561336	157.191345	275.681228	486.617437	277.687874	504.505236	0.126136	0.099419	1.485826	1.617791
3547949561.562340	288.781448	484.078269	27.234203	281.019215	488.633238	296.543680	479.523300	0.109558	0.103429	1.466276	1.622678
3547949563.672830	248.764029	466.209272	28.217600	248.253697	475.194792	249.274362	457.223753	0.079458	0.095385	1.432063	1.612903
3547949564.392338	232.144864	456.575846	31.904955	227.916948	448.630738	236.372779	464.520953	0.101102	0.111377	1.456500	1.632454
3547949565.094832	216.754570	446.808476	32.647514	208.267405	443.813808	225.241735	449.803143	0.109558	0.079000	1.466276	1.593353
3547949565.787322	199.407173	436.020840	30.767023	204.845991	428.850117	193.968355	443.191562	0.096832	0.066444	1.451613	1.578690
3547949566.444785	181.744714	425.954319	27.538313	175.702616	432.624630	187.786812	419.284007	0.096832	0.079000	1.451613	1.593353
3547949567.786734	144.843539	408.811902	20.142086	136.189741	406.339701	153.497337	411.284102	0.096832	0.070655	1.451613	1.583578
3547949568.511243	125.478243	403.259863	12.284283	127.983498	394.615576	122.972988	411.904150	0.105344	0.044993	1.461388	1.554252
3547949569.252769	103.760925	399.896438	6.483865	101.966903	391.077057	105.554946	408.715820	0.096832	0.066444	1.451613	1.578690
3547949569.952263	83.686583	398.495624	2.288654	76.907633	404.415576	90.465534	392.575672	0.101102	0.066444	1.456500	1.578690
3547949572.003707	22.806197	402.498868	351.526367	25.739693	393.990366	19.872702	411.007369	0.083846	0.074840	1.436950	1.588465
3547949572.681185	14.539345	405.074212	297.148254	5.860024	407.455261	23.218665	402.693163	0.083846	0.070655	1.436950	1.583578
3547949573.378677	14.921839	406.755867	229.418488	15.661020	415.725461	14.182658	397.786273	0.109558	0.079000	1.466276	1.593353
3547949574.757652	37.870639	427.294301	220.411346	33.556910	419.395456	42.184368	435.193145	0.092532	0.066444	1.446725	1.578690
3547949575.492168	54.043852	440.634318	217.111237	57.056632	449.115070	51.031072	432.153566	0.070592	0.066444	1.422287	1.578690
3547949576.166645	73.338726	454.026825	211.632446	81.537860	457.738186	65.139592	450.315464	0.092532	0.070655	1.446725	1.583578
3547949576.851127	92.366751	464.424607	204.615631	95.971632	472.671111	88.761870	456.178103	0.079458	0.074840	1.432063	1.588465
3547949580.283549	210.554333	460.415576	145.882172	201.737123	458.610913	219.371543	462.220240	0.070592	0.049337	1.422287	1.559140
3547949581.001055	228.700387	444.844602	132.463989	224.251151	437.021284	233.149622	452.667920	0.066113	0.053654	1.417400	1.564027
3547949582.391037	253.534698	401.458625	107.653503	246.836797	395.447127	260.232599	407.470124	0.088204	0.070655	1.441838	1.583578
3547949583.098536	258.641928	378.024629	95.882561	249.660345	378.600099	267.623511	377.449159	0.083846	0.091326	1.436950	1.608016
3547949583.792024	258.567592	352.317570	83.499985	249.842458	354.524836	267.292727	350.110304	0.096832	0.095385	1.451613	1.612903
3547949584.485514	253.186936	328.251797	70.599258	244.220644	327.473583	262.153227	329.030010	0.092532	0.103429	1.446725	1.622678
3547949585.136975	243.074353	307.399498	59.447887	240.914290	316.136439	245.234415	298.662558	0.092532	0.115316	1.446725	1.637341
3547949585.845472	228.748811	286.055243	49.996571	231.139955	277.378698	226.357668	294.731788	0.126136	0.164456	1.485826	1.700880
3547949586.554973	212.429227	270.026484	40.041454	205.977726	276.301683	218.880729	263.751284	0.184600	0.315131	1.559140	1.930596
3547949587.283487	193.988532	256.985584	32.583351	185.710848	253.452888	202.266217	260.518279	0.342369	0.485111	1.798631	2.277615
3547949587.971972	176.478744	245.588294	33.236074	167.757090	247.809275	185.200398	243.367313	0.580384	0.522157	2.341153	2.370479
3547949589.398980	143.763912	222.039009	37.594618	144.702648	213.088099	142.825177	230.989918	0.706362	0.558142	2.785924	2.468231
3547949590.104476	129.649802	210.817603	37.218166	133.813361	202.838582	125.486244	218.796624	0.708681	0.549415	2.795699	2.443793
3547949590.781956	116.102576	200.753071	38.301361	111.004100	193.336500	121.201053	208.169643	0.700494	0.536901	2.761486	2.409580
3547949591.477446	103.963061	190.943538	39.002419	95.283124	188.564737	112.642998	193.322339	0.694521	0.522157	2.737048	2.370479
3547949593.540906	67.770004	160.202601	42.484112	76.746289	159.549676	58.793719	160.855525	0.646771	0.485111	2.556207	2.277615
3547949594.221381	56.497165	149.132645	44.551044	51.649972	141.549458	61.344358	156.715832	0.645386	0.466487	2.551320	2.233627
3547949594.896859	45.703763	137.823064	47.790989	51.272149	144.893642	40.135377	130.752486	0.623963	0.457972	2.478006	2.214076
3547949595.573335	36.473744	126.547791	52.568783	29.782224	132.566392	43.165263	120.529190	0.605890	0.464372	2.419355	2.228739
3547949596.920286	19.141765	101.682363	57.667995	11.043499	97.755776	27.240031	105.608951	0.578733	0.415385	2.336266	2.121212
3547949597.607771	15.963014	98.675576	354.195038	9.475962	104.914018	22.450065	92.437134	0.561837	0.408317	2.287390	2.106549
3547949598.288254	16.324892	98.556912	290.594452	7.324929	98.531095	25.324855	98.582729	0.538762	0.398739	2.223851	2.086999
3547949598.979739	16.420994	98.819766	223.415649	19.613107	107.234658	13.228880	90.404873	0.536932	0.403550	2.218964	2.096774
3547949599.696246	20.343723	98.640234	176.203751	17.903594	89.977337	22.783851	107.303130	0.518181	0.379034	2.170088	2.047898
3547949600.384730	35.773030	98.821862	182.108932	36.702343	89.869970	34.843716	107.773755	0.488415	0.348025	2.096774	1.989247
3547949601.062209	52.076517	100.275410	185.839951	56.280225	108.233352	47.872809	92.317468	0.478025	0.339985	2.072336	1.974585
3547949601.757699	70.376809	101.623642	182.958939	64.264719	95.017406	76.488900	108.229877	0.463061	0.331824	2.038123	1.959922
3547949602.468199	89.183440	101.516897	178.030228	81.419281	106.068582	96.947599	96.965213	0.454282	0.317949	2.018573	1.935484
3547949603.156685	107.164574	100.412721	175.493088	110.966250	92.255071	103.362898	108.570371	0.452061	0.286154	2.013685	1.881720
3547949603.831162	125.606438	97.124264	167.036407	130.171735	104.880426	121.041142	89.368101	0.424538	0.286154	1.955034	1.881720
3547949604.506642	143.887028	90.606533	153.616020	141.038679	99.143917	146.735377	82.069150	0.397817	0.283173	1.901271	1.876833
3547949605.181114	159.814094	80.522622	140.964577	156.250623	88.787104	163.377566	72.258139	0.387722	0.258756	1.881720	1.837732
3547949606.578099	182.902583	51.015994	112.412079	188.598429	44.047684	177.206737	57.984303	0.358847	0.274137	1.827957	1.862170
3547949607.275593	189.305032	32.376564	99.970222	194.091368	24.754820	184.518696	39.998309	0.342369	0.226734	1.798631	1.788856
3547949610.699008	165.354027	23.593576	327.327774	160.256374	16.176438	170.451679	31.010714	0.289547	0.233278	1.710655	1.798631
3547949611.499571	150.800647	32.277419	330.457565	155.810414	39.754199	145.790880	24.800639	0.280210	0.192913	1.695992	1.739980
3547949612.183054	135.153588	41.279772	330.716934	141.913363	47.221611	128.393814	35.337934	0.273896	0.178846	1.686217	1.720430
3547949612.880546	117.541454	52.154836	328.606323	108.970152	54.899428	126.112755	49.410243	0.261044	0.178846	1.666667	1.720430
3547949614.973021	69.058785	84.491449	324.609558	76.753617	89.159379	61.363954	79.823520	0.247888	0.160807	1.647116	1.695992
3547949615.655503	53.811228	95.378032	325.082336	62.787583	96.029989	44.834873	94.726074	0.224096	0.171692	1.612903	1.710655
3547949616.342988	36.792698	107.835583	321.938263	27.817988	107.161358	45.767408	108.509807	0.206475	0.157137	1.588465	1.691105
3547949617.783006	16.977280	128.867010	257.609283	16.989107	119.867017	16.965452	137.867002	0.191983	0.145997	1.568915	1.676442
3547949618.445473	19.486575	130.648989	195.960266	11.159914	127.233332	27.813236	134.064647	0.195640	0.134661	1.573803	1.661779
3547949619.139963	32.183896	132.756630	189.011444	27.744153	124.927921	36.623638	140.585339	0.173352	0.126991	1.544477	1.652004
3547949619.821442	50.551456	136.077647	190.138794	41.575059	136.729022	59.527854	135.426271	0.180874	0.119231	1.554252	1.642229
3547949620.486912	69.404250	140.009359	191.157364	65.249930	147.993194	73.558570	132.025523	0.165733	0.119231	1.534702	1.642229
3547949621.181405	91.920244	144.874209	192.126694	96.152238	152.817145	87.688249	136.931274	0.169554	0.126991	1.539589	1.652004
3547949621.911918	114.019888	149.877183	192.745743	122.075529	153.890491	105.964247	145.863874	0.154121	0.119231	1.520039	1.642229
3547949622.579388	137.119739	154.129996	190.065407	128.119743	154.121457	146.119735	154.138535	0.150201	0.107415	1.515152	1.627566
3547949623.340927	160.994039	157.187513	183.860100	152.020657	157.879196	169.967420	156.495830	0.150201	0.111377	1.515152	1.632454
3547949624.039419	187.892557	158.360708	178.009781	180.036960	162.752700	195.748154	153.968715	0.138286	0.107415	1.500489	1.627566
3547949624.754924	211.306791	155.750466	171.398468	202.454898	157.376503	220.158684	154.124429	0.150201	0.099419	1.515152	1.617791
3547949626.173926	258.519063	142.196142	155.750412	267.257724	140.043047	249.780403	144.349237	0.146255	0.099419	1.510264	1.617791
3547949626.876420	279.641014	130.679535	146.668213	272.133406	135.642983	287.148622	125.716086	0.134263	0.103429	1.495601	1.622678
3547949630.325854	242.498648	111.057416	15.285414	238.807864	119.265834	246.189432	102.848999	0.126136	0.074840	1.485826	1.588465
3547949631.031352	223.551636	105.859437	15.429044	221.073783	114.511618	226.029490	97.207256	0.122033	0.087242	1.480938	1.603128
3547949631.725840	206.001780	100.833917	16.293634	210.976610	108.333989	201.026951	93.333846	0.130213	0.099419	1.490714	1.617791
3547949632.427341	187.117595	94.759557	18.363013	191.325748	86.803964	182.909442	102.715149	0.126136	0.095385	1.485826	1.612903
3547949633.079796	166.690361	87.923709	18.377344	170.784075	79.908629	162.596646	95.938789	0.134263	0.107415	1.495601	1.627566
3547949633.876358	146.546778	81.670865	16.522063	153.090750	87.849572	140.002806	75.492157	0.130213	0.103429	1.490714	1.622678
3547949634.518812	124.944813	76.327457	11.007625	133.944159	76.219006	115.945466	76.435907	0.122033	0.099419	1.480938	1.617791
3547949635.231313	100.794527	73.535999	4.317931	109.103371	76.994773	92.485683	70.077226	0.126136	0.087242	1.485826	1.603128
3547949635.922801	79.465558	72.807941	0.049403	79.021109	63.818921	79.910006	81.796960	0.130213	0.107415	1.490714	1.627566
3547949636.651316	59.867030	73.325197	357.374542	66.112967	66.845361	53.621094	79.805033	0.130213	0.103429	1.490714	1.622678
3547949639.411263	13.596315	80.597722	226.546021	10.498829	72.147540	16.693801	89.047904	0.122033	0.111377	1.480938	1.632454
3547949640.085739	23.705787	88.972557	218.302048	32.699068	89.320245	14.712505	88.624868	0.122033	0.087242	1.480938	1.603128
3547949640.803245	38.566485	101.221294	219.644043	40.944879	92.541245	36.188091	109.901342	0.105344	0.099419	1.461388	1.617791
3547949642.289293	71.771707	130.733029	221.665909	62.923015	132.376398	80.620398	129.089660	0.105344	0.095385	1.461388	1.612903
3547949643.138894	90.090600	147.334107	222.777573	87.642297	155.994697	92.538903	138.673517	0.096832	0.083133	1.451613	1.598240
3547949643.819373	107.729817	164.415799	224.509872	116.671396	165.439599	98.788238	163.392000	0.096832	0.083133	1.451613	1.598240
3547949644.524871	126.676063	183.384485	226.765480	121.813246	175.811308	131.538879	190.957663	0.101102	0.091326	1.456500	1.608016
3547949645.187337	143.013350	199.865708	223.868668	149.566516	206.034663	136.460184	193.696752	0.264285	0.087242	1.671554	1.603128
3547949645.866817	161.153954	215.016972	215.764305	153.553660	219.837298	168.754247	210.196646	0.713270	0.087242	2.815249	1.603128
3547949647.984312	219.538377	239.311205	183.442398	211.055905	236.303270	228.020848	242.319139	0.751870	0.087242	2.991202	1.603128
3547949650.085794	272.248610	210.799889	119.457573	271.555827	201.826592	272.941393	219.773186	0.726662	0.070655	2.873900	1.583578
3547949650.788291	279.157041	192.317856	103.548569	278.043998	201.248765	280.270084	183.386947	0.717795	0.087242	2.834800	1.603128
3547949652.173267	281.955022	156.024730	86.190620	290.769895	157.840772	273.140149	154.208687	0.684739	0.099419	2.697947	1.617791
3547949652.859753	279.625451	138.852923	77.019707	270.637009	139.308908	288.613892	138.396938	0.672105	0.079000	2.649071	1.593353
3547949654.284759	263.673447	104.289668	48.186394	271.535638	108.669844	255.811255	99.909492	0.646771	0.111377	2.556207	1.632454
3547949654.985256	248.305667	92.025586	26.698540	239.305780	91.980606	257.305555	92.070566	0.634116	0.111377	2.512219	1.632454
3547949655.679742	229.920721	86.735116	5.768091	234.354275	78.902900	225.487166	94.567331	0.616538	0.126991	2.453568	1.652004
3547949656.374230	211.249017	88.043898	347.847870	204.376360	93.854800	218.121675	82.232997	0.608963	0.111377	2.429130	1.632454
3547949657.108749	194.474970	94.312349	332.198395	200.996201	88.109644	187.953740	100.515054	0.580384	0.126991	2.341153	1.652004
3547949657.790229	178.703002	107.086392	313.748352	182.298023	98.835584	175.107981	115.337199	0.570375	0.134661	2.311828	1.661779
3547949659.151191	161.464646	141.722895	276.558533	160.580661	132.766413	162.348631	150.679377	0.540583	0.134661	2.228739	1.661779
3547949659.858690	162.662283	163.520544	257.617157	162.603249	154.520738	162.721317	172.520351	0.521998	0.142240	2.179863	1.671554
3547949660.550177	170.021502	183.060770	241.508972	166.569345	191.372365	173.473659	174.749175	0.496554	0.142240	2.116325	1.671554
3547949661.177619	182.340787	200.141996	225.512260	188.016777	193.157504	176.664796	207.126488	0.492504	0.123123	2.106549	1.647116
3547949661.853095	197.094273	211.578606	207.491165	195.784491	202.674423	198.404055	220.482789	0.478025	0.134661	2.072336	1.661779
3547949662.666672	215.322959	217.462631	187.227097	223.914757	214.782892	206.731161	220.142371	0.449829	0.111377	2.008798	1.632454
3547949663.325135	234.164393	216.315056	166.926559	237.851887	224.524952	230.476899	208.105161	0.445331	0.123123	1.999022	1.647116
3547949664.011618	255.747837	206.267908	144.652496	254.498773	197.355005	256.996901	215.180811	0.433894	0.123123	1.974585	1.647116
3547949664.712113	270.819611	191.270879	126.380066	264.909819	184.483070	276.729403	198.058689	0.405254	0.115316	1.915934	1.637341
3547949666.125110	282.729193	152.872309	90.499413	277.597207	160.265733	287.861179	145.478885	0.387722	0.130837	1.881720	1.656891
3547949666.793581	279.918130	131.948459	75.908539	275.522060	124.095143	284.314200	139.801775	0.382596	0.126991	1.871945	1.652004
3547949667.486070	272.444585	112.388308	62.247856	277.406851	104.879917	267.482320	119.896698	0.372180	0.123123	1.852395	1.647116
3547949668.153542	260.248019	96.004100	44.765976	253.895010	89.629206	266.601029	102.378993	0.369542	0.138462	1.847507	1.666667
3547949668.830018	243.311562	83.595397	29.215477	250.585647	88.895178	236.037476	78.295617	0.353414	0.175279	1.818182	1.715543
3547949669.524507	226.298234	76.337922	16.450476	232.383504	82.968871	220.212964	69.706973	0.339571	0.138462	1.793744	1.666667
3547949670.170969	206.667736	72.258803	6.521936	204.539332	63.514097	208.796140	81.003510	0.331083	0.153445	1.779081	1.686217
3547949670.877463	188.749971	71.885421	359.088165	181.447059	66.625434	196.052883	77.145409	0.325346	0.145997	1.769306	1.676442
3547949671.604976	168.528602	72.234771	355.255737	170.805493	80.941995	166.251710	63.527546	0.313679	0.164456	1.749756	1.700880
3547949672.287458	148.332004	73.730592	358.561157	144.665490	65.511305	151.998517	81.949880	0.301749	0.153445	1.730205	1.686217
3547949672.977944	129.735783	72.517981	5.770260	134.152338	64.676167	125.319228	80.359795	0.310722	0.149732	1.744868	1.681329
3547949675.704872	68.486969	48.343489	32.123394	62.637769	41.503397	74.336169	55.183581	0.261044	0.138462	1.666667	1.666667
3547949676.426378	55.538913	40.314632	33.136028	46.639041	41.653394	64.438784	38.975870	0.264285	0.138462	1.671554	1.666667
3547949677.170903	42.631548	31.299117	38.604942	35.549107	25.745827	49.713988	36.852407	0.251206	0.149732	1.652004	1.681329
3547949677.855387	29.841974	20.933344	40.111523	23.845637	27.644822	35.838312	14.221866	0.247888	0.142240	1.647116	1.671554
3547949685.491775	47.093322	17.462594	210.768478	49.595834	26.107675	44.590810	8.817512	0.195640	0.115316	1.573803	1.637341
3547949686.205276	62.771978	28.276190	218.710953	71.162067	25.019441	54.381889	31.532938	0.169554	0.115316	1.539589	1.637341
3547949686.866744	79.722050	42.947761	221.459732	70.724338	42.744828	88.719761	43.150694	0.177125	0.115316	1.549365	1.637341
3547949688.209691	117.176078	70.287612	209.954803	112.611499	78.044198	121.740658	62.531027	0.180874	0.099419	1.554252	1.617791
3547949688.926195	136.375840	80.322916	205.301437	144.388177	84.421997	128.363503	76.223836	0.161887	0.107415	1.529814	1.627566
3547949689.668721	160.157617	90.837793	199.553619	169.140053	90.275786	151.175182	91.399800	0.165733	0.099419	1.534702	1.617791
3547949690.349199	182.646403	97.554181	194.106438	188.251536	90.512697	177.041271	104.595664	0.165733	0.099419	1.534702	1.617791
3547949691.049693	206.376512	102.237216	187.326340	214.660525	98.719384	198.092500	105.755048	0.161887	0.134661	1.529814	1.661779
3547949693.152182	279.455695	100.906052	168.567429	287.387261	96.652787	271.524128	105.159316	0.158017	0.107415	1.524927	1.627566
3547949695.955155	289.619736	98.349441	12.603477	289.285860	89.355636	289.953613	107.343246	0.169554	0.119231	1.539589	1.642229
3547949696.640644	276.912784	94.491192	19.443609	271.875263	87.033083	281.950305	101.949301	0.161887	0.119231	1.529814	1.642229
3547949697.316114	262.724184	87.967592	27.840410	258.940278	96.133500	266.508091	79.801684	0.158017	0.130837	1.524927	1.656891
3547949698.033620	245.894790	77.803834	33.176720	237.056747	79.503536	254.732834	76.104132	0.169554	0.111377	1.539589	1.632454
3547949699.391580	215.457161	54.604842	39.937923	208.391688	60.179704	222.522635	49.029980	0.150201	0.103429	1.515152	1.622678
3547949700.094076	200.800728	41.863155	41.956459	208.884912	45.818653	192.716544	37.907656	0.146255	0.119231	1.510264	1.642229
3547949700.861616	186.164343	27.957667	44.734676	180.013944	21.387082	192.314742	34.528253	0.150201	0.119231	1.515152	1.642229
3547949702.962099	167.115130	16.038909	277.956818	158.139849	15.372330	176.090411	16.705488	0.142283	0.115316	1.505376	1.637341
3547949703.668597	164.616604	30.266259	279.971298	167.867384	38.658662	161.365825	21.873856	0.146255	0.119231	1.510264	1.642229
3547949704.343072	161.233951	48.385080	282.078278	166.787917	41.303169	155.679985	55.466991	0.146255	0.119231	1.510264	1.642229
3547949705.735054	151.712273	88.500315	285.099335	145.347049	94.863012	158.077498	82.137618	0.134263	0.111377	1.495601	1.632454
3547949706.409530	146.515529	108.467761	284.518753	137.703281	110.296499	155.327777	106.639024	0.142283	0.087242	1.505376	1.603128
3547949707.143047	141.087022	129.958466	283.455063	135.208760	123.143333	146.965285	136.773599	0.158017	0.123123	1.524927	1.647116
3547949707.810522	135.944723	151.671900	281.554687	144.295525	148.315696	127.593921	155.028105	0.142283	0.111377	1.505376	1.632454
3547949709.168476	127.394974	196.833121	277.576218	119.309566	192.880125	135.480382	200.786117	0.142283	0.103429	1.505376	1.622678
3547949709.846956	125.703643	217.699075	271.819458	116.726763	218.343764	134.680524	217.054387	0.134263	0.119231	1.495601	1.642229
3547949710.535440	125.625869	238.442532	267.706024	131.219317	245.493300	120.032420	231.391763	0.138286	0.115316	1.500489	1.637341
3547949711.205919	126.908888	259.740437	264.075368	125.283586	250.888409	128.534189	268.592464	0.134263	0.119231	1.495601	1.642229
3547949711.850368	129.808507	279.370266	259.361038	120.953341	280.978382	138.663673	277.762150	0.169554	0.130837	1.539589	1.656891
3547949712.580884	135.195126	302.297381	255.450816	142.678669	307.297040	127.711584	297.297721	0.126136	0.107415	1.485826	1.627566
3547949713.271371	140.795469	322.372865	253.291458	132.482450	325.821592	149.108487	318.924138	0.126136	0.107415	1.485826	1.627566
3547949713.953853	147.103958	342.736144	250.600899	153.082366	336.008690	141.125549	349.463598	0.113744	0.095385	1.471163	1.612903
3547949715.296799	165.181764	381.885269	239.959030	156.799989	378.607183	173.563539	385.163356	0.117902	0.087242	1.476051	1.603128
3547949715.982284	176.841096	400.543538	236.510452	183.840421	406.201227	169.841771	394.885849	0.122033	0.095385	1.480938	1.612903
3547949717.351253	201.268683	437.943096	235.845810	203.288578	446.713502	199.248788	429.172690	0.105344	0.107415	1.461388	1.627566
3547949718.005712	214.770849	457.153583	232.229767	216.980821	448.429133	212.560877	465.878032	0.117902	0.095385	1.476051	1.612903
3547949719.451733	246.388222	489.917876	220.306763	242.922647	481.611867	249.853796	498.223886	0.109558	0.107415	1.466276	1.627566
3547949720.104192	265.222332	505.168195	218.509064	274.095058	503.659976	256.349605	506.676414	0.117902	0.115316	1.476051	1.637341
3547949720.749647	283.326498	519.614637	218.223343	292.264604	520.668333	274.388393	518.560940	0.138286	0.126991	1.500489	1.652004
3547949724.167060	282.385652	515.668133	41.522484	288.057233	522.656207	276.714072	508.680059	0.142283	0.138462	1.505376	1.666667
3547949724.988639	271.754539	504.726219	47.798725	277.377458	511.753507	266.131621	497.698930	0.138286	0.149732	1.500489	1.681329
3547949725.669116	260.089486	490.670579	54.035858	265.382935	497.949273	254.796037	483.391884	0.150201	0.130837	1.515152	1.656891
3547949726.975042	238.105817	454.890902	62.812202	238.282661	445.892640	237.928973	463.889165	0.184600	0.145997	1.559140	1.676442
3547949727.653517	230.214422	437.689943	66.539001	235.037388	445.288561	225.391456	430.091325	0.173352	0.160807	1.544477	1.695992
3547949729.077521	216.645830	400.341768	71.830048	212.921964	408.535231	220.369695	392.148306	0.180874	0.145997	1.554252	1.676442
3547949729.743992	210.573060	381.210654	71.774887	206.403132	389.186348	214.742988	373.234960	0.195640	0.168085	1.573803	1.705767
3547949731.167996	197.263308	340.583224	70.619835	188.282902	339.989657	206.243713	341.176791	0.217112	0.168085	1.603128	1.705767
3547949731.835467	189.699534	318.874219	68.931114	191.345534	310.026017	188.053533	327.722421	0.237814	0.189426	1.632454	1.735093
3547949732.503940	181.707230	298.317043	68.053144	189.566751	293.932077	173.847709	302.702009	0.261044	0.196380	1.666667	1.744868
3547949733.192426	173.776737	278.510098	67.772509	182.543276	276.473488	165.010197	280.546708	0.310722	0.264957	1.744868	1.847507
3547949733.835880	165.627392	259.302390	65.297142	159.994161	266.321414	171.260624	252.283365	0.508485	0.366332	2.145650	2.023460
3547949734.501348	156.292988	240.794199	62.058931	162.577056	234.351336	150.008919	247.237062	0.623963	0.420042	2.478006	2.130987
3547949735.163817	146.776815	224.746739	57.106823	142.010214	217.112636	151.543415	232.380841	0.656316	0.449306	2.590420	2.194526
3547949735.889328	136.603876	209.630536	54.772430	145.414616	211.466526	127.793136	207.794545	0.656316	0.449306	2.590420	2.194526
3547949736.603833	126.899259	195.911457	56.129829	130.559554	187.689399	123.238964	204.133514	0.657659	0.468593	2.595308	2.238514
3547949737.310331	117.299876	181.764216	56.620148	116.657104	172.787198	117.942648	190.741233	0.631244	0.460115	2.502444	2.218964
3547949737.975799	107.224552	166.650778	55.879894	112.804769	159.589533	101.644334	173.712022	0.628349	0.447115	2.492669	2.189638
3547949738.672290	98.284209	152.440062	57.937485	89.432822	150.811273	107.135595	154.068851	0.613526	0.444915	2.443793	2.184751
3547949739.339768	90.508738	138.722096	61.086220	99.371532	140.287624	81.645944	137.156567	0.599670	0.424658	2.399804	2.140762
3547949740.662695	77.033305	110.367708	67.091446	85.126351	114.305042	68.940258	106.430374	0.575411	0.410684	2.326491	2.111437
3547949741.328166	70.980044	95.924311	67.716011	79.847599	94.385981	62.112488	97.462641	0.558371	0.391437	2.277615	2.072336
3547949742.042668	65.405096	81.493860	67.857925	73.965927	78.716781	56.844265	84.270939	0.535094	0.393882	2.214076	2.077224
3547949743.456666	54.234456	51.548266	71.350891	47.152518	57.102197	61.316394	45.994334	0.514329	0.361165	2.160313	2.013685
3547949744.870667	45.794879	20.876579	78.935669	49.265234	29.180592	42.324524	12.572566	0.465229	0.331824	2.043011	1.959922
3547949748.990572	71.412176	16.910116	187.633438	78.245199	11.052659	64.579153	22.767573	0.382596	0.261865	1.871945	1.842620
3547949749.696070	90.823104	18.143463	176.455048	86.305499	10.359425	95.340709	25.927501	0.366889	0.261865	1.842620	1.842620
3547949750.593703	110.272418	14.710294	160.894409	115.883724	21.746860	104.661113	7.673729	0.364223	0.249330	1.837732	1.823069
3547949754.031126	116.795150	24.542381	303.314514	107.897320	25.894649	125.692979	23.190114	0.292623	0.199828	1.715543	1.749756
3547949754.781655	107.051525	38.032525	307.040619	113.725979	31.995003	100.377072	44.070047	0.280210	0.192913	1.695992	1.739980
3547949755.517178	96.008841	52.845915	305.253082	100.469783	60.662564	91.547898	45.029267	0.280210	0.192913	1.695992	1.739980
3547949756.234684	84.929615	70.709082	298.924683	89.032694	78.719372	80.826536	62.698792	0.270711	0.189426	1.681329	1.735093
3547949756.951186	75.845340	88.600848	295.587524	73.377044	79.945935	78.313635	97.255761	0.261044	0.171692	1.666667	1.710655
3547949757.644676	67.238825	108.002850	291.827820	64.234922	116.486751	70.242728	99.518950	0.244550	0.171692	1.642229	1.710655
3547949758.310147	59.636826	128.543079	290.460754	50.720622	127.317802	68.553030	129.768357	0.247888	0.168085	1.647116	1.705767
3547949759.007637	52.687808	147.280283	289.353668	49.795749	138.757607	55.579867	155.802958	0.234415	0.168085	1.627566	1.705767
3547949759.759168	46.177911	167.855710	284.587006	37.510900	170.281181	54.844923	165.430239	0.234415	0.171692	1.627566	1.710655
3547949760.485680	42.135144	187.585671	278.112213	33.164844	188.316236	51.105443	186.855106	0.230996	0.157137	1.622678	1.691105
3547949761.197182	39.801919	210.784839	272.908997	36.218032	219.040489	43.385807	202.529189	0.213588	0.157137	1.598240	1.691105
3547949762.650208	40.317660	252.676813	264.679810	33.949701	246.316853	46.685620	259.036773	0.202886	0.130837	1.583578	1.656891
3547949763.281652	43.271539	276.176554	261.330811	48.193363	283.711515	38.349715	268.641592	0.199274	0.142240	1.578690	1.671554
3547949763.994155	46.369867	295.122460	258.640305	38.655535	290.486830	54.084200	299.758091	0.177125	0.130837	1.549365	1.656891
3547949765.433172	54.064740	332.557810	258.463562	47.285638	326.638031	60.843842	338.477588	0.177125	0.130837	1.549365	1.656891
3547949766.146674	57.923857	352.888902	259.534851	49.480223	356.004191	66.367492	349.773612	0.169554	0.119231	1.539589	1.642229
3547949767.671752	67.556447	396.767814	256.235870	76.384007	395.014476	58.728888	398.521151	0.158017	0.103429	1.524927	1.622678
3547949769.025706	80.890958	445.368255	253.703262	74.653305	451.856066	87.128610	438.880445	0.146255	0.107415	1.510264	1.627566
3547949769.700187	87.238759	467.483862	253.212860	78.680621	470.269228	95.796898	464.698496	0.134263	0.111377	1.495601	1.632454
3547949770.393671	93.113501	487.643277	256.105438	102.094121	487.052968	84.132881	488.233585	0.130213	0.095385	1.490714	1.612903
3547949771.083161	97.480669	508.588754	260.331055	93.801496	516.802382	101.159843	500.375126	0.142283	0.095385	1.505376	1.612903
3547949772.452123	103.067389	548.191944	262.773437	111.169647	544.273600	94.965131	552.110288	0.130213	0.103429	1.490714	1.622678
3547949773.208656	105.498386	567.145063	263.398956	109.772297	559.224603	101.224474	575.065522	0.138286	0.103429	1.500489	1.622678
3547949775.870533	127.949995	568.995349	134.617432	123.865576	577.015169	132.034415	560.975529	0.126136	0.115316	1.485826	1.637341
3547949776.570027	142.863164	554.133698	134.826241	140.529932	562.825995	145.196397	545.441402	0.134263	0.123123	1.495601	1.647116
3547949777.936992	175.674780	518.857777	129.460556	181.159049	525.993798	170.190511	511.721756	0.142283	0.126991	1.505376	1.652004
3547949778.654499	190.547545	499.367865	124.249992	199.436736	497.959928	181.658354	500.775801	0.142283	0.134661	1.505376	1.661779
3547949780.159561	217.438584	454.857111	116.822571	222.398189	462.367259	212.478979	447.346963	0.150201	0.145997	1.515152	1.676442
3547949780.837039	229.694968	428.282456	112.002670	237.693942	424.157360	221.695995	432.407552	0.154121	0.134661	1.520039	1.661779
3547949782.181987	243.893890	384.626165	104.118698	247.777274	392.745238	240.010507	376.507093	0.165733	0.153445	1.534702	1.686217
3547949783.541947	255.542829	340.263494	103.419754	253.291754	348.977429	257.793903	331.549559	0.188303	0.157137	1.564027	1.691105
3547949784.233434	260.780548	317.801938	101.555542	253.090097	313.126795	268.470999	322.477081	0.199274	0.182393	1.578690	1.725318
3547949784.918919	264.607785	295.048143	96.690582	258.818159	301.938733	270.397410	288.157553	0.210043	0.196380	1.593353	1.744868
3547949785.596400	266.822968	269.683680	91.679588	271.705401	277.244226	261.940535	262.123135	0.234415	0.223435	1.627566	1.783969
3547949786.263866	266.129950	250.404842	84.584694	264.005423	259.150491	268.254477	241.659192	0.234415	0.213430	1.627566	1.769306
3547949786.952353	266.133829	250.308883	84.168839	260.657371	257.450899	271.610287	243.166866	0.251206	0.223435	1.652004	1.783969
3547949787.590806	266.162075	250.304459	84.281013	261.519513	258.014623	270.804637	242.594296	0.254505	0.246154	1.656891	1.818182
3547949788.273286	266.126422	250.296130	84.194016	260.831495	257.573750	271.421350	243.018511	0.264285	0.249330	1.671554	1.823069
3547949788.939755	266.164502	250.289007	84.366402	262.196411	258.367018	270.132593	242.210996	0.257784	0.246154	1.661779	1.818182
3547949789.630242	266.148502	250.299203	84.296501	261.625905	258.080342	270.671100	242.518065	0.286452	0.268033	1.705767	1.852395
3547949790.333740	266.140065	250.295154	84.162582	260.619033	257.402770	271.661097	243.187538	0.283340	0.274137	1.700880	1.862170
3547949791.004212	266.142230	250.289754	84.288658	261.558745	258.035182	270.725716	242.544326	0.292623	0.289119	1.715543	1.886608
3547949791.715712	266.127279	250.292310	84.121643	260.319973	257.168007	271.934584	243.416614	0.301749	0.306593	1.730205	1.915934
3547949792.399198	266.140309	250.279788	84.143013	260.481252	257.278006	271.799367	243.281569	0.298725	0.300828	1.725318	1.906158
3547949793.089685	266.128797	250.302133	84.067307	259.956645	256.852288	272.300950	243.751978	0.319545	0.303718	1.759531	1.911046
3547949793.795179	266.170494	246.313294	80.648636	273.899004	241.701339	258.441984	250.925249	0.319545	0.309454	1.759531	1.920821
3547949795.159143	265.544139	217.147368	93.228333	273.210505	212.432835	257.877772	221.861901	0.316620	0.320752	1.754643	1.940371
3547949795.837621	267.462423	199.070799	100.015144	271.901662	191.241805	263.023183	206.899794	0.331083	0.331824	1.779081	1.959922
3547949796.547122	271.409982	181.245746	105.174553	280.388689	181.864467	262.431274	180.627026	0.336757	0.331824	1.788856	1.959922
3547949797.277637	277.240226	163.003023	110.409538	281.185645	171.092131	273.294806	154.913915	0.345153	0.342678	1.803519	1.979472
3547949797.961118	285.240695	143.406933	114.670387	276.240718	143.427232	294.240672	143.386635	0.347921	0.348025	1.808407	1.989247
3547949798.640598	288.643807	133.037241	69.533234	284.988800	124.812831	292.298814	141.261651	0.361542	0.366332	1.832845	2.023460
3547949799.312072	287.136271	131.929144	358.145325	287.102411	122.929207	287.170130	140.929080	0.350675	0.368897	1.813294	2.028348
3547949799.983546	277.831313	133.440465	346.907623	269.085785	131.315438	286.576841	135.565491	0.353414	0.371450	1.818182	2.033236
3547949800.654018	262.736104	136.678921	348.595367	261.646033	145.612663	263.826175	127.745179	0.374804	0.376518	1.857283	2.043011
3547949801.350510	246.389259	139.658207	350.970795	253.369190	133.976609	239.409328	145.339806	0.374804	0.388980	1.857283	2.067449
3547949802.011977	229.412024	142.214021	352.186584	226.510905	133.694425	232.313143	150.733617	0.385166	0.393882	1.876833	2.077224
3547949802.673448	211.209353	143.992253	356.379913	220.045938	145.699519	202.372767	142.284986	0.374804	0.388980	1.857283	2.067449
3547949803.415968	194.503670	144.342772	0.920883	187.338442	138.896718	201.668899	149.788826	0.369542	0.391437	1.847507	2.072336
3547949804.111462	176.099191	142.954825	10.099633	181.722246	149.982004	170.476135	135.927646	0.358847	0.376518	1.827957	2.043011
3547949804.803947	158.534694	138.136331	21.065488	151.343530	143.548092	165.725858	132.724570	0.358847	0.398739	1.827957	2.086999
3547949805.460411	143.580661	131.250967	26.500337	134.765830	129.434718	152.395492	133.067216	0.345153	0.368897	1.803519	2.028348
3547949807.504852	101.106854	102.349553	39.512199	92.369737	104.508902	109.843971	100.190205	0.319545	0.350679	1.759531	1.994135
3547949808.182330	88.137755	89.903017	48.203541	96.073895	94.147743	80.201616	85.658292	0.307748	0.331824	1.739980	1.959922
3547949808.880823	77.886303	75.338680	60.880390	86.242058	78.682535	69.530548	71.994826	0.295683	0.331824	1.720430	1.959922
3547949810.312834	63.483335	43.046948	69.897743	57.136537	36.665870	69.830133	49.428026	0.270711	0.303718	1.681329	1.911046
3547949810.968296	58.653460	26.810754	78.555725	58.796633	35.809615	58.510287	17.811893	0.257784	0.286154	1.661779	1.881720
3547949814.360689	57.726119	17.057028	310.456879	52.939390	24.678526	62.512849	9.435531	0.213588	0.230015	1.598240	1.793744
3547949815.051177	48.812850	26.580684	316.722076	43.889810	34.114852	53.735889	19.046516	0.202886	0.213430	1.583578	1.769306
3547949815.809712	36.169909	37.305418	322.345520	27.662179	40.241151	44.677639	34.369685	0.202886	0.226734	1.583578	1.788856
3547949816.505201	19.945852	48.381021	328.677399	11.591100	51.727381	28.300604	45.034662	0.188303	0.220118	1.564027	1.779081
3547949817.195689	12.999501	49.192958	25.958666	6.382927	43.092061	19.616075	55.293856	0.173352	0.210058	1.544477	1.764418
3547949819.890592	13.757153	50.317060	218.573425	22.514504	48.241296	4.999802	52.392825	0.146255	0.182393	1.510264	1.725318
3547949820.575074	17.884835	57.828406	246.715759	8.930461	58.733498	26.839209	56.923315	0.146255	0.178846	1.510264	1.720430
3547949821.285576	22.649878	73.199374	258.268860	17.144189	66.079866	28.155566	80.318882	0.142283	0.178846	1.505376	1.720430
3547949821.991071	23.981402	92.308581	273.597046	26.455496	100.961838	21.507307	83.655324	0.158017	0.145997	1.524927	1.676442
3547949822.710580	19.401817	112.854252	290.592468	10.401923	112.810583	28.401711	112.897922	0.126136	0.145997	1.485826	1.676442
3547949824.844086	13.939207	124.531112	81.595726	14.709411	115.564129	13.169004	133.498095	0.117902	0.142240	1.476051	1.671554
3547949826.880524	40.789385	106.703022	155.533569	49.786633	106.480448	31.792138	106.925596	0.109558	0.126991	1.466276	1.652004
3547949827.536985	59.537962	99.878440	164.591141	51.060621	96.856078	68.015304	102.900802	0.096832	0.130837	1.451613	1.656891
3547949828.274506	78.965405	96.764305	178.929779	77.700586	105.674986	80.230224	87.853625	0.096832	0.119231	1.451613	1.642229
3547949828.963993	98.703674	99.317793	194.781967	98.674671	90.317839	98.732678	108.317746	0.113744	0.107415	1.471163	1.627566
3547949829.612449	119.392933	107.840192	208.481979	111.227057	104.056217	127.558809	111.624168	0.105344	0.111377	1.461388	1.632454
3547949830.938385	151.535656	133.476381	227.255226	143.682016	129.080891	159.389297	137.871871	0.105344	0.091326	1.461388	1.608016
3547949831.597850	165.518853	150.318872	233.106285	160.227984	143.038302	170.809723	157.599442	0.105344	0.111377	1.461388	1.632454
3547949832.255313	178.398121	168.914506	238.614677	179.710701	160.010735	177.085541	177.818277	0.088204	0.099419	1.441838	1.617791
3547949832.926786	188.654004	187.619785	243.842972	197.046443	184.369097	180.261565	190.870474	0.096832	0.099419	1.451613	1.617791
3547949833.661305	196.787145	207.247217	247.745529	192.951325	215.388869	200.622965	199.105566	0.101102	0.119231	1.456500	1.642229
3547949835.046284	212.978207	250.309084	255.218948	219.112583	256.894631	206.843830	243.723537	0.122033	0.119231	1.480938	1.642229
3547949835.741775	217.277319	271.280511	261.218842	221.326403	279.318230	213.228236	263.242792	0.146255	0.149732	1.510264	1.681329
3547949836.436264	219.549488	293.560000	265.850845	211.212589	296.950591	227.886388	290.169410	0.224096	0.168085	1.612903	1.705767
3547949837.111742	220.977401	315.025958	267.070648	221.294789	324.020360	220.660013	306.031556	0.385166	0.255631	1.876833	1.832845