Time	X	Y	Theta	LS_X	LS_Y	RS_X	RS_Y	RsRoL	RsRoR	VL	VR
3547944005.261374	41.801674	550.726177	180.242752	50.095334	554.221204	33.508015	547.231151	-0.034446	-0.041888	1.388074	1.534702
3547944005.917837	41.793711	550.723664	180.254578	50.128120	554.120371	33.459302	547.326957	-0.049735	-0.037116	1.373412	1.539589
3547944006.644350	41.804884	550.723190	180.353088	50.432957	553.283728	33.176811	548.162652	-0.034446	0.008993	1.388074	1.588465
3547944007.332836	41.802855	550.726371	180.371216	50.475924	553.130092	33.129786	548.322650	-0.034446	-0.032373	1.388074	1.544477
3547944008.050342	41.802615	550.721014	180.204163	49.955262	554.533408	33.649967	546.908621	-0.044602	-0.046691	1.378299	1.529814
3547944008.881928	41.806018	550.720293	180.259415	50.156760	554.076647	33.455276	547.363939	-0.044602	-0.041888	1.378299	1.534702
3547944009.571414	41.802931	550.728794	180.247513	50.113135	554.184298	33.492726	547.273291	-0.039506	-0.022978	1.383187	1.554252
3547944010.249893	41.796274	550.721998	180.226456	50.031879	554.351711	33.560670	547.092285	-0.019478	-0.051525	1.402737	1.524927
3547944010.947385	41.804485	550.723456	180.227768	50.044846	554.342359	33.564125	547.104553	-0.049735	-0.071173	1.373412	1.505376
3547944011.609853	41.804141	550.720558	180.195908	49.925039	554.600121	33.683242	546.840996	-0.044602	-0.032373	1.378299	1.544477
3547944012.289333	41.801767	550.724615	180.276077	50.207273	553.941365	33.396262	547.507866	-0.054903	-0.037116	1.368524	1.539589
3547944012.990830	41.795161	550.724946	180.245956	50.099978	554.193379	33.490345	547.256513	-0.060109	-0.041888	1.363636	1.534702
3547944013.669305	41.797926	550.727143	180.197647	49.925561	554.592573	33.670291	546.861712	-0.049735	-0.041888	1.373412	1.534702
3547944014.372802	41.789622	550.724508	180.321564	50.332701	553.555725	33.246542	547.893290	-0.060109	-0.041888	1.363636	1.534702
3547944015.065289	41.798522	550.725897	180.357819	50.438610	553.245594	33.158433	548.206201	-0.049735	-0.046691	1.373412	1.529814
3547944015.767787	41.801254	550.723122	180.302444	50.288645	553.717149	33.313863	547.729094	-0.065353	-0.041888	1.358749	1.534702
3547944016.523321	41.799922	550.721223	180.240128	50.084380	554.238004	33.515464	547.204441	-0.065353	-0.051525	1.358749	1.524927
3547944017.204800	41.801301	550.724386	180.200134	49.938524	554.569589	33.664077	546.879182	-0.065353	-0.051525	1.358749	1.524927
3547944017.868268	41.803821	550.725983	180.270630	50.191679	553.988473	33.415963	547.463494	-0.070634	-0.041888	1.353861	1.534702
3547944018.563760	41.812876	550.719977	180.182541	49.881193	554.707739	33.744558	546.732214	-0.019909	-0.009249	1.353861	1.524927
3547944019.232230	41.803699	550.717923	180.166000	49.804956	554.838588	33.802442	546.597258	-0.019909	-0.000000	1.353861	1.534702
3547944019.985767	41.803753	550.719101	180.344101	50.408465	553.357078	33.199040	548.081123	-0.009883	0.013655	1.363636	1.549365
3547944020.684254	41.797481	550.723966	180.289825	50.246415	553.824854	33.348547	547.623077	-0.009883	-0.013918	1.363636	1.520039
3547944021.397760	41.801401	550.728881	180.250488	50.121851	554.159642	33.480952	547.298119	-0.024977	-0.023348	1.348974	1.510264
3547944022.111260	41.801340	550.729110	180.324448	50.352549	553.535679	33.250131	547.922542	-0.019909	-0.004610	1.353861	1.529814
3547944022.751713	41.804209	550.722838	180.279236	50.219833	553.913022	33.388585	547.532654	-0.019909	0.013655	1.353861	1.549365
3547944023.445203	41.804762	550.725491	180.183121	49.875390	554.708575	33.734133	546.742408	-0.014878	-0.004610	1.358749	1.529814
3547944024.136690	41.790663	550.724106	180.305328	50.286653	553.693644	33.294673	547.754567	-0.019909	-0.009249	1.353861	1.524927
3547944024.774139	41.799775	550.725614	180.250656	50.120800	554.154978	33.478750	547.296249	-0.014878	-0.047463	1.358749	1.485826
3547944025.475636	41.801861	550.724440	180.271179	50.191510	553.982321	33.412212	547.466558	0.014564	-0.028108	1.388074	1.505376
3547944026.241175	41.789668	550.734431	181.153732	49.634884	546.323921	33.944453	555.144941	-0.014878	-0.042577	1.358749	1.490714
3547944026.921655	53.730078	551.515912	186.253738	60.778744	557.112010	46.681413	545.919814	-0.024977	-0.009249	1.348974	1.524927
3547944027.580122	70.191619	553.241389	186.999542	79.166467	552.569002	61.216771	553.913776	-0.014878	-0.000000	1.358749	1.534702
3547944028.403701	87.668565	555.286366	186.451263	95.678367	559.390398	79.658763	551.182335	-0.000000	-0.023348	1.373412	1.510264
3547944029.124208	107.048603	557.262783	185.209030	105.748737	566.168419	108.348468	548.357147	-0.019909	-0.018618	1.353861	1.515152
3547944029.735641	130.519940	559.155207	182.353973	129.249799	550.245283	131.790081	568.065131	-0.019909	-0.032899	1.353861	1.500489
3547944030.411118	150.231785	559.007881	177.069069	142.054534	555.248552	158.409037	562.767210	-0.019909	-0.013918	1.353861	1.520039
3547944031.145635	167.970238	557.575790	171.446152	159.205913	559.621910	176.734563	555.529670	-0.030081	-0.028108	1.344086	1.505376
3547944031.821112	187.744495	553.402514	163.951721	182.745451	545.918561	192.743539	560.886468	-0.030081	-0.023348	1.344086	1.510264
3547944032.536616	206.784719	546.567083	156.455200	212.046452	539.265428	201.522987	553.868738	-0.019909	-0.018618	1.353861	1.515152
3547944033.920593	241.230905	525.899696	140.744919	235.952261	533.189135	246.509549	518.610257	-0.035222	-0.042577	1.339198	1.490714
3547944034.614082	254.578871	514.059884	132.907150	247.204812	508.900112	261.952931	519.219655	-0.035222	-0.023348	1.339198	1.510264
3547944035.307573	266.556088	499.849786	125.958382	263.942224	491.237718	269.169952	508.461854	-0.030081	-0.032899	1.344086	1.500489
3547944035.994060	275.392924	486.136673	119.574440	273.658569	477.305365	277.127279	494.967982	-0.050875	-0.052382	1.324536	1.480938
3547944037.362021	288.642161	455.238664	106.505798	291.373559	446.663149	285.910763	463.814180	-0.019909	-0.023348	1.353861	1.510264
3547944038.085532	288.507222	450.423115	49.444836	295.091504	444.287381	281.922939	456.558848	-0.050875	-0.032899	1.324536	1.500489
3547944038.784025	286.180554	450.078512	1.626959	277.194744	450.583712	295.166363	449.573312	-0.056170	-0.047463	1.319648	1.485826
3547944039.451496	273.799405	449.998220	359.340851	265.413376	446.731031	282.185434	453.265409	-0.035222	-0.023348	1.339198	1.510264
3547944040.118967	259.812013	450.491156	356.142090	267.997664	454.232162	251.626362	446.750151	-0.045619	-0.042577	1.329423	1.490714
3547944040.812455	244.810816	451.756490	353.275299	235.917154	450.377079	253.704478	453.135902	-0.061504	-0.042577	1.314761	1.490714
3547944041.523958	230.018217	453.613347	350.633728	238.484399	450.559863	221.552035	456.666831	-0.050875	-0.047463	1.324536	1.485826
3547944042.226454	213.947944	457.024062	345.573486	213.963294	448.024075	213.932594	466.024049	-0.061504	-0.037722	1.314761	1.495601
3547944042.915939	198.622174	461.957285	339.478729	196.951418	453.113724	200.292929	470.800846	-0.056170	-0.052382	1.319648	1.480938
3547944043.623438	182.682269	469.213546	329.737244	181.515696	478.137621	183.848842	460.289472	-0.050875	-0.042577	1.324536	1.490714
3547944045.058458	159.590194	491.216341	301.872574	157.105769	482.566044	162.074619	499.866638	-0.072292	-0.062317	1.304985	1.471163
3547944045.798974	152.473649	505.211055	292.644180	156.598205	513.210308	148.349094	497.211803	-0.061504	-0.013918	1.314761	1.520039
3547944046.549503	147.806433	520.748551	281.278336	156.756115	519.798188	138.856750	521.698914	-0.066878	-0.062317	1.309873	1.471163
3547944047.230983	146.320398	538.544520	268.764923	155.207228	537.121752	137.433569	539.967287	-0.072292	-0.052382	1.304985	1.480938
3547944047.913471	147.717809	554.782642	259.410034	138.952030	556.822522	156.483588	552.742761	-0.072292	-0.042577	1.304985	1.490714
3547944048.662993	151.367915	569.546807	251.264954	151.929677	560.564356	150.806152	578.529258	-0.040402	-0.052382	1.334311	1.480938
3547944052.156458	153.561261	574.715390	66.388653	157.191675	582.950685	149.930846	566.480095	-0.077747	-0.077470	1.300098	1.456500
3547944052.838940	148.170028	560.977899	69.778801	142.625263	553.888781	153.714792	568.067017	-0.045619	-0.052382	1.329423	1.480938
3547944053.520421	142.208217	545.502404	68.344799	148.474980	539.042708	135.941453	551.962100	-0.066878	-0.062317	1.309873	1.471163
3547944054.943426	128.973572	515.033204	64.817322	120.736336	518.659215	137.210807	511.407194	-0.066878	-0.042577	1.309873	1.490714
3547944055.691952	121.256248	498.742371	62.773054	121.785134	489.757924	120.727362	507.726817	-0.056170	-0.042577	1.319648	1.490714
3547944056.423469	112.987221	480.850971	66.259010	115.522514	489.486496	110.451928	472.215446	-0.083243	-0.047463	1.295210	1.485826
3547944057.153985	107.031391	463.981920	76.325699	99.830420	458.583215	114.232363	469.380624	-0.072292	-0.057333	1.304985	1.476051
3547944057.887501	104.315002	443.871870	88.653687	98.592471	436.925458	110.037533	450.818282	-0.066878	-0.037722	1.309873	1.495601
3547944058.595002	105.610486	425.038729	100.362358	107.120768	416.166353	104.100205	433.911105	-0.083243	-0.047463	1.295210	1.485826
3547944059.314508	111.245904	405.854293	112.598473	115.551750	397.951149	106.940058	413.757437	-0.066878	-0.052382	1.309873	1.480938
3547944060.037019	120.440528	388.824099	125.229996	124.222693	380.657384	116.658363	396.990813	-0.066878	-0.062317	1.309873	1.471163
3547944060.808562	133.863331	373.782278	140.165031	125.453517	376.987745	142.273146	370.576811	-0.061504	-0.072385	1.314761	1.461388
3547944062.208551	173.744273	358.118604	179.218628	175.070051	367.020419	172.418496	349.216789	-0.056170	0.018149	1.319648	1.554252
3547944063.688595	210.389851	372.896329	224.391876	219.148731	374.965635	201.630972	370.827022	0.051938	0.173792	1.427175	1.744868
3547944064.443127	221.353731	391.181647	253.451385	213.695993	395.910183	229.011468	386.453110	0.116763	0.259944	1.500489	1.871945
3547944065.233684	222.652978	409.708413	277.202026	216.571950	403.073573	228.734006	416.343253	0.144896	0.287103	1.534702	1.915934
3547944065.966203	215.710156	428.798642	301.778809	214.046554	419.953732	217.373759	437.643552	0.164235	0.304527	1.559140	1.945259
3547944066.752755	202.684124	442.441860	325.687683	210.436419	437.869998	194.931829	447.013722	0.197559	0.321433	1.603128	1.974585
3547944067.482270	186.465640	449.713014	345.685242	185.477190	440.767458	187.454091	458.658570	0.218777	0.332428	1.632454	1.994135
3547944068.277832	168.246598	451.174029	3.538830	171.728447	459.473229	164.764749	442.874828	0.249212	0.361580	1.676442	2.047898
3547944069.005346	150.273417	446.935476	20.375580	141.282436	446.532659	159.264398	447.338293	0.268630	0.340533	1.705767	2.008798
3547944069.731857	134.978745	438.460366	34.573038	135.118410	447.459283	134.839081	429.461450	0.265441	0.337844	1.700880	2.003910
3547944070.434353	122.593009	427.043711	49.699253	127.421093	419.448343	117.764926	434.639079	0.259005	0.326957	1.691105	1.984360
3547944071.096820	114.002497	413.499288	63.849407	106.345068	408.770251	121.659925	418.228325	0.259005	0.329699	1.691105	1.989247
3547944071.786308	108.351727	398.519837	74.156288	116.869425	395.613151	99.834029	401.426522	0.249212	0.310219	1.676442	1.955034
3547944072.462785	105.518807	383.256988	83.699333	97.403573	387.148386	113.634041	379.365590	0.235885	0.295881	1.656891	1.930596
3547944073.932822	107.751186	350.893347	106.729004	108.516577	341.925952	106.985794	359.860743	0.218777	0.266089	1.632454	1.881720
3547944074.633315	114.748959	334.206176	118.393784	122.257041	329.243444	107.240877	339.168908	0.201149	0.275188	1.608016	1.896383
3547944075.319800	126.368824	317.120646	129.458852	131.840926	324.266002	120.896722	309.975291	0.186656	0.266089	1.588465	1.881720
3547944076.006283	140.465370	304.435478	139.437103	132.054311	301.233279	148.876430	307.637676	0.171801	0.228230	1.568915	1.823069
3547944076.735802	156.042549	292.932999	153.384747	151.313119	300.590185	160.771978	285.275813	0.160416	0.224965	1.554252	1.818182
3547944077.405272	172.950952	285.840175	166.897095	176.394978	294.155143	169.506926	277.525208	0.164235	0.215063	1.559140	1.803519
3547944078.070742	192.351619	283.620333	177.905365	184.081046	287.169646	200.622192	280.071021	0.190312	0.211727	1.593353	1.798631
3547944078.750219	211.442559	284.546723	185.635818	213.945773	293.191601	208.939344	275.901845	0.239246	0.228230	1.661779	1.823069
3547944079.440707	230.620776	287.811689	191.682236	231.026393	296.802544	230.215159	278.820834	0.268630	0.221682	1.705767	1.813294
3547944080.175226	250.353958	293.507253	196.381912	241.358673	293.798545	259.349243	293.215962	0.305530	0.259944	1.764418	1.871945
3547944080.860708	268.520334	299.780745	199.643555	277.415991	298.414259	259.624677	301.147230	0.317291	0.269138	1.783969	1.886608
3547944081.553199	286.249359	307.257355	196.455475	277.299811	308.208979	295.198907	306.305731	0.325944	0.266089	1.798631	1.881720
3547944083.599643	290.860849	304.102507	8.032007	282.003091	305.696287	299.718606	302.508727	0.305530	0.310219	1.764418	1.955034
3547944084.267113	285.817180	305.570329	343.590759	294.058167	309.187803	277.576192	301.952854	0.299552	0.295881	1.754643	1.930596
3547944085.006638	273.192189	309.093733	343.163422	279.192825	315.801369	267.191554	302.386098	0.314375	0.287103	1.779081	1.915934
3547944085.701124	258.293943	313.629261	341.035919	249.428468	315.179537	267.159418	312.078985	0.305530	0.290044	1.764418	1.920821
3547944086.428637	242.754363	318.843688	338.396729	249.777810	313.215971	235.730916	324.471404	0.331635	0.301659	1.808407	1.940371
3547944087.121128	227.835081	324.731265	335.412781	221.782237	331.391826	233.887925	318.070703	0.340056	0.307380	1.823069	1.950147
3547944087.815620	213.626010	331.832587	332.185211	220.228445	325.716392	207.023574	337.948782	0.356499	0.348521	1.852395	2.023460
3547944088.507103	199.816716	339.482666	330.657166	206.209496	345.817677	193.423936	333.147655	0.385331	0.343209	1.906158	2.013685
3547944089.191586	186.564816	347.017672	331.786652	195.023401	343.943205	178.106232	350.092138	0.405298	0.381839	1.945259	2.086999
3547944089.897084	171.762520	354.770129	334.560425	162.764178	354.597404	180.760863	354.942854	0.422122	0.406119	1.979472	2.135875
3547944092.038595	128.470823	371.472868	342.351959	127.736879	380.442891	129.204767	362.502844	0.407738	0.422464	1.950147	2.170088
3547944092.714073	112.975797	376.309600	347.665283	105.162274	380.776013	120.789320	371.843186	0.405298	0.422464	1.945259	2.170088
3547944093.411562	98.392001	378.750656	353.056458	90.009925	375.473339	106.774077	382.027973	0.395416	0.420161	1.925709	2.165200
3547944094.073030	84.137392	380.083026	357.510559	89.446989	372.816103	78.827794	387.349950	0.382777	0.406119	1.901271	2.135875
3547944094.758515	68.911730	380.383584	1.394393	60.051399	378.804175	77.772062	381.962993	0.369809	0.398952	1.876833	2.121212
3547944095.414982	53.919893	379.400369	4.848134	62.837100	378.182417	45.002685	380.618322	0.353795	0.389241	1.847507	2.101662
3547944096.838986	24.837012	373.452280	17.594711	33.391522	370.655789	16.282502	376.248771	0.314375	0.351158	1.779081	2.028348
3547944097.532470	17.185416	370.300822	63.616291	10.827568	363.930753	23.543263	376.670890	0.296537	0.335143	1.749756	1.999022
3547944098.258987	17.271013	369.677202	130.005035	25.658505	372.940631	8.883520	366.413773	0.293506	0.326957	1.744868	1.984360
3547944099.639958	39.222405	356.703932	163.972900	34.065990	349.327524	44.378820	364.080339	0.259005	0.298778	1.691105	1.935484
3547944100.364468	56.120290	354.614960	181.302368	63.225855	349.091289	49.014724	360.138631	0.249212	0.281176	1.676442	1.906158
3547944101.050953	74.079818	358.031620	196.970673	66.760834	363.269223	81.398801	352.794017	0.242588	0.266089	1.666667	1.881720
3547944102.427925	106.822599	377.185827	221.061340	98.608258	373.508245	115.036940	380.863408	0.211789	0.237921	1.622678	1.837732
3547944103.113408	119.575283	391.141630	233.640610	111.314190	387.570307	127.836375	394.712953	0.201149	0.237921	1.608016	1.837732
3547944103.789886	129.788269	408.109735	244.827080	131.727272	399.321091	127.849267	416.898380	0.208264	0.247459	1.617791	1.852395
3547944104.550422	136.267535	426.700867	257.955566	133.224029	418.231093	139.311041	435.170641	0.197559	0.241117	1.603128	1.842620
3547944105.217897	137.729813	444.644067	273.471008	139.096532	453.539688	136.363095	435.748445	0.190312	0.250605	1.593353	1.857283
3547944105.925394	134.541831	461.181598	287.431396	143.539167	461.400558	125.544495	460.962638	0.179274	0.269138	1.578690	1.886608
3547944107.271340	117.365103	489.478743	315.259491	109.343316	485.398188	125.386890	493.559299	0.156572	0.228230	1.549365	1.823069
3547944107.986846	106.639750	498.226551	324.872101	115.282404	500.737432	97.997095	495.715670	0.156572	0.221682	1.549365	1.813294
3547944108.763395	93.240493	506.224801	332.220306	99.624258	499.880706	86.856729	512.568897	0.140954	0.231478	1.529814	1.827957
3547944109.473897	78.903733	512.287928	339.436554	77.607332	503.381787	80.200134	521.194069	0.124931	0.201608	1.510264	1.783969
3547944110.230428	63.600487	516.339668	348.819946	64.527297	525.291820	62.673678	507.387516	0.124931	0.215063	1.510264	1.803519
3547944111.627415	31.520410	517.245507	7.942640	22.555759	518.042390	40.485062	516.448624	0.112639	0.173792	1.495601	1.744868
3547944112.328912	16.490666	513.835417	22.436405	20.366871	521.957918	12.614461	505.712915	0.100104	0.191321	1.480938	1.769306
3547944113.712886	18.221586	506.943691	141.455215	18.972626	515.912299	17.470546	497.975082	0.082999	0.129650	1.461388	1.686217
3547944115.155904	48.355669	495.347001	175.542999	51.745619	487.009841	44.965719	503.684161	0.060963	0.137219	1.436950	1.695992
3547944115.889421	68.013517	497.735913	198.548538	73.302729	505.017687	62.724305	490.454138	0.069867	0.140971	1.446725	1.700880
3547944116.614941	83.905241	506.289763	216.636810	82.711029	515.210181	85.099454	497.369345	0.065430	0.102453	1.441838	1.652004
3547944117.322433	98.498472	521.977943	236.381287	104.710742	528.490063	92.286202	515.465824	0.038165	0.114245	1.412512	1.666667
3547944118.061955	105.768441	537.961997	253.878235	100.755435	545.436605	110.781448	530.487389	0.060963	0.114245	1.436950	1.666667
3547944118.777458	107.889078	555.859705	272.892670	104.170886	564.055743	111.607271	547.663667	0.051938	0.106407	1.427175	1.656891
3547944119.467946	104.654327	572.687253	288.356873	110.240743	565.630911	99.067911	579.743595	0.042787	0.133445	1.417400	1.691105
3547944127.289464	84.886568	545.843027	81.865097	83.242657	536.994437	86.530479	554.691618	-0.009883	0.061586	1.363636	1.603128
3547944128.864579	84.817155	511.017970	96.919502	80.742221	519.042614	88.892088	502.993326	0.004889	0.048836	1.378299	1.588465
3547944129.669143	89.316386	489.701250	105.484505	98.055960	487.551868	80.576812	491.850633	-0.030081	0.027054	1.344086	1.564027
3547944130.381646	98.440139	464.560216	113.739632	93.048818	457.353715	103.831459	471.766718	-0.009883	0.027054	1.363636	1.564027
3547944131.077137	109.879570	442.761935	120.934929	100.880779	442.614447	118.878362	442.909422	-0.009883	0.035848	1.363636	1.573803
3547944131.780633	121.056187	425.841400	126.731659	113.170245	421.504128	128.942129	430.178671	-0.019909	0.031465	1.353861	1.568915
3547944132.475125	134.484754	410.314714	132.900269	127.146376	405.104319	141.823131	415.525109	-0.004924	0.022616	1.368524	1.559140
3547944133.204637	149.698933	395.689013	138.852615	144.451039	388.377405	154.946828	403.000620	-0.019909	0.069958	1.353861	1.612903
3547944133.944160	165.993554	382.915215	146.129456	157.002826	383.323649	174.984281	382.506780	-0.019909	0.027054	1.353861	1.564027
3547944134.699692	185.026145	371.814483	153.030518	177.934319	377.355782	192.117972	366.273184	-0.004924	0.022616	1.368524	1.559140
3547944136.104682	226.730395	355.865230	164.508347	218.532040	352.152147	234.928750	359.578312	0.229103	0.144701	1.647116	1.705767
3547944136.787165	248.087407	351.400228	169.018921	253.368470	344.112541	242.806345	358.687914	0.305530	0.215063	1.764418	1.803519
3547944137.511675	267.502721	348.196754	169.771378	266.377306	339.267396	268.628135	357.126113	0.348343	0.250605	1.837732	1.857283
3547944138.246194	287.075367	344.238489	163.969772	281.942051	336.845989	292.208683	351.630990	0.372430	0.278190	1.881720	1.901271
3547944138.973707	291.097876	340.583999	90.694313	287.494931	348.831350	294.700821	332.336649	0.375037	0.301659	1.886608	1.940371
3547944139.657188	287.997367	336.834555	40.450993	284.578070	345.159722	291.416665	328.509388	0.380210	0.321433	1.896383	1.974585
3547944140.334668	277.700568	328.243065	40.965302	278.819042	337.173296	276.582094	319.312835	0.375037	0.324202	1.886608	1.979472
3547944141.020151	265.032345	318.430498	39.460995	256.196159	320.139830	273.868531	316.721166	0.359189	0.335143	1.857283	1.999022
3547944141.703633	252.395399	308.617240	37.353939	255.440632	300.148087	249.350165	317.086393	0.348343	0.329699	1.837732	1.989247
3547944142.403126	238.619161	297.323073	36.347275	247.404278	295.368148	229.834045	299.277998	0.340056	0.313043	1.823069	1.959922
3547944143.126640	224.325930	286.330397	34.631573	224.991803	295.305731	223.660057	277.355063	0.325944	0.298778	1.798631	1.935484
3547944143.816124	209.416064	276.512932	33.069643	200.446987	277.258359	218.385141	275.767506	0.299552	0.304527	1.754643	1.945259
3547944144.522622	195.239441	267.307057	32.045883	189.937453	260.034579	200.541428	274.579534	0.287392	0.292970	1.735093	1.925709
3547944145.279158	180.826834	259.367143	31.042717	184.108288	250.986686	177.545381	267.747600	0.281209	0.278190	1.725318	1.901271
3547944145.978648	165.561045	250.315833	29.068506	171.980599	256.623711	159.141491	244.007955	0.337264	0.287103	1.818182	1.915934
3547944146.689150	149.528003	241.766205	26.565405	140.613730	240.526961	158.442277	243.005450	0.369809	0.324202	1.876833	1.979472
3547944148.876693	100.494034	220.710020	19.611937	94.278228	214.201275	106.709839	227.218765	0.345596	0.561431	1.832845	2.512219
3547944149.555172	84.632927	214.882576	19.583494	78.604734	208.199696	90.661119	221.565457	0.342833	0.551020	1.827957	2.482893
3547944150.284688	68.804340	208.640478	22.842440	75.573527	214.571591	62.035153	202.709364	0.340056	0.557988	1.823069	2.502444
3547944151.020206	53.722295	201.626785	25.136694	53.686720	192.626855	53.757869	210.626715	0.317291	0.540360	1.783969	2.453568
3547944151.698685	39.046934	194.484161	26.642529	30.063678	193.935420	48.030190	195.032902	0.317291	0.529443	1.783969	2.424242
3547944153.089665	17.384706	181.369925	65.760918	15.486320	190.167432	19.283092	172.572417	0.287392	0.510648	1.735093	2.375367
3547944155.228176	34.844482	162.774771	140.530350	28.134773	168.773087	41.554192	156.776455	0.252496	0.462220	1.681329	2.258065
3547944155.934674	48.575724	152.672909	145.787338	39.969018	150.041441	57.182429	155.304376	0.235885	0.453656	1.656891	2.238514
3547944156.646174	64.412930	142.684439	150.722717	65.075900	133.708891	63.749961	151.659988	0.225681	0.433827	1.642229	2.194526
3547944157.369687	80.854510	134.535493	156.862442	82.793894	125.746933	78.915126	143.324053	0.218777	0.415522	1.632454	2.155425
3547944158.075183	98.937031	127.478086	160.788040	103.769560	135.070626	94.104502	119.885547	0.201149	0.386785	1.608016	2.096774
3547944163.165775	227.413511	125.602984	195.632950	220.627069	119.691622	234.199954	131.514345	0.128976	0.290044	1.515152	1.920821
3547944163.904296	248.690577	133.156335	202.171677	240.630303	129.152341	256.750852	137.160330	0.108488	0.269138	1.490714	1.886608
3547944164.613797	268.243336	142.765923	207.188950	269.643121	133.875444	266.843552	151.656401	0.104310	0.256847	1.485826	1.867058
3547944165.313290	285.772164	152.259675	209.039078	276.840342	153.365372	294.703985	151.153979	0.078651	0.253734	1.456500	1.862170
3547944166.047808	288.944627	157.055379	262.108154	297.737736	158.974031	280.151517	155.136727	0.078651	0.247459	1.456500	1.852395
3547944166.739296	288.436268	160.321480	294.926941	291.797679	151.972772	285.074857	168.670187	0.082999	0.244297	1.461388	1.847507
3547944167.515844	286.778243	161.760824	348.535706	285.157424	170.613674	288.399062	152.907975	0.065430	0.228230	1.441838	1.823069
3547944168.238354	280.586024	161.044850	9.544363	281.659726	169.980574	279.512322	152.109126	0.069867	0.211727	1.446725	1.798631
3547944168.979878	264.944263	156.905078	16.669416	272.324480	162.056039	257.564046	151.754117	0.051938	0.198197	1.427175	1.779081
3547944169.680369	248.741522	151.379614	18.947926	247.857623	142.423124	249.625422	160.336105	0.051938	0.173792	1.427175	1.744868
3547944170.448912	232.163224	145.007880	23.477493	241.131149	145.767042	223.195299	144.248719	0.033510	0.166642	1.407625	1.735093
3547944171.142402	215.544698	137.307280	26.468767	206.791588	135.213703	224.297808	139.400857	0.033510	0.155765	1.407625	1.720430
3547944171.863911	198.948344	129.452846	23.489195	207.924538	130.107019	189.972150	128.798673	0.019350	0.144701	1.392962	1.705767
3547944177.090599	68.641474	129.276409	340.942657	59.670154	129.994336	77.612794	128.558481	0.004889	0.110338	1.378299	1.661779
3547944177.831123	51.347873	136.134903	334.253021	42.823615	133.247513	59.872131	139.022294	-0.009883	0.106407	1.363636	1.656891
3547944178.535617	34.993288	145.255720	328.279968	25.994508	145.107550	43.992068	145.403889	-0.014878	0.090449	1.358749	1.637341
3547944179.998650	12.904970	157.890663	13.741241	4.601213	154.419695	21.208727	161.361631	-0.014878	0.086400	1.358749	1.632454
3547944192.754651	12.916960	158.269430	68.434677	18.578625	151.273320	7.255295	165.265540	-0.050875	0.027054	1.324536	1.564027
3547944194.160641	19.620651	155.986200	160.730652	24.009741	163.843418	15.231561	148.128981	-0.061504	0.009132	1.314761	1.544477
3547944194.819105	34.508844	151.678119	166.293030	32.620552	160.477798	36.397136	142.878440	-0.045619	0.027054	1.329423	1.564027
3547944195.498587	52.503662	148.431390	172.695404	51.675110	157.393170	53.332214	139.469610	-0.035222	0.013655	1.339198	1.549365
3547944196.219093	71.437817	147.470707	181.477341	77.473323	140.794431	65.402311	154.146984	-0.035222	0.022616	1.339198	1.559140
3547944196.910583	91.553618	149.966766	192.137375	95.870210	157.864046	87.237027	142.069485	-0.035222	0.009132	1.339198	1.544477
3547944197.600067	110.226729	155.577432	201.416702	107.100336	147.137902	113.353122	164.016963	-0.050875	0.018149	1.324536	1.554252
3547944198.309570	128.177625	163.813276	211.881302	137.038274	165.390903	119.316977	162.235649	-0.061504	0.027054	1.314761	1.564027
3547944199.665527	157.609123	191.661135	234.111565	148.626928	192.226969	166.591318	191.095301	-0.035222	0.018149	1.339198	1.554252
3547944200.360014	167.926377	208.547276	243.033524	176.069498	212.379974	159.783256	204.714577	-0.072292	-0.004610	1.304985	1.529814
3547944201.736988	181.639573	245.983598	255.448135	189.109687	251.003298	174.169458	240.963897	-0.056170	0.027054	1.319648	1.564027
3547944202.427475	184.594729	262.793935	260.132711	179.369226	270.121562	189.820232	255.466308	-0.040402	0.004581	1.334311	1.539589
3547944203.140976	186.754559	282.687252	264.253143	183.589479	274.262154	189.919639	291.112349	-0.014878	0.018149	1.358749	1.554252
3547944203.848475	189.123693	304.384497	266.834000	187.323535	313.202627	190.923852	295.566366	0.087318	0.074105	1.466276	1.617791
3547944204.565985	188.504119	322.500020	269.698730	192.646057	314.509755	184.362181	330.490286	0.132994	0.074105	1.520039	1.617791
3547944205.260472	188.895624	341.985704	267.203979	190.405881	350.858084	187.385368	333.113324	0.148813	0.094474	1.539589	1.642229
3547944207.321927	199.182153	398.623824	248.089798	198.319286	407.582365	200.045021	389.665282	0.190312	0.118130	1.593353	1.671554
3547944208.734925	220.048050	433.211772	229.936859	225.134254	440.636766	214.961846	425.786779	0.197559	0.118130	1.603128	1.671554
3547944209.488455	234.492977	447.942480	220.702850	228.091159	441.616602	240.894794	454.268358	0.218777	0.137219	1.632454	1.695992
3547944210.209964	252.787744	460.538520	208.145950	246.326304	454.273553	259.249183	466.803486	0.211789	0.137219	1.622678	1.695992
3547944210.904454	274.320706	468.792135	191.082977	269.584531	476.445150	279.056880	461.139119	0.215293	0.159411	1.627566	1.725318
3547944214.344881	286.277587	469.965573	48.630951	295.259314	470.538802	277.295861	469.392345	0.215293	0.208372	1.627566	1.793744
3547944215.065396	277.191246	458.991210	50.823616	272.424811	451.357005	281.957682	466.625416	0.218777	0.231478	1.632454	1.827957
3547944215.798906	265.445683	445.786328	47.246014	266.542067	454.719298	264.349298	436.853359	0.215293	0.237921	1.627566	1.837732
3547944216.519416	252.522887	433.371953	40.947788	253.484800	442.320401	251.560974	424.423505	0.222239	0.247459	1.637341	1.852395
3547944217.922411	222.510741	411.851525	32.113834	216.727196	404.955830	228.294286	418.747220	0.222239	0.237921	1.637341	1.837732
3547944218.600883	206.386271	402.500663	27.352394	199.215293	407.939144	213.557248	397.062181	0.208264	0.247459	1.617791	1.852395
3547944219.316389	190.428695	394.838018	22.822990	197.081253	400.899657	183.776137	388.776379	0.211789	0.247459	1.622678	1.852395
3547944219.994866	172.073720	387.614169	18.608377	174.223344	378.874654	169.924095	396.353683	0.211789	0.247459	1.622678	1.852395
3547944220.829456	154.060788	382.407587	13.909758	145.292504	380.378503	162.829073	384.436672	0.235885	0.234708	1.656891	1.832845
3547944221.577985	135.309609	378.893446	8.110254	126.603536	381.174736	144.015682	376.612155	0.242588	0.234708	1.666667	1.832845
3547944222.283482	113.989077	376.783680	3.707973	118.818305	384.378320	109.159848	369.189040	0.255760	0.253734	1.686217	1.862170
3547944222.943949	96.889268	375.744989	2.555679	91.912621	383.243854	101.865915	368.246123	0.262232	0.275188	1.695992	1.896383
3547944223.615421	80.513878	375.279942	0.898678	73.471338	369.676136	87.556417	380.883747	0.259005	0.259944	1.691105	1.871945
3547944224.293900	63.590546	375.217874	359.396667	55.035308	372.423610	72.145784	378.012138	0.259005	0.287103	1.691105	1.915934
3547944225.667870	30.957180	376.733561	354.935425	30.376678	385.714820	31.537682	367.752301	0.249212	0.278190	1.676442	1.901271
3547944226.377377	17.040219	377.949967	9.443193	17.205949	386.948441	16.874489	368.951493	0.262232	0.281176	1.695992	1.906158
3547944227.074863	15.746847	377.113548	73.215858	23.115581	382.280923	8.378113	371.946174	0.235885	0.266089	1.656891	1.881720
3547944227.797375	15.660715	377.098498	129.197052	19.097000	385.416668	12.224431	368.780329	0.245910	0.287103	1.671554	1.915934
3547944228.498868	15.757281	377.356606	195.096115	12.948655	368.806072	18.565907	385.907139	0.232504	0.263025	1.652004	1.876833
3547944229.197360	24.827963	383.396245	216.621307	23.495606	392.297078	26.160319	374.495412	0.229103	0.266089	1.647116	1.881720
3547944229.896852	38.278544	394.713251	222.264313	31.893189	401.055745	44.663900	388.370757	0.229103	0.263025	1.647116	1.876833
3547944230.600350	52.628142	407.854141	222.167725	45.660891	413.551282	59.595393	402.157000	0.222239	0.263025	1.637341	1.876833
3547944232.073389	83.098025	435.451088	221.633072	74.200151	436.803059	91.995900	434.099116	0.208264	0.278190	1.617791	1.901271
3547944232.748867	99.192525	449.388473	219.045425	106.048568	443.557979	92.336481	455.218968	0.201149	0.244297	1.608016	1.847507
3547944233.432347	113.688440	461.452257	219.334656	118.596766	453.908496	108.780113	468.996018	0.175550	0.259944	1.573803	1.871945
3547944234.829333	139.774922	486.580355	227.721153	130.783758	486.181659	148.766087	486.979052	0.160416	0.259944	1.554252	1.871945
3547944235.497804	150.896269	499.876278	233.347572	144.018957	494.070885	157.773580	505.681671	0.152705	0.237921	1.544477	1.837732
3547944236.198300	160.463851	513.575468	238.402618	163.621034	505.147408	157.306667	522.003527	0.148813	0.215063	1.539589	1.803519
3547944236.869772	168.819854	528.158240	242.293015	172.244714	536.481120	165.394994	519.835360	0.140954	0.211727	1.529814	1.798631
3547944237.560260	177.214306	544.281425	245.196106	175.852644	535.385028	178.575967	553.177822	0.132994	0.201608	1.520039	1.783969
3547944238.262756	184.073978	560.910934	250.819016	188.454975	553.049200	179.692981	568.772669	0.128976	0.198197	1.515152	1.779081
3547944238.992273	188.941809	578.075974	257.946655	185.973898	569.579416	191.909720	586.572533	0.100104	0.184368	1.480938	1.759531
3547944242.479731	196.785127	570.082667	112.937950	198.213530	561.196742	195.356725	578.968592	0.100104	0.166642	1.480938	1.735093
3547944243.178225	205.592188	553.059523	120.059891	199.937461	546.057805	211.246914	560.061242	0.074274	0.152098	1.451613	1.715543
3547944244.662269	231.789347	522.086554	140.036011	223.037006	524.183346	240.541687	519.989763	0.116763	0.152098	1.500489	1.715543
3547944245.347752	249.318103	510.246247	151.260635	245.288831	502.198578	253.347375	518.293915	0.112639	0.180862	1.495601	1.754643
3547944246.046246	268.401650	501.577424	160.200394	268.214179	510.575471	268.589122	492.579377	0.095870	0.148410	1.476051	1.710655
3547944246.766759	286.589559	496.309802	168.375839	295.185904	493.644684	277.993214	498.974920	0.104310	0.148410	1.485826	1.710655
3547944249.553720	287.607971	500.105179	327.145203	283.941689	491.885789	291.274254	508.324569	0.128976	0.148410	1.515152	1.710655
3547944250.246211	274.388530	507.381223	332.517059	278.638148	499.447702	270.138912	515.314743	0.128976	0.140971	1.515152	1.700880
3547944250.988735	258.209002	515.278847	333.012115	258.179354	506.278896	258.238650	524.278798	0.124931	0.152098	1.510264	1.715543
3547944251.679221	242.194970	523.457118	330.871063	249.786800	528.290762	234.603140	518.623473	0.140954	0.148410	1.529814	1.710655
3547944253.095219	211.457163	542.921920	324.006348	215.145934	551.131242	207.768393	534.712598	0.144896	0.133445	1.534702	1.691105
3547944253.797715	196.975150	553.682860	322.247345	188.220634	555.770550	205.729666	551.595169	0.140954	0.140971	1.529814	1.700880
3547944254.485209	183.400871	564.331931	320.353241	184.202694	555.367720	182.599048	573.296143	0.136987	0.140971	1.524927	1.700880
3547944255.147667	170.530776	575.199736	317.429352	171.684041	584.125540	169.377512	566.273932	0.132994	0.148410	1.520039	1.710655
3547944255.903201	162.593207	581.653632	351.132111	168.569954	574.924702	156.616461	588.382562	0.132994	0.144701	1.520039	1.705767
3547944257.314197	160.218567	570.248010	79.927486	169.068080	571.886950	151.369055	568.609070	0.132994	0.129650	1.520039	1.686217
3547944257.999680	158.266110	553.173076	84.990734	159.768634	562.046769	156.763587	544.299384	0.132994	0.137219	1.520039	1.695992
3547944259.397665	154.100219	512.885468	81.418930	156.435497	504.193721	151.764940	521.577216	0.124931	0.133445	1.510264	1.691105
3547944260.047124	150.435422	490.068457	77.120434	141.538393	491.425980	159.332451	488.710934	0.124931	0.125832	1.510264	1.681329
3547944261.443110	138.051944	451.780846	64.656727	129.340884	454.043019	146.763005	449.518673	0.120861	0.118130	1.505376	1.671554
3547944262.205646	128.213330	433.491026	57.152569	123.102609	426.082886	133.324051	440.899166	0.132994	0.114245	1.520039	1.666667
3547944263.620644	103.151694	401.712482	44.814522	96.496816	395.653390	109.806573	407.771574	0.124931	0.110338	1.510264	1.661779
3547944264.282114	89.093635	388.888478	38.880928	80.765968	385.475274	97.421302	392.301683	0.132994	0.098475	1.520039	1.647116
3547944264.936573	74.254101	377.729571	34.989075	78.018659	385.904417	70.489543	369.554725	0.140954	0.098475	1.529814	1.647116
3547944266.981018	28.623088	351.321760	22.848301	35.426923	357.213096	21.819254	345.430424	0.164235	0.140971	1.559140	1.700880
3547944267.699523	15.707086	346.304885	36.761040	22.964862	340.982791	8.449310	351.626980	0.175550	0.140971	1.573803	1.700880
3547944268.415027	14.889054	345.225682	106.605469	16.753586	336.420938	13.024523	354.030427	0.175550	0.155765	1.573803	1.720430
3547944269.103516	19.963051	340.637192	142.646194	28.570937	343.264796	11.355165	338.009588	0.179274	0.180862	1.578690	1.754643
3547944269.773987	34.157000	331.293912	149.158585	43.136767	331.897058	25.177233	330.690766	0.182976	0.144701	1.583578	1.705767
3547944270.470478	51.112861	322.060234	151.631378	44.441610	316.019173	57.784112	328.101295	0.186656	0.163037	1.588465	1.730205
3547944271.866461	88.625931	297.871715	137.015190	97.061900	294.735726	80.189962	301.007703	0.179274	0.159411	1.578690	1.725318
3547944273.265449	118.157656	260.721471	120.133049	112.006278	254.151802	124.309034	267.291140	0.164235	0.144701	1.559140	1.705767
3547944274.032991	128.135835	239.812499	113.487354	124.713984	231.488381	131.557687	248.136616	0.144896	0.140971	1.534702	1.700880
3547944274.770512	135.779269	218.824700	105.616699	144.159281	215.542109	127.399257	222.107291	0.140954	0.129650	1.529814	1.686217
3547944275.536050	140.196463	196.958506	95.488079	131.683532	194.037888	148.709394	199.879123	0.136987	0.125832	1.524927	1.681329
3547944276.939041	134.409646	151.092534	68.854168	136.730941	142.397041	132.088352	159.788026	0.124931	0.114245	1.510264	1.666667
3547944277.662550	124.985634	132.257483	58.024269	116.026382	131.402021	133.944885	133.112944	0.100104	0.114245	1.480938	1.666667
3547944279.137591	97.666139	103.088225	36.079018	106.655205	103.531726	88.677073	102.644724	0.074274	0.098475	1.451613	1.647116
3547944279.839087	79.605885	92.438848	25.404524	77.189843	83.769203	82.021926	101.108493	0.104310	0.074105	1.485826	1.617791
3547944280.547587	59.645737	84.516810	17.949583	66.695527	78.922129	52.595947	90.111491	0.078651	0.090449	1.456500	1.637341
3547944281.272099	41.461857	79.200326	14.115914	32.463889	79.009067	50.459825	79.391585	0.069867	0.086400	1.446725	1.632454
3547944281.963587	22.974862	74.998766	9.603810	24.577559	83.854915	21.372165	66.142618	0.069867	0.074105	1.446725	1.617791
3547944284.893655	15.154945	68.805283	140.039886	6.410797	70.935980	23.899093	66.674585	0.042787	0.061586	1.417400	1.603128
3547944286.489779	42.926559	50.247102	147.874817	44.890293	59.030253	40.962825	41.463950	0.028823	0.040204	1.402737	1.578690
3547944287.194276	60.806276	38.733591	144.777817	58.452961	30.046710	63.159592	47.420472	0.038165	0.040204	1.412512	1.578690
3547944287.898773	81.973887	21.196577	135.681732	87.005401	28.658739	76.942374	13.734414	0.028823	0.048836	1.402737	1.588465
3547944289.959227	102.913017	20.661394	242.688843	109.282133	27.020196	96.543902	14.302591	-0.000000	0.022616	1.373412	1.559140
3547944290.663723	109.627021	37.515479	250.463623	116.469805	31.669429	102.784236	43.361530	0.014564	0.035848	1.388074	1.573803
3547944291.355212	115.802191	57.581393	253.762222	109.957676	64.425489	121.646705	50.737297	0.004889	0.013655	1.378299	1.549365
3547944292.066713	122.560246	77.431457	247.709045	118.430006	85.427776	126.690485	69.435138	0.033510	0.031465	1.407625	1.568915
3547944292.795227	131.208521	98.943994	248.783867	136.275789	106.381924	126.141254	91.506064	0.004889	0.027054	1.378299	1.564027
3547944294.154187	149.591026	141.918066	244.697968	152.645461	133.452227	146.536591	150.383904	-0.000000	0.013655	1.373412	1.549365
3547944294.869692	160.628368	162.838167	239.084244	157.769928	154.304158	163.486809	171.372177	-0.009883	0.009132	1.363636	1.544477
3547944295.552172	173.287883	183.073070	236.243546	178.547162	190.376493	168.028604	175.769648	-0.004924	0.044533	1.368524	1.583578
3547944296.232652	186.356007	202.548895	235.761322	187.628585	211.458471	185.083429	193.639319	-0.019909	0.013655	1.353861	1.549365
3547944296.950161	198.111208	220.451094	235.879181	200.422601	229.149224	195.799815	211.752964	-0.009883	-0.009249	1.363636	1.524927
3547944297.667665	210.790002	238.006278	232.545074	210.185494	229.026603	211.394509	246.985953	-0.024977	0.009132	1.348974	1.544477
3547944298.358153	226.431639	256.000401	225.229843	233.829197	250.874376	219.034081	261.126426	-0.019909	-0.004610	1.353861	1.529814
3547944299.048639	243.306063	270.670180	219.178741	249.326272	263.980106	237.285854	277.360253	-0.040402	0.009132	1.334311	1.544477
3547944299.738126	261.758816	283.739758	212.795135	268.419388	277.686926	255.098243	289.792590	-0.014878	0.004581	1.358749	1.539589
3547944300.427612	279.360064	294.996386	207.270966	280.026799	286.021117	278.693329	303.971656	-0.024977	-0.000000	1.348974	1.534702
3547944301.112094	286.622112	301.132225	264.069733	285.046722	292.271178	288.197502	309.993272	-0.009883	-0.004610	1.363636	1.529814
3547944301.810588	285.620529	301.903407	326.958633	283.542474	293.146599	287.698584	310.660215	0.014564	-0.000000	1.388074	1.534702
3547944302.524091	274.454927	308.542507	331.483307	283.445702	308.135108	265.464153	308.949905	-0.009883	0.004581	1.363636	1.539589
3547944303.279624	259.965132	315.023728	336.523712	263.247328	323.403894	256.682936	306.643561	-0.009883	0.018149	1.363636	1.554252
3547944303.938089	241.560363	321.729873	339.694885	238.031749	313.450447	245.088976	330.009298	0.014564	-0.013918	1.388074	1.520039
3547944304.659597	222.324782	328.244042	339.876251	217.360657	320.736881	227.288908	335.751203	0.124931	0.040204	1.510264	1.578690
3547944305.347083	204.860417	334.983500	338.472198	211.439551	328.842246	198.281282	341.124753	0.296537	0.078228	1.749756	1.622678
3547944306.026564	186.728652	342.578979	336.292694	188.004857	351.488036	185.452447	333.669922	0.367175	0.106407	1.871945	1.656891
3547944306.698040	169.567350	351.391453	330.961151	177.563258	355.522490	161.571443	347.260417	0.422122	0.129650	1.979472	1.686217
3547944308.100025	139.513684	374.539382	315.485092	130.782382	372.356641	148.244987	376.722122	0.436087	0.177337	2.008798	1.749756
3547944308.941618	127.780530	388.654942	305.152191	131.431495	396.881148	124.129566	380.428737	0.426823	0.198197	1.989247	1.779081
3547944309.683144	119.118942	405.341553	291.377960	112.724771	411.675160	125.513114	399.007947	0.422122	0.191321	1.979472	1.769306
3547944310.403650	113.564146	428.012932	276.279724	115.179215	419.159031	111.949078	436.866832	0.429156	0.201608	1.994135	1.783969
3547944311.101142	113.564017	447.432612	263.186615	119.411168	440.590768	107.716866	454.274456	0.395416	0.191321	1.925709	1.769306
3547944311.806640	117.730895	466.288386	251.161972	119.213074	457.411272	116.248716	475.165500	0.385331	0.187854	1.906158	1.764418
3547944312.504133	124.568595	482.182889	239.560364	118.116642	475.908153	131.020547	488.457625	0.375037	0.198197	1.886608	1.779081
3547944313.184612	135.000251	497.243160	230.562248	143.470502	500.285336	126.529999	494.200984	0.361865	0.187854	1.862170	1.764418
3547944313.871096	147.419494	510.497321	220.654938	141.327996	503.872092	153.510992	517.122550	0.345596	0.191321	1.832845	1.769306
3547944314.611618	162.353970	521.413419	210.401535	161.588342	530.380794	163.119599	512.446044	0.328797	0.163037	1.803519	1.730205
3547944317.443616	245.608880	524.275441	152.996857	238.334581	529.574929	252.883179	518.975953	0.290458	0.177337	1.739980	1.749756
3547944318.159122	264.602543	511.755485	138.994919	258.370735	505.262060	270.834351	518.248911	0.302549	0.173792	1.759531	1.744868
3547944318.822589	278.794968	496.032415	124.590836	286.702144	491.733977	270.887792	500.330853	0.278091	0.159411	1.720430	1.725318
3547944320.247596	289.103995	470.737289	56.201469	292.166377	462.274322	286.041613	479.200257	0.265441	0.163037	1.700880	1.730205
3547944320.949089	286.800609	470.268178	352.788757	279.583985	464.890415	294.017233	475.645941	0.255760	0.163037	1.686217	1.730205
3547944322.994533	244.914734	483.518462	337.524414	253.741017	485.278217	236.088452	481.758706	0.229103	0.180862	1.647116	1.754643
3547944323.678014	228.874993	490.390090	335.465424	223.181003	497.359916	234.568983	483.420263	0.215293	0.137219	1.627566	1.695992
3547944324.376507	213.298288	498.195295	332.334900	218.914782	491.162870	207.681795	505.227719	0.211789	0.163037	1.622678	1.730205
3547944325.096017	197.594835	507.323406	328.011017	188.958932	504.789401	206.230738	509.857411	0.204717	0.155765	1.612903	1.720430
3547944325.823529	182.281343	517.512827	324.458374	189.185372	523.286421	175.377314	511.739233	0.211789	0.163037	1.622678	1.730205
3547944326.517019	169.025401	527.403973	321.185272	162.938081	520.774905	175.112720	534.033041	0.201149	0.166642	1.608016	1.735093
3547944327.207506	154.612278	539.141374	316.594269	148.769087	545.986601	160.455468	532.296148	0.201149	0.166642	1.608016	1.735093
3547944327.943026	142.380791	550.940874	314.853668	136.621451	544.024950	148.140131	557.856797	0.186656	0.155765	1.588465	1.720430
3547944328.619505	130.463050	562.659511	315.040253	123.520741	556.932002	137.405358	568.387019	0.197559	0.170227	1.603128	1.739980
3547944329.307989	119.004228	574.085975	314.229889	118.369144	565.108411	119.639312	583.063540	0.190312	0.170227	1.593353	1.739980
3547944330.004477	112.939837	580.601034	278.350861	104.396466	583.431371	121.483209	577.770697	0.179274	0.166642	1.578690	1.735093
3547944332.073939	114.853520	579.104281	77.626900	107.731906	584.607245	121.975134	573.601317	0.171801	0.170227	1.568915	1.739980
3547944332.848485	111.568291	567.514650	73.966934	120.480853	566.263157	102.655728	568.766143	0.164235	0.166642	1.559140	1.735093
3547944333.576999	105.551226	549.003070	70.139565	97.861013	544.327535	113.241439	553.678604	0.171801	0.177337	1.568915	1.749756
3547944334.951970	87.186852	510.329597	56.733452	85.533243	501.482814	88.840461	519.176381	0.168030	0.144701	1.564027	1.705767
3547944335.638456	74.621487	494.096186	47.341930	76.568340	502.883094	72.674634	485.309277	0.160416	0.148410	1.554252	1.710655
3547944337.661880	24.273902	463.141121	15.179896	19.739121	470.915165	28.808682	455.367077	0.148813	0.148410	1.539589	1.710655
3547944340.458853	13.293410	461.931349	325.886780	19.988323	455.916522	6.598497	467.946176	0.124931	0.133445	1.510264	1.691105
3547944341.116318	13.758660	461.303981	279.075470	9.237807	469.086134	18.279512	453.521829	0.136987	0.137219	1.524927	1.695992
3547944341.778785	15.502798	463.636154	237.907272	22.286663	457.721834	8.718933	469.550473	0.116763	0.129650	1.500489	1.686217
3547944343.175770	28.382214	488.819882	245.731476	22.672497	481.862934	34.091931	495.776831	0.116763	0.125832	1.500489	1.681329
3547944343.899281	35.605641	504.674965	245.671967	30.319790	497.390750	40.891492	511.959179	0.120861	0.110338	1.505376	1.661779
3547944344.598776	43.646938	521.851410	244.754242	46.220379	513.227177	41.073497	530.475643	0.108488	0.110338	1.490714	1.661779
3547944345.278255	52.555185	539.565331	241.917404	52.688109	548.564350	52.422261	530.566313	0.104310	0.090449	1.485826	1.637341
3547944345.983753	61.686700	555.201756	237.635788	69.808093	551.323227	53.565308	559.080284	0.091608	0.118130	1.471163	1.671554
3547944346.674240	72.397093	571.080404	234.408768	63.974386	574.251841	80.819800	567.908968	0.091608	0.090449	1.471163	1.637341
3547944350.196728	81.176631	572.602201	90.618286	76.957677	580.552070	85.395585	564.652331	0.065430	0.078228	1.441838	1.622678
3547944350.872202	82.753746	553.276178	95.502243	74.200302	550.476427	91.307189	556.075930	0.074274	0.069958	1.451613	1.612903
3547944353.694191	84.945038	461.388409	82.636276	77.598905	456.188955	92.291172	466.587863	0.051938	0.065785	1.427175	1.608016
3547944354.415700	80.282654	438.428593	73.800507	89.279393	438.670851	71.285915	438.186335	0.051938	0.078228	1.427175	1.622678
3547944355.846712	65.288881	396.270943	66.764076	71.686053	402.601519	58.891709	389.940367	0.056466	0.065785	1.432063	1.608016
3547944356.545203	55.750947	375.952833	62.300732	60.309452	368.192677	51.192442	383.712990	0.060963	0.069958	1.436950	1.612903
3547944357.941188	33.498740	341.068189	50.000992	35.851499	332.381157	31.145982	349.755221	0.051938	0.069958	1.427175	1.612903
3547944358.626672	20.134211	327.112695	41.327351	24.343188	335.067852	15.925235	319.157538	0.078651	0.065785	1.456500	1.608016
3547944359.315160	15.404151	320.233448	87.554718	18.990614	311.978917	11.817688	328.487980	0.082999	0.065785	1.461388	1.608016
3547944360.002643	17.913941	314.841267	131.602722	20.950674	306.369063	14.877207	323.313472	0.069867	0.074105	1.446725	1.617791
3547944360.734159	29.651249	306.218865	139.005386	23.351814	299.791025	35.950684	312.646704	0.078651	0.086400	1.456500	1.632454
3547944361.473681	45.401988	292.065697	140.205551	37.128925	295.609203	53.675051	288.522192	0.065430	0.086400	1.441838	1.632454
3547944362.179178	63.272069	277.303420	136.451614	72.078702	279.159010	54.465436	275.447830	0.065430	0.094474	1.441838	1.642229
3547944362.933710	80.628154	259.224927	130.448593	89.604513	258.573017	71.651796	259.876838	0.074274	0.090449	1.451613	1.637341
3547944363.609186	94.347320	239.689800	121.261436	85.776645	242.436350	102.917994	236.943249	0.116763	0.082326	1.500489	1.627566
3547944364.347708	106.606425	216.262496	112.983498	107.628755	207.320748	105.584095	225.204243	0.091608	0.082326	1.471163	1.627566
3547944365.128257	113.776141	194.745729	103.630409	113.396919	203.737736	114.155364	185.753722	0.082999	0.090449	1.461388	1.637341
3547944365.820747	117.739720	168.477218	93.763603	121.929036	160.511691	113.550403	176.442746	0.087318	0.074105	1.466276	1.617791
3547944366.524244	117.228495	145.040766	83.936577	110.255147	150.730442	124.201844	139.351091	0.112639	0.074105	1.495601	1.617791
3547944367.969263	107.367414	105.420598	67.566711	116.365142	105.218391	98.369685	105.622806	0.078651	0.086400	1.456500	1.632454
3547944368.680765	97.248806	86.399833	56.781128	95.175456	77.641910	99.322156	95.157756	0.069867	0.082326	1.446725	1.627566
3547944369.365247	84.179153	69.402719	48.829418	93.097589	68.193796	75.260717	70.611642	0.078651	0.086400	1.456500	1.632454
3547944370.075749	69.961645	55.534965	40.055843	63.601102	61.902343	76.322187	49.167588	0.065430	0.074105	1.441838	1.617791
3547944370.790253	54.743904	44.782718	32.995216	45.744228	44.859159	63.743579	44.706277	0.051938	0.053112	1.427175	1.593353
3547944371.502755	39.147855	35.515780	31.065882	42.234314	27.061564	36.061396	43.969996	0.065430	0.078228	1.441838	1.622678
3547944372.181236	21.888947	26.049999	28.424997	23.239794	34.948044	20.538100	17.151953	0.056466	0.065785	1.432063	1.608016
3547944372.910750	15.049542	24.504707	327.932007	6.640583	21.296994	23.458500	27.712420	0.042787	0.069958	1.417400	1.612903
3547944373.653273	14.339356	25.652509	281.194000	23.337284	25.459404	5.341427	25.845613	0.028823	0.057362	1.402737	1.598240
3547944374.369779	14.466006	25.421006	328.823334	6.686682	29.946723	22.245330	20.895289	0.042787	0.057362	1.417400	1.598240
3547944375.074277	14.521194	25.289036	19.917040	6.637286	20.948067	22.405101	29.630004	0.038165	0.040204	1.412512	1.578690
3547944375.810794	14.632076	25.824043	92.321793	23.070298	28.953966	6.193854	22.694121	0.051938	0.061586	1.427175	1.603128
3547944376.502282	14.393253	26.383854	153.392822	9.725815	34.078984	19.060692	18.688725	0.033510	0.053112	1.407625	1.593353
3547944377.229796	15.458853	26.968116	205.530777	24.193263	29.138389	6.724443	24.797843	0.024103	0.053112	1.397849	1.593353
3547944377.955307	27.120510	35.005577	219.433578	31.259807	27.013943	22.981213	42.997211	0.028823	0.044533	1.402737	1.583578
3547944378.663807	41.752783	48.270525	223.279892	43.776647	57.040016	39.728918	39.501034	0.028823	0.031465	1.402737	1.568915
3547944380.153859	75.323976	79.935522	221.547318	66.343003	80.520428	84.304950	79.350615	0.019350	0.044533	1.392962	1.583578
3547944380.885375	95.660755	96.858261	217.393204	100.914293	104.165815	90.407217	89.550708	0.033510	0.044533	1.407625	1.583578
3547944381.577862	115.611737	111.193758	212.364288	124.191524	108.475807	107.031950	113.911709	0.019350	0.044533	1.392962	1.583578
3547944383.011876	155.640697	132.353212	204.247276	156.034355	141.344599	155.247038	123.361826	0.004889	0.027054	1.378299	1.564027
3547944383.728381	178.387494	141.430407	198.423820	182.729810	149.313572	174.045178	133.547242	0.004889	0.035848	1.378299	1.573803
3547944384.397853	201.596146	147.817694	191.519516	200.539864	156.755494	202.652429	138.879894	0.004889	0.031465	1.378299	1.568915
3547944385.914922	247.657562	149.573365	173.589539	254.125936	155.831171	241.189189	143.315558	0.014564	0.053112	1.388074	1.593353
3547944386.660449	273.912384	145.866170	168.636658	281.530736	141.074437	266.294031	150.657903	-0.004924	0.004581	1.368524	1.539589
3547944390.323032	279.913989	152.087274	321.691467	271.375922	149.240975	288.452055	154.933572	-0.014878	0.040204	1.358749	1.578690
3547944391.019524	264.551806	163.327994	324.535858	271.882035	168.549848	257.221578	158.106141	-0.014878	0.004581	1.358749	1.539589
3547944392.541599	231.155035	185.642046	325.293365	240.068821	184.399297	222.241250	186.884795	-0.024977	-0.009249	1.348974	1.524927
3547944393.250100	213.290110	198.111437	323.774017	214.989610	206.949520	211.590609	189.273355	0.024103	-0.009249	1.397849	1.524927
3547944393.964606	195.833197	211.022611	322.178741	186.956164	212.505272	204.710230	209.539951	-0.024977	-0.000000	1.348974	1.534702
3547944394.681109	179.536031	224.665198	321.396103	172.196221	219.456822	186.875842	229.873574	-0.019909	0.013655	1.353861	1.549365
3547944395.376600	163.494233	238.613526	317.359665	164.023190	247.597969	162.965276	229.629084	0.120861	0.287103	1.505376	1.915934
3547944396.075091	148.488688	252.557001	315.733093	139.488729	252.584285	157.488646	252.529717	0.293506	0.520141	1.744868	2.399804
3547944396.710539	134.400973	265.198649	315.038696	127.467588	259.460342	141.334359	270.936956	0.397905	0.588041	1.930596	2.590420
3547944397.465071	120.558379	278.997243	316.291687	112.940863	283.790306	128.175895	274.204180	0.449650	0.605422	2.038123	2.644184
3547944398.209597	107.530330	291.432403	317.452301	108.888113	300.329392	106.172547	282.535413	0.469278	0.617625	2.082111	2.683284
3547944398.944115	94.826566	303.343713	321.171036	88.834235	296.628658	100.818898	310.058768	0.464988	0.603871	2.072336	2.639296
3547944400.309078	69.501013	319.012489	332.701843	72.220627	310.433230	66.781399	327.591749	0.469278	0.591254	2.082111	2.600196
3547944400.960538	56.690814	325.603772	335.726746	52.990849	333.808055	60.390779	317.399489	0.449650	0.573274	2.038123	2.546432
3547944401.621004	44.760945	330.991358	336.368713	46.710073	339.777762	42.811817	322.204953	0.440652	0.563142	2.018573	2.517107
3547944402.352519	30.948152	336.370212	340.110596	24.376509	330.220943	37.519795	342.519480	0.422122	0.551020	1.979472	2.482893
3547944403.029998	18.502656	340.495364	354.862427	17.268668	349.410367	19.736645	331.580361	0.419755	0.536750	1.974585	2.443793
3547944403.735495	17.035469	340.155730	53.108265	14.386019	348.756917	19.684919	331.554543	0.417375	0.520141	1.969697	2.399804
3547944404.450000	16.980332	338.126715	109.858124	16.103155	347.083867	17.857509	329.169564	0.422122	0.518258	1.979472	2.394917
3547944405.194528	18.113605	337.001285	162.151733	26.537590	333.833245	9.689620	340.169325	0.397905	0.500957	1.930596	2.350929
3547944405.889017	27.204743	337.820140	192.280029	32.600252	345.023506	21.809235	330.616773	0.382777	0.487047	1.901271	2.316716
3547944406.557487	41.352589	342.221710	199.219299	50.022109	344.638198	32.683069	339.805221	0.369809	0.478912	1.876833	2.297165
3547944407.244971	57.307005	348.572693	202.708466	48.332807	349.253696	66.281204	347.891689	0.385331	0.476857	1.906158	2.292278
3547944407.926453	73.397599	355.703526	202.882233	64.676289	357.925858	82.118908	353.481194	0.369809	0.476857	1.876833	2.292278
3547944410.084975	126.137166	369.868833	187.771088	132.101824	363.129185	120.172507	376.608481	0.364527	0.462220	1.867058	2.258065
3547944410.778465	143.505295	372.593710	193.500580	152.122687	369.997453	134.887903	375.189967	0.345596	0.431575	1.832845	2.189638
3547944411.487965	162.508794	377.907516	199.040756	170.611341	381.825263	154.406248	373.989769	0.334457	0.410842	1.813294	2.145650
3547944412.154436	179.466797	384.776753	204.636734	183.244887	392.945354	175.688707	376.608153	0.308495	0.413188	1.769306	2.150538
3547944412.886953	195.459061	393.166775	209.760101	189.480028	399.893673	201.438095	386.439876	0.308495	0.394119	1.769306	2.111437
3547944413.560426	210.094793	402.347102	214.040741	206.487176	394.101795	213.702411	410.592410	0.299552	0.381839	1.754643	2.086999
3547944414.214889	224.602915	413.246178	219.629501	227.107275	404.601632	222.098555	421.890725	0.284309	0.376846	1.730205	2.077224
3547944415.601868	249.468181	438.420680	231.721542	255.644386	431.874346	243.291976	444.967014	0.284309	0.356394	1.730205	2.038123
3547944416.330380	260.316517	453.376063	236.737076	268.408092	457.316419	252.224941	449.435707	0.268630	0.348521	1.705767	2.023460
3547944417.050889	269.778778	469.262309	242.512924	274.936723	476.637646	264.620833	461.886971	0.259005	0.335143	1.691105	1.999022
3547944417.764392	276.965237	485.746159	251.812225	272.770850	477.783300	281.159624	493.709018	0.255760	0.326957	1.686217	1.984360
3547944419.150371	283.006134	522.819137	267.464050	286.747126	531.004794	279.265142	514.633480	0.242588	0.304527	1.666667	1.945259
3547944420.533346	280.123792	557.482128	280.671021	288.015458	561.808974	272.232125	553.155283	0.235885	0.295881	1.656891	1.930596
3547944421.213825	275.719109	573.615144	288.088593	282.976137	568.292030	268.462081	578.938258	0.211789	0.281176	1.622678	1.906158
3547944423.475421	263.194193	578.172369	40.474297	259.969816	586.574951	266.418570	569.769786	0.201149	0.259944	1.608016	1.871945
3547944424.139892	252.266460	567.476131	45.554909	243.266474	567.492468	261.266445	567.459793	0.182976	0.247459	1.583578	1.852395
3547944424.813369	240.523565	553.465795	57.334904	234.154275	547.107168	246.892856	559.824422	0.179274	0.237921	1.578690	1.837732
3547944426.176327	224.850962	522.187935	68.888550	226.871977	513.417787	222.829948	530.958083	0.171801	0.218381	1.568915	1.808407
3547944426.914848	218.124444	503.743923	70.905556	209.340819	505.705539	226.908068	501.782306	0.171801	0.211727	1.568915	1.798631
3547944427.730422	211.717676	485.365475	70.334648	203.266990	482.269365	220.168363	488.461584	0.152705	0.208372	1.544477	1.793744
3547944428.436922	204.333883	465.400757	69.613289	200.032878	457.494977	208.634889	473.306536	0.156572	0.198197	1.549365	1.779081
3547944429.127408	195.952335	443.495530	68.853683	198.277842	434.801163	193.626828	452.189897	0.152705	0.198197	1.544477	1.779081
3547944430.610456	184.521369	406.439483	78.650337	185.514033	415.384572	183.528705	397.494394	0.124931	0.180862	1.510264	1.754643
3547944431.278928	181.545213	387.570268	83.079140	172.679660	386.020441	190.410767	389.120094	0.120861	0.187854	1.505376	1.764418
3547944433.355391	172.209458	325.407948	75.227936	173.734653	316.538123	170.684264	334.277772	0.179274	0.224965	1.578690	1.818182
3547944434.077902	167.004432	306.285111	69.858627	160.912027	299.660717	173.096837	312.909506	0.299552	0.281176	1.754643	1.906158
3547944434.778396	157.413916	283.730151	65.998016	157.635030	292.727434	157.192803	274.732867	0.414984	0.343209	1.964809	2.013685
3547944435.540933	148.859256	264.504024	61.516593	157.567007	262.229149	140.151504	266.778900	0.483980	0.376846	2.116325	2.077224
3547944436.228418	138.611507	247.366195	55.203760	147.382866	245.350442	129.840148	249.381948	0.494194	0.394119	2.140762	2.111437
3547944437.624404	114.237325	220.802217	38.426842	108.250739	214.082040	120.223912	227.522394	0.498214	0.413188	2.150538	2.150538
3547944438.371931	99.507379	210.516119	29.890837	108.497980	210.104903	90.516778	210.927334	0.483980	0.408486	2.116325	2.140762
3547944439.954047	66.313821	195.345079	18.719831	67.478070	186.420701	65.149573	204.269457	0.445173	0.396541	2.028348	2.116325
3547944440.694570	47.683269	189.841171	13.523398	40.325919	184.657601	55.040619	195.024741	0.431478	0.371805	1.999022	2.067449
3547944441.414077	30.183060	185.798665	12.083630	34.360939	177.827132	26.005182	193.770198	0.417375	0.353782	1.969697	2.033236
3547944442.119576	15.981852	183.175341	345.001404	20.867208	175.616684	11.096495	190.733998	0.387871	0.348521	1.911046	2.023460
3547944442.819068	14.809061	184.070251	279.192169	11.225069	192.325856	18.393053	175.814647	0.377630	0.345871	1.891496	2.018573
3547944443.549583	15.618721	185.371014	211.211487	21.585451	192.108827	9.651991	178.633200	0.361865	0.345871	1.862170	2.018573
3547944444.275097	15.920346	185.404632	144.082764	19.676260	177.225811	12.164432	193.583453	0.369809	0.337844	1.876833	2.003910
3547944445.679087	38.514007	168.340575	142.706284	47.264152	170.446508	29.763861	166.234643	0.337264	0.329699	1.818182	1.989247
3547944446.366572	52.133102	156.448748	134.962601	51.003141	165.377532	53.263063	147.519964	0.323076	0.324202	1.793744	1.979472
3547944447.092083	64.833463	141.491067	126.378632	58.933413	134.694788	70.733513	148.287346	0.311443	0.318650	1.774194	1.969697
3547944447.777568	74.982849	125.659953	117.299973	82.838639	130.051600	67.127059	121.268306	0.290458	0.324202	1.739980	1.979472
3547944448.473058	82.204838	108.632703	108.296249	73.240218	107.835475	91.169459	109.429931	0.278091	0.292970	1.720430	1.925709
3547944449.199569	87.383876	90.343012	101.355667	80.774765	84.234031	93.992987	96.451993	0.268630	0.284147	1.705767	1.911046
3547944450.597556	89.140724	52.826801	82.418068	83.094372	46.160346	95.187076	59.493256	0.242588	0.263025	1.666667	1.876833
3547944451.305056	85.471887	35.472554	74.109947	94.115091	32.963566	76.828683	37.981542	0.232504	0.256847	1.652004	1.867058
3547944452.031570	79.153978	19.372801	65.089005	72.191929	25.076297	86.116027	13.669304	0.218777	0.237921	1.632454	1.837732
3547944454.832543	77.792297	16.855576	266.465271	72.934816	24.432177	82.649777	9.278975	0.186656	0.211727	1.588465	1.798631
3547944455.523033	77.806966	31.475570	271.446594	69.212056	28.805828	86.401876	34.145313	0.164235	0.208372	1.559140	1.793744
3547944457.642527	76.184256	86.752758	264.801910	69.089078	81.215751	83.279434	92.289765	0.144896	0.170227	1.534702	1.739980
3547944458.314002	79.094100	105.700427	256.011871	88.090590	105.951763	70.097610	105.449090	0.168030	0.166642	1.564027	1.735093
3547944458.990479	85.749116	126.271057	246.773087	76.861310	127.687710	94.636922	124.854404	0.140954	0.191321	1.529814	1.769306
3547944459.657948	95.157185	144.492670	237.202850	104.156470	144.379229	86.157900	144.606112	0.128976	0.152098	1.515152	1.715543
3547944460.385462	108.440987	162.054561	226.902252	102.591010	155.215134	114.290965	168.893988	0.116763	0.173792	1.500489	1.744868
3547944461.768437	140.293995	186.636592	212.327690	148.967486	184.234395	131.620504	189.038788	0.104310	0.137219	1.485826	1.695992
3547944462.442912	156.813274	196.955712	210.663132	158.392865	205.816011	155.233683	188.095414	0.095870	0.102453	1.476051	1.652004
3547944463.141405	175.733298	207.935116	209.057152	166.822918	209.202057	184.643677	206.668175	0.082999	0.121993	1.461388	1.676442
3547944463.884930	192.902508	216.837734	206.042313	201.581245	214.454557	184.223771	219.220910	0.091608	0.133445	1.471163	1.691105
3547944464.574419	212.928274	225.330464	200.181763	219.865882	219.597263	205.990666	231.063665	0.078651	0.118130	1.456500	1.671554
3547944481.652466	286.152760	251.566490	328.631378	277.652907	254.524953	294.652613	248.608028	0.033510	0.065785	1.407625	1.608016
3547944482.371974	272.301889	258.574352	335.395447	266.134506	265.128999	278.469271	252.019706	-0.000000	0.031465	1.373412	1.568915
3547944483.068464	256.086502	264.302366	339.976685	250.394689	257.330761	261.778314	271.273971	0.019350	0.069958	1.392962	1.612903
3547944483.790974	237.906357	270.309062	343.391434	245.267886	275.486695	230.544828	265.131428	0.028823	0.057362	1.402737	1.598240
3547944484.537501	219.635739	275.297473	345.316620	221.937042	266.596668	217.334437	283.998278	0.028823	0.018149	1.402737	1.554252
3547944485.263013	200.633647	279.534702	346.049377	196.524121	271.527718	204.743173	287.541686	0.024103	0.044533	1.397849	1.583578
3547944485.974516	178.388649	285.368824	345.286652	180.949628	276.740881	175.827671	293.996766	0.019350	0.022616	1.392962	1.559140
3547944486.763071	159.155219	292.243025	343.403908	166.580759	297.328430	151.729678	287.157620	0.074274	0.035848	1.451613	1.573803
3547944487.479576	139.218217	298.683490	341.038986	130.357539	300.260949	148.078896	297.106031	0.140954	0.086400	1.529814	1.632454
3547944489.650107	84.494754	319.401611	338.163086	92.630314	315.552889	76.359194	323.250333	0.245910	0.166642	1.671554	1.735093
3547944490.360611	67.214264	326.751950	336.969116	73.786603	332.900475	60.641925	320.603425	0.265441	0.211727	1.700880	1.798631
3547944491.068109	51.570857	333.700445	336.037750	50.559028	342.643386	52.582687	324.757503	0.271802	0.218381	1.710655	1.808407
3547944491.757594	35.391975	340.996443	336.230164	36.108961	349.967838	34.674989	332.025047	0.287392	0.241117	1.735093	1.842620
3547944492.468097	19.855729	347.497812	339.106262	21.517832	338.652621	18.193625	356.343004	0.281209	0.247459	1.725318	1.852395
3547944493.197614	15.951430	350.206755	275.759033	21.757097	343.329676	10.145763	357.083835	0.281209	0.247459	1.725318	1.852395
3547944493.898104	17.666413	352.375875	222.275024	11.349361	358.786402	23.983464	345.965348	0.290458	0.263025	1.739980	1.876833
3547944495.454202	43.151949	370.659972	208.317917	35.713752	365.593096	50.590145	375.726848	0.293506	0.287103	1.744868	1.915934
3547944496.166705	63.079846	379.139418	195.964798	54.737791	375.761531	71.421900	382.517306	0.299552	0.287103	1.754643	1.915934
3547944496.925239	86.398054	383.119225	180.400101	95.136927	385.271457	77.659181	380.966992	0.296537	0.292970	1.749756	1.925709
3547944497.627736	108.448943	379.785154	161.581879	117.250953	381.662551	99.646933	377.907756	0.293506	0.292970	1.744868	1.925709
3547944498.336235	125.921673	370.195643	144.613968	125.016851	361.241242	126.826494	379.150044	0.281209	0.295881	1.725318	1.930596
3547944499.033730	142.190172	354.552555	124.844978	148.762668	348.404198	135.617676	360.700912	0.281209	0.295881	1.725318	1.930596
3547944499.704205	151.844235	335.798937	108.957397	144.279052	340.674182	159.409418	330.923693	0.323076	0.313043	1.793744	1.959922
3547944500.408699	156.596511	315.733531	92.802841	165.525324	314.603798	147.667698	316.863264	0.369809	0.345871	1.876833	2.018573
3547944501.100186	154.915025	295.877065	76.219603	148.326252	289.746154	161.503798	302.007977	0.397905	0.356394	1.930596	2.038123
3547944501.799679	147.557469	277.082707	58.343016	138.781424	279.077960	156.333514	275.087453	0.419755	0.351158	1.974585	2.028348
3547944502.496170	134.872057	261.417151	41.249931	138.453158	269.674010	131.290956	253.160293	0.429156	0.351158	1.994135	2.028348
3547944503.217679	120.943150	252.529328	29.663603	129.795272	254.154116	112.091028	250.904539	0.407738	0.351158	1.950147	2.028348
3547944503.899162	104.060937	244.869612	18.114843	110.094302	238.191401	98.027572	251.547824	0.407738	0.348521	1.950147	2.023460
3547944504.554623	88.688939	240.874210	12.190104	91.995992	232.503822	85.381885	249.244598	0.397905	0.351158	1.930596	2.028348
3547944506.675118	39.559393	239.538623	347.704163	31.925382	244.305370	47.193404	234.771876	0.364527	0.295881	1.867058	1.930596
3547944507.407638	25.116827	243.145378	344.619965	32.464832	237.948569	17.768822	248.342187	0.351076	0.290044	1.842620	1.920821
3547944508.110132	18.436212	245.614797	297.805389	13.018865	252.801753	23.853560	238.427840	0.337264	0.295881	1.818182	1.930596
3547944508.830639	18.615414	246.977741	244.162872	25.559826	241.252783	11.671002	252.702699	0.317291	0.287103	1.783969	1.915934
3547944509.545144	23.342552	256.373438	243.734756	32.036987	254.048184	14.648118	258.698692	0.308495	0.263025	1.769306	1.876833
3547944510.258647	30.637116	271.616612	244.374893	36.221289	264.558496	25.052943	278.674729	0.308495	0.287103	1.769306	1.915934
3547944510.985159	38.170734	286.026320	239.604538	31.447984	280.042623	44.893484	292.010018	0.287392	0.284147	1.735093	1.911046
3547944511.697662	48.813952	301.836499	233.620270	40.627204	298.097896	57.000700	305.575103	0.302549	0.281176	1.759531	1.906158
3547944512.383146	60.735973	316.085548	229.350327	60.862534	325.084659	60.609412	307.086438	0.290458	0.266089	1.739980	1.881720
3547944513.063626	73.592920	329.486973	224.045074	81.126996	334.410153	66.058845	324.563793	0.293506	0.284147	1.744868	1.911046
3547944513.763120	86.709943	341.159438	218.795807	94.793827	337.203328	78.626058	345.115549	0.314375	0.272171	1.779081	1.891496
3547944514.463613	103.736368	353.436323	211.371262	110.699059	359.139035	96.773676	347.733610	0.274956	0.281176	1.715543	1.906158
3547944517.965084	208.098291	352.061214	151.223358	204.371744	343.868971	211.824839	360.253457	0.290458	0.269138	1.739980	1.886608
3547944518.671583	225.606415	340.415173	141.481659	226.594326	349.360788	224.618504	331.469558	0.325944	0.284147	1.798631	1.911046
3547944519.426116	241.892585	324.574732	128.779266	241.658319	333.571682	242.126850	315.577781	0.356499	0.287103	1.852395	1.915934
3547944520.125607	254.250981	306.151656	115.465973	247.966697	312.594308	260.535266	299.709004	0.367175	0.290044	1.871945	1.920821
3547944520.789081	261.194535	284.012471	101.424706	254.179749	278.373962	268.209321	289.650979	0.361865	0.287103	1.862170	1.915934
3547944521.469556	263.245418	262.879221	87.937778	263.486732	253.882456	263.004105	271.875985	0.356499	0.269138	1.852395	1.886608
3547944522.132022	261.580221	249.872744	78.717400	263.170083	258.731205	259.990359	241.014282	0.351076	0.275188	1.842620	1.896383
3547944522.832519	261.618701	249.872370	78.690697	262.971478	258.770123	260.265924	240.974618	0.351076	0.272171	1.842620	1.891496
3547944523.524005	261.600039	249.880987	78.772415	263.674603	258.638623	259.525475	241.123351	0.348343	0.253734	1.837732	1.862170
3547944524.179469	261.570079	249.871308	78.736427	263.328199	258.697916	259.811958	241.044700	0.331635	0.263025	1.808407	1.876833
3547944524.877960	261.576272	249.872916	78.774681	263.670675	258.625829	259.481869	241.120004	0.325944	0.250605	1.798631	1.857283
3547944525.581456	261.602254	249.870934	78.775230	263.701465	258.622695	259.503043	241.119174	0.320191	0.224965	1.788856	1.818182
3547944526.303972	261.568061	249.882595	78.785469	263.756766	258.612405	259.379355	241.152786	0.314375	0.221682	1.779081	1.813294
3547944526.986448	261.564481	249.870446	78.680077	262.822689	258.782063	260.306274	240.958829	0.302549	0.208372	1.759531	1.793744
3547944527.648917	261.553345	249.881935	78.777458	263.672047	258.628997	259.434642	241.134872	0.296537	0.211727	1.749756	1.798631
3547944528.322390	261.594962	249.880211	78.655350	262.632451	258.820212	260.557473	240.940210	0.287392	0.204999	1.735093	1.788856
3547944528.983858	261.575381	249.881016	78.725914	263.240609	258.725619	259.910153	241.036412	0.274956	0.194769	1.715543	1.774194
3547944529.681349	261.593462	249.870446	78.777489	263.712431	258.617444	259.474492	241.123448	0.274956	0.184368	1.715543	1.759531
3547944530.338813	261.601407	249.873979	78.690308	262.950722	258.772257	260.252092	240.975701	0.262232	0.173792	1.695992	1.744868
3547944531.015292	261.575712	249.878632	78.652695	262.589461	258.821356	260.561962	240.935908	0.252496	0.148410	1.681329	1.710655
3547944531.710781	261.605148	249.886186	78.567444	261.853764	258.882751	261.356532	240.889620	0.225681	0.155765	1.642229	1.720430
3547944532.371247	260.914646	246.552000	79.705055	269.184590	250.102779	252.644702	243.001220	0.239246	0.155765	1.661779	1.720430
3547944533.799260	261.331254	219.147546	92.971664	269.943307	216.533633	252.719201	221.761459	0.201149	0.137219	1.608016	1.695992
3547944535.818678	259.904544	162.636477	78.220612	257.080239	171.181844	262.728848	154.091109	0.179274	0.106407	1.578690	1.656891
3547944536.458131	254.708884	143.398518	69.158173	254.320796	134.406889	255.096971	152.390147	0.171801	0.118130	1.568915	1.671554
3547944537.167631	246.317599	125.210897	59.970074	248.803184	133.860860	243.832013	116.560934	0.148813	0.106407	1.539589	1.656891
3547944537.863122	235.563919	108.744351	51.079906	229.017945	102.567764	242.109892	114.920938	0.168030	0.082326	1.564027	1.627566
3547944538.543602	221.643626	93.763356	41.673889	228.304318	99.816056	214.982934	87.710655	0.136987	0.090449	1.524927	1.637341
3547944539.214074	205.498340	81.107367	33.250431	196.809469	83.453328	214.187210	78.761406	0.116763	0.082326	1.500489	1.627566
3547944539.928578	188.722807	71.069453	27.357726	181.580929	76.546092	195.864685	65.592813	0.112639	0.094474	1.495601	1.642229
3547944541.276532	149.068528	56.451927	11.130632	157.986570	55.240096	140.150487	57.663758	0.100104	0.069958	1.480938	1.612903
3547944541.932993	128.277319	54.942681	358.951630	121.758318	48.737633	134.796320	61.147729	0.082999	0.074105	1.461388	1.617791
3547944542.620480	109.706458	56.766720	350.318970	118.702024	56.484267	100.710891	57.049173	0.082999	0.065785	1.461388	1.608016
3547944544.701946	53.418609	76.627315	331.317780	62.353622	77.706917	44.483596	75.547712	0.069867	0.057362	1.446725	1.598240
3547944545.397437	36.102083	87.733805	322.584564	28.531378	92.600470	43.672788	82.867140	0.074274	0.061586	1.451613	1.603128
3547944546.063909	20.234061	101.783944	313.001068	28.478796	98.175020	11.989325	105.392869	0.056466	0.048836	1.432063	1.588465
3547944546.774408	18.312014	107.912399	233.807480	9.572488	105.762824	27.051541	110.061974	0.056466	0.048836	1.432063	1.588465
3547944547.448885	21.576757	108.816012	181.609482	26.680001	101.402719	16.473514	116.229304	0.051938	0.031465	1.427175	1.568915
3547944548.122358	35.610813	107.770032	174.606903	44.334331	105.556385	26.887295	109.983680	0.047378	0.040204	1.422287	1.578690
3547944548.828858	53.651988	105.958821	171.580734	45.241456	109.162406	62.062519	102.755236	0.047378	0.018149	1.422287	1.554252
3547944549.498330	73.624421	102.194083	164.789749	64.717398	100.903758	82.531444	103.484408	0.042787	0.061586	1.417400	1.603128
3547944550.197824	96.377261	94.606431	157.819336	90.310642	87.958413	102.443880	101.254448	0.042787	0.044533	1.417400	1.583578
3547944550.888310	116.728652	85.161727	150.823914	116.481487	76.165122	116.975816	94.158333	0.038165	0.027054	1.412512	1.564027
3547944551.576797	133.782516	72.759186	139.226631	126.226077	67.870399	141.338955	77.647972	0.004889	0.018149	1.378299	1.554252
3547944552.876713	160.574616	39.076758	116.439548	162.368111	47.896246	158.781121	30.257270	0.047378	0.004581	1.422287	1.539589
3547944553.550188	167.811935	20.513691	105.475559	176.570387	18.442573	159.053484	22.584810	0.019350	0.022616	1.392962	1.559140
3547944556.247091	191.112760	25.996202	233.305305	184.486893	19.905399	197.738627	32.087006	-0.019909	0.018149	1.353861	1.554252
3547944556.914561	200.881436	40.999892	239.226746	196.839969	32.958341	204.922903	49.041443	0.004889	0.018149	1.378299	1.554252
3547944558.266517	221.526169	77.121917	240.292084	212.533280	76.764222	230.519058	77.479611	0.004889	-0.013918	1.378299	1.520039
3547944558.923981	232.870144	95.559553	236.829559	241.291038	98.735798	224.449249	92.383307	0.004889	0.018149	1.378299	1.554252
3547944559.593451	244.479665	112.625405	233.452744	237.030918	107.574052	251.928413	117.676758	-0.000000	0.018149	1.373412	1.554252
3547944560.239911	259.557783	129.897802	224.323151	268.153883	132.563709	250.961683	127.231895	0.004889	0.018149	1.378299	1.554252
3547944561.649903	289.206963	153.274542	245.284424	287.065919	144.532921	291.348008	162.016162	-0.004924	0.241117	1.368524	1.842620
3547944562.328381	289.140270	158.153337	305.160461	292.859142	166.349067	285.421399	149.957607	-0.000000	0.004581	1.373412	1.539589
3547944563.041887	282.189637	164.496852	322.032806	273.191358	164.672875	291.187915	164.320829	-0.009883	0.013655	1.363636	1.549365
3547944564.407850	251.656792	182.961580	332.061005	258.966083	177.710461	244.347500	188.212699	-0.004924	0.009132	1.368524	1.544477
3547944565.023282	235.469212	190.906085	332.468811	240.096515	183.186754	230.841909	198.625416	-0.035222	0.018149	1.339198	1.554252
3547944565.689754	217.432682	200.620923	329.477264	214.011284	208.945227	220.854080	192.296619	-0.014878	0.013655	1.358749	1.549365
3547944566.369233	200.270554	211.321274	325.718811	207.876804	206.510353	192.664304	216.132195	-0.019909	-0.018618	1.353861	1.515152
3547944567.040705	184.251045	223.886316	321.709351	175.663445	221.193153	192.838645	226.579479	0.009744	0.048836	1.383187	1.588465
3547944567.708179	168.910609	238.576432	313.614288	173.576195	230.880179	164.245023	246.272685	0.104310	0.090449	1.485826	1.637341
3547944568.378650	155.311524	253.884632	303.970184	149.083218	260.381416	161.539831	247.387849	0.136987	0.180862	1.524927	1.754643
3547944569.056130	144.488289	271.448325	294.704997	149.605020	264.044336	139.371557	278.852315	0.179274	0.228230	1.578690	1.823069
3547944569.719596	136.397051	290.395464	286.196579	139.156696	298.961931	133.637406	281.828996	0.193946	0.266089	1.598240	1.881720
3547944570.421091	133.363893	308.334389	281.260162	142.329367	307.546819	124.398418	309.121959	0.204717	0.253734	1.612903	1.862170
3547944571.087560	128.914599	326.633703	279.037369	124.100590	334.237999	133.728608	319.029407	0.218777	0.275188	1.632454	1.896383
3547944571.737020	126.194213	344.168983	281.762894	133.670921	339.159108	118.717506	349.178858	0.222239	0.253734	1.637341	1.862170
3547944572.410495	122.641782	359.629192	287.567581	131.585541	358.624610	113.698024	360.633775	0.208264	0.259944	1.617791	1.871945
3547944573.107986	117.361003	377.096588	288.098846	124.563068	371.699343	110.158938	382.493834	0.204717	0.256847	1.612903	1.867058
3547944573.774456	111.682316	395.640373	284.848175	103.935496	400.221506	119.429135	391.059239	0.204717	0.253734	1.612903	1.862170
3547944574.455938	107.239272	413.833666	280.903168	115.914709	416.228825	98.563834	411.438507	0.186656	0.250605	1.588465	1.857283
3547944575.821902	101.312444	450.834969	277.660767	92.922094	447.578893	109.702793	454.091046	0.208264	0.259944	1.617791	1.871945
3547944577.140833	94.565396	482.647958	284.882965	86.982610	487.495777	102.148182	477.800138	0.190312	0.224965	1.593353	1.818182
3547944577.871347	89.427704	498.137650	291.538635	84.129172	505.412646	94.726235	490.862654	0.197559	0.224965	1.603128	1.818182
3547944578.559833	83.110146	512.710237	294.581268	89.101511	505.994320	77.118781	519.426155	0.179274	0.228230	1.578690	1.823069
3547944579.923795	68.920677	541.811270	296.025055	63.017773	535.017470	74.823582	548.605071	0.179274	0.218381	1.578690	1.808407
3547944580.600272	61.969856	555.332062	296.859222	52.971895	555.140527	70.967818	555.523598	0.186656	0.234708	1.588465	1.832845
3547944581.271745	54.547900	569.436606	297.242737	46.131923	572.625859	62.963877	566.247354	0.148813	0.221682	1.539589	1.813294
3547944584.672144	53.623628	576.569524	149.816284	61.098923	571.557541	46.148334	581.581507	0.164235	0.208372	1.559140	1.793744
3547944586.035108	88.482739	560.850965	159.427139	82.063729	567.159397	94.901748	554.542533	0.175550	0.187854	1.573803	1.764418
3547944586.733599	110.637205	553.392964	164.393372	102.918951	548.763867	118.355460	558.022062	0.160416	0.187854	1.554252	1.764418
3547944587.362042	132.555992	548.132316	168.028435	141.546149	548.553113	123.565834	547.711520	0.168030	0.194769	1.564027	1.774194
3547944588.054533	155.493153	543.483722	168.450249	163.867584	540.186919	147.118722	546.780524	0.164235	0.194769	1.559140	1.774194
3547944590.143004	222.298660	520.795349	149.203400	231.296432	520.995595	213.300888	520.595104	0.168030	0.198197	1.564027	1.779081
3547944590.839497	241.532626	506.586479	138.767471	236.925531	498.855071	246.139722	514.317887	0.156572	0.187854	1.549365	1.764418
3547944591.498963	257.707895	489.975262	129.476181	263.302990	497.024724	252.112799	482.925801	0.160416	0.191321	1.554252	1.769306
3547944592.943984	282.100016	455.237027	118.087700	290.754533	452.767344	273.445499	457.706711	0.208264	0.228230	1.617791	1.823069
3547944593.634467	289.899095	440.659363	141.083572	287.341941	449.288440	292.456249	432.030287	0.193946	0.241117	1.598240	1.842620
3547944597.215996	290.077529	440.734270	314.408020	287.861755	432.011292	292.293303	449.457248	0.271802	0.284147	1.710655	1.911046
3547944597.900477	279.577062	449.558448	320.742462	276.917281	440.960450	282.236842	458.156446	0.290458	0.313043	1.739980	1.959922
3547944598.604977	266.892886	458.698120	326.533447	268.611956	449.863823	265.173816	467.532417	0.323076	0.307380	1.793744	1.950147
3547944599.325483	251.595927	468.624630	329.521851	248.548955	477.093157	254.642899	460.156102	0.345596	0.307380	1.832845	1.950147
3547944600.740480	220.110455	486.959370	328.769073	212.097134	491.056526	228.123776	482.862215	0.348343	0.321433	1.837732	1.974585
3547944601.484007	205.321177	496.338926	327.430023	199.493074	489.480849	211.149280	503.197002	0.356499	0.301659	1.852395	1.940371
3547944602.151477	191.035031	505.334881	327.861938	182.871282	501.546320	199.198780	509.123443	0.331635	0.321433	1.808407	1.974585
3547944602.821949	176.522709	513.919413	327.863190	168.354226	510.141069	184.691192	517.697758	0.334457	0.304527	1.813294	1.945259
3547944603.500429	162.831885	521.990588	327.949493	154.368123	518.930402	171.295646	525.050774	0.337264	0.295881	1.818182	1.930596