Time	X	Y	Theta	LS_X	LS_Y	RS_X	RS_Y	RsRoL	RsRoR	VL	VR
3547961255.806474	40.255729	551.794635	181.023529	48.607180	548.440047	31.904278	555.149223	-0.031345	-0.009534	1.260997	1.446725
3547961256.448927	40.239760	551.788434	181.015198	48.618869	548.503540	31.860651	555.073329	-0.026020	-0.004751	1.265885	1.451613
3547961257.103390	40.246036	551.795809	180.978165	48.741022	548.823400	31.751050	554.768217	-0.010289	-0.028994	1.280547	1.427175
3547961257.818894	40.256706	551.798534	181.075363	48.423136	548.015755	32.090275	555.581313	-0.010289	-0.000000	1.280547	1.456500
3547961258.513386	40.250003	551.796774	180.981201	48.735924	548.798585	31.764082	554.794964	-0.026020	-0.028994	1.265885	1.427175
3547961259.182856	40.255241	551.790050	180.946213	48.840849	549.090543	31.669633	554.489557	-0.020736	-0.014350	1.270772	1.441838
3547961259.855334	40.252559	551.783042	180.949860	48.828265	549.052243	31.676853	554.513841	-0.042120	0.014063	1.251222	1.471163
3547961260.503789	40.248305	551.792685	180.995697	48.689874	548.671804	31.806735	554.913566	-0.020736	-0.019198	1.270772	1.436950
3547961261.184268	40.251830	551.787785	181.074554	48.421317	548.011611	32.082343	555.563958	-0.020736	-0.033942	1.270772	1.422287
3547961261.923792	40.235793	551.786801	181.030823	48.562555	548.371389	31.909031	555.202212	0.005086	-0.028994	1.295210	1.427175
3547961262.593263	40.246021	551.787275	181.084839	48.376241	547.927284	32.115802	555.647265	-0.031345	-0.024079	1.260997	1.432063
3547961263.267746	40.248883	551.787207	180.960739	48.794372	548.963271	31.703393	554.611142	-0.036711	-0.019198	1.256109	1.436950
3547961263.952223	40.254250	551.785271	180.997742	48.689421	548.647137	31.819079	554.923406	-0.020736	-0.043942	1.270772	1.412512
3547961264.683738	40.239419	551.788768	181.106873	48.282622	547.750590	32.196216	555.826946	-0.031345	-0.019198	1.260997	1.436950
3547961265.355215	40.242708	551.786309	181.041138	48.533797	548.285191	31.951618	555.287427	-0.036711	-0.033942	1.256109	1.422287
3547961266.047700	40.248646	551.778565	180.794632	49.143436	550.406447	31.353855	553.150683	-0.020736	0.009407	1.270772	1.466276
3547961266.730180	40.238809	551.784255	180.965988	48.769357	548.915504	31.708260	554.653007	-0.010289	-0.024079	1.280547	1.432063
3547961267.413665	40.242779	551.787063	180.829727	49.083948	550.103690	31.401611	553.470436	-0.005125	-0.048994	1.285435	1.407625
3547961268.079134	40.234547	551.791088	180.969635	48.754577	548.891246	31.714517	554.690930	-0.026020	-0.033942	1.265885	1.422287
3547961268.748606	40.264583	551.789260	180.883026	49.003516	549.637276	31.525649	553.941245	-0.031345	-0.033942	1.260997	1.422287
3547961269.461107	40.233940	551.789928	180.892288	48.952568	549.557096	31.515313	554.022760	-0.031345	0.009407	1.260997	1.466276
3547961270.120574	40.261025	551.792298	181.047989	48.527933	548.234458	31.994116	555.350137	-0.031345	-0.048994	1.260997	1.407625
3547961270.789044	40.255112	551.784464	180.976730	48.754352	548.824243	31.755871	554.744685	-0.042120	-0.033942	1.251222	1.422287
3547961271.479531	40.251586	551.784342	180.876190	49.005026	549.692146	31.498146	553.876538	-0.047570	-0.038925	1.246334	1.417400
3547961272.139999	40.249967	551.785573	180.907822	48.932860	549.417586	31.567074	554.153560	-0.036711	-0.033942	1.256109	1.422287
3547961272.800465	40.250760	551.782392	180.960052	48.798187	548.964325	31.703334	554.600459	-0.042120	-0.033942	1.251222	1.422287
3547961273.463933	40.245856	551.788592	181.012894	48.632512	548.523013	31.859201	555.054172	-0.047570	-0.048994	1.246334	1.407625
3547961274.120397	40.241034	551.789680	181.035904	48.550335	548.332003	31.931734	555.247357	-0.031345	-0.048994	1.260997	1.407625
3547961274.787865	40.261369	551.787785	180.897202	48.968921	549.512142	31.553818	554.063427	-0.005125	-0.059204	1.285435	1.397849
3547961275.487360	40.235322	551.788363	181.005005	48.647478	548.589045	31.823167	554.987680	-0.047570	-0.048994	1.246334	1.407625
3547961276.160837	40.245328	551.784255	180.935623	48.859041	549.175817	31.631616	554.392694	-0.053064	-0.048994	1.241447	1.407625
3547961276.805290	40.251802	551.794143	180.886185	48.983894	549.614567	31.519709	553.973719	-0.026020	-0.048994	1.265885	1.407625
3547961277.484768	40.232964	551.789522	180.965149	48.765917	548.927931	31.700010	554.651114	-0.053064	-0.048994	1.241447	1.407625
3547961278.167249	40.244065	551.792879	181.011017	48.636834	548.543046	31.851295	555.042712	-0.058601	-0.038925	1.236559	1.417400
3547961278.858737	40.248639	551.797812	181.034668	48.562206	548.350408	31.935071	555.245216	-0.053064	-0.064363	1.241447	1.392962
3547961279.540218	40.245939	551.784693	180.922699	48.892643	549.287795	31.599234	554.281592	-0.042120	-0.024079	1.251222	1.432063
3547961280.250720	45.231916	552.108778	185.550812	46.992104	560.934974	43.471728	543.282582	-0.047570	-0.043942	1.246334	1.412512
3547961280.935205	61.866053	553.013982	178.056305	54.223216	557.766564	69.508890	548.261399	-0.069808	-0.059204	1.226784	1.397849
3547961281.617683	80.315073	550.178354	161.629578	89.196588	551.633929	71.433559	548.722779	-0.047570	-0.054081	1.246334	1.402737
3547961282.364210	98.648486	539.059043	135.239365	100.001264	547.956795	97.295707	530.161291	-0.047570	-0.069558	1.246334	1.388074
3547961283.044690	110.164777	518.752972	103.275742	106.686423	527.053638	113.643130	510.452306	-0.036711	-0.054081	1.256109	1.402737
3547961283.731176	109.384437	496.935569	72.158592	108.503501	505.892351	110.265374	487.978786	-0.058601	-0.054081	1.236559	1.402737
3547961287.129573	38.310124	481.907032	319.298920	46.501045	478.177580	30.119203	485.636483	-0.053064	-0.054081	1.241447	1.402737
3547961287.798046	28.813790	492.912594	302.213928	23.576906	485.593096	34.050673	500.232091	-0.069808	-0.069558	1.226784	1.388074
3547961288.482528	22.297007	505.318266	289.874542	15.547269	499.365029	29.046746	511.271503	-0.069808	-0.085365	1.226784	1.373412
3547961289.151000	18.851033	518.626316	279.735016	20.046913	527.546511	17.655153	509.706122	-0.069808	-0.064363	1.226784	1.392962
3547961290.502955	20.022171	546.706502	255.954239	28.989247	547.475624	11.055095	545.937379	-0.053064	-0.085365	1.241447	1.373412
3547961291.193439	25.619455	560.829769	241.884537	25.456586	569.828295	25.782325	551.831242	-0.075478	-0.069558	1.221896	1.388074
3547961291.865916	34.225984	572.903349	225.268448	41.420191	567.495634	27.031777	578.311065	-0.064182	-0.069558	1.231672	1.388074
3547961293.878333	51.788578	574.527513	99.804276	57.768169	567.801111	45.808987	581.253916	-0.075478	-0.069558	1.221896	1.388074
3547961297.388811	52.752037	552.104071	92.364830	61.317107	554.868048	44.186966	549.340094	-0.064182	-0.059204	1.231672	1.397849
3547961298.783794	46.260914	518.929955	57.585564	38.513455	514.349902	54.008372	523.510008	-0.064182	-0.028994	1.231672	1.427175
3547961299.447262	34.120323	506.108471	32.709545	25.463839	503.645692	42.776807	508.571251	-0.069808	-0.074790	1.226784	1.383187
3547961300.165770	18.811449	499.614649	11.971968	23.851577	492.158301	13.771322	507.070996	-0.069808	-0.069558	1.226784	1.388074
3547961302.214216	12.544497	501.188130	174.000000	20.972655	504.345052	4.116339	498.031208	-0.058601	-0.085365	1.236559	1.373412
3547961302.892696	15.694544	498.213447	130.844482	23.725222	494.150416	7.663867	502.276477	-0.069808	-0.069558	1.226784	1.388074
3547961303.567172	24.903775	485.238848	118.347771	32.632179	480.626715	17.175371	489.850981	-0.053064	-0.064363	1.241447	1.392962
3547961304.932132	28.887235	451.869079	70.132744	21.229091	447.141201	36.545379	456.596957	-0.064182	-0.059204	1.231672	1.397849
3547961305.627624	18.825723	436.898905	39.583759	10.265358	439.677420	27.386088	434.120389	-0.069808	-0.069558	1.226784	1.388074
3547961306.398166	14.356109	436.268492	322.401855	6.027174	439.678602	22.685044	432.858383	-0.020736	-0.074790	1.270772	1.383187
3547961307.124680	13.998095	436.632008	256.153442	22.940043	435.611438	5.056147	437.652578	-0.069808	-0.064363	1.226784	1.392962
3547961313.554214	61.502397	407.727435	138.479706	59.278996	399.006398	63.725797	416.448473	-0.075478	-0.074790	1.221896	1.383187
3547961314.246705	72.472717	396.275294	127.302376	63.493440	396.885685	81.451995	395.664903	-0.064182	-0.074790	1.231672	1.383187
3547961314.911172	80.814457	382.739021	114.299828	72.418005	379.498716	89.210910	385.979327	-0.075478	-0.069558	1.221896	1.388074
3547961316.291148	87.055630	351.142723	88.690041	81.084405	344.408893	93.026855	357.876554	-0.069808	-0.054081	1.226784	1.402737
3547961317.006656	85.095856	335.324771	75.849030	81.174637	327.223904	89.017075	343.425638	-0.064182	-0.059204	1.231672	1.397849
3547961317.704142	79.174076	319.221296	61.932724	86.219143	313.620669	72.129009	324.821924	-0.064182	-0.080059	1.231672	1.378299
3547961318.347597	70.129307	306.026573	49.346966	77.281626	300.563576	62.976988	311.489570	-0.081194	-0.074790	1.217009	1.383187
3547961318.997055	58.251204	294.251274	38.046574	55.186592	285.789114	61.315815	302.713434	-0.064182	-0.074790	1.231672	1.383187
3547961319.682540	45.678790	285.972008	25.841551	39.820415	279.139772	51.537165	292.804243	-0.075478	-0.064363	1.221896	1.392962
3547961321.023486	17.284503	278.959484	0.418116	13.630151	270.734783	20.938855	287.184185	-0.069808	-0.069558	1.226784	1.388074
3547961321.701963	15.462650	279.345877	292.460632	18.057907	287.963571	12.867394	270.728183	-0.069808	-0.085365	1.226784	1.373412
3547961322.392450	15.461241	278.213496	258.126129	11.024265	270.383219	19.898218	286.043773	-0.081194	-0.069558	1.217009	1.388074
3547961324.396864	15.293215	278.089820	253.772034	9.516131	284.990929	21.070299	271.188712	-0.064182	-0.024079	1.231672	1.432063
3547961325.789847	21.549724	294.274797	247.015030	13.260198	297.779617	29.839250	290.769977	-0.031345	-0.074790	1.260997	1.383187
3547961331.272715	38.086174	324.975772	240.064026	29.407004	322.594173	46.765343	327.357372	-0.042120	-0.059204	1.251222	1.397849
3547961331.964204	42.953956	334.216200	242.457520	47.695567	341.865848	38.212344	326.566552	-0.058601	-0.059204	1.236559	1.397849
3547961332.619666	49.715519	346.812757	239.392303	44.404044	339.547205	55.026993	354.078308	-0.005125	-0.064363	1.285435	1.392962
3547961334.037665	68.983082	371.746399	221.860153	60.618013	375.066882	77.348152	368.425915	-0.053064	-0.054081	1.241447	1.402737
3547961334.723151	83.276509	382.154262	208.183853	76.582307	376.138644	89.970711	388.169880	-0.069808	-0.054081	1.226784	1.402737
3547961335.392622	99.195993	388.861796	194.613251	100.678647	379.984762	97.713338	397.738830	-0.075478	-0.048994	1.221896	1.407625
3547961336.050088	117.480147	391.481084	179.517700	121.369850	399.597131	113.590445	383.365038	-0.047570	-0.033942	1.246334	1.422287
3547961336.745576	134.091920	389.173419	165.679420	127.481050	395.280497	140.702790	383.066341	-0.053064	-0.085365	1.241447	1.373412
3547961337.460099	149.991686	382.669831	149.725021	157.892645	378.359975	142.090728	386.979686	-0.058601	-0.096092	1.236559	1.363636
3547961338.157572	163.885511	371.799404	134.049011	156.126276	376.359477	171.644746	367.239331	-0.058601	-0.074790	1.236559	1.383187
3547961338.844057	174.531320	358.009160	117.900322	183.494409	357.194898	165.568230	358.823422	-0.047570	-0.085365	1.246334	1.373412
3547961339.563565	181.437421	341.863062	106.047684	187.679768	335.379768	175.195073	348.346356	-0.053064	-0.074790	1.241447	1.383187
3547961340.280070	184.647177	324.291564	94.180679	185.250626	315.311818	184.043727	333.271311	-0.064182	-0.064363	1.231672	1.392962
3547961340.947541	184.252821	306.704778	79.148857	189.401550	314.086552	179.104092	299.323004	-0.053064	-0.069558	1.241447	1.388074
3547961341.618019	178.170207	288.786647	66.543030	183.023743	296.365775	173.316670	281.207519	-0.064182	-0.080059	1.231672	1.378299
3547961342.290487	171.037956	274.533982	57.985279	162.118860	273.329938	179.957052	275.738027	-0.081194	-0.069558	1.217009	1.388074
3547961342.989982	161.733163	260.506272	54.266424	168.549919	266.382652	154.916408	254.629892	-0.053064	-0.085365	1.241447	1.373412
3547961343.640441	152.202739	247.655121	53.190039	150.264710	256.443980	154.140768	238.866262	-0.086957	-0.080059	1.212121	1.378299
3547961344.981387	132.718901	221.579045	54.822044	141.609853	222.975820	123.827950	220.182270	0.081541	-0.080059	1.373412	1.378299
3547961345.650861	123.661829	207.035022	60.602139	130.777725	212.545379	116.545934	201.524664	0.246197	-0.069558	1.578690	1.388074
3547961346.291313	116.743558	193.287343	66.802544	123.379459	199.367213	110.107658	187.207472	0.325337	-0.085365	1.700880	1.373412
3547961347.618247	104.269736	163.782242	66.550674	109.181070	171.324046	99.358403	156.240439	0.362158	-0.059204	1.764418	1.397849
3547961348.280714	97.971896	149.900060	64.901482	90.068620	154.205663	105.875172	145.594456	0.375624	-0.064363	1.788856	1.392962
3547961348.974203	90.631372	135.272434	61.892525	97.895828	129.959462	83.366916	140.585407	0.364881	-0.085365	1.769306	1.373412
3547961350.370192	76.350123	109.202153	58.937206	70.195291	115.768586	82.504956	102.635721	0.345499	-0.048994	1.735093	1.407625
3547961351.027653	68.008046	95.223293	59.214668	63.887261	103.224489	72.128830	87.222098	0.328267	-0.059204	1.705767	1.397849
3547961351.719140	59.451690	81.518589	57.667946	51.353619	77.591600	67.549761	85.445578	0.319427	-0.059204	1.691105	1.397849
3547961352.987034	44.731591	56.418118	63.496384	39.181384	49.333261	50.281799	63.502975	0.276061	-0.059204	1.622678	1.397849
3547961353.670516	38.795766	43.521814	66.747810	45.089125	49.955603	32.502408	37.088025	0.262990	-0.085365	1.603128	1.373412
3547961354.321977	33.446553	30.183895	69.303719	31.758489	21.343621	35.134617	39.024169	0.269565	-0.085365	1.612903	1.373412
3547961355.035479	28.202540	15.088257	71.637444	22.979177	22.417409	33.425903	7.759104	0.239334	-0.033942	1.568915	1.422287
3547961357.711368	30.855167	15.995295	218.238892	39.808575	16.909894	21.901760	15.080696	0.184996	-0.069558	1.495601	1.388074
3547961358.383842	41.687225	24.073753	215.971649	35.242042	30.355441	48.132409	17.792064	0.165680	-0.054081	1.471163	1.402737
3547961359.066325	54.683154	33.725575	214.577103	47.368690	28.481663	61.997617	38.969488	0.169594	-0.059204	1.476051	1.397849
3547961359.712780	70.201937	44.856066	214.650192	62.524068	40.160289	77.879807	49.551843	0.149758	-0.074790	1.451613	1.383187
3547961360.411274	86.420493	56.150984	212.264786	95.227839	54.298780	77.613147	58.003189	0.133403	-0.074790	1.432063	1.383187
3547961361.777235	121.078329	76.678439	207.863190	116.621454	68.859471	125.535203	84.497408	0.112319	-0.074790	1.407625	1.383187
3547961362.491740	139.516987	86.670334	208.191666	132.775993	80.707197	146.257981	92.633471	0.108014	-0.080059	1.402737	1.378299
3547961363.161213	157.237895	97.116911	211.399849	164.360745	102.618276	150.115046	91.615546	0.099314	-0.101513	1.392962	1.358749
3547961363.834688	174.142921	108.534345	214.556519	166.937940	103.140992	181.347901	113.927698	0.077019	-0.096092	1.368524	1.363636
3547961365.187644	203.839590	133.260021	221.958130	195.839448	137.382851	211.839732	129.137190	0.077019	-0.069558	1.368524	1.388074
3547961365.859118	218.331506	147.152313	224.469162	227.224008	148.539180	209.439003	145.765447	0.044434	-0.101513	1.334311	1.358749
3547961366.551608	231.963292	161.724391	228.013077	223.237783	163.930173	240.688802	159.518608	0.044434	-0.096092	1.334311	1.363636
3547961367.883543	255.281831	193.806142	240.634125	246.689907	196.485479	263.873755	191.126806	0.020117	-0.074790	1.309873	1.383187
3547961368.549013	263.070420	210.805088	248.401733	264.998581	219.596117	261.142260	202.014058	0.029952	-0.085365	1.319648	1.373412
3547961369.926986	268.668809	239.476785	271.520844	259.899535	237.451978	277.438082	241.501592	0.029952	-0.085365	1.319648	1.373412
3547961370.606465	266.912454	250.496981	283.052002	264.178387	241.922316	269.646521	259.071646	0.025053	-0.059204	1.314761	1.397849
3547961371.297952	266.903143	250.497527	282.983276	264.764365	241.755351	269.041921	259.239702	0.020117	-0.085365	1.309873	1.373412
3547961371.973432	266.904331	250.493822	283.023926	264.412054	241.845784	269.396609	259.141859	0.010134	-0.112474	1.300098	1.348974
3547961372.625893	266.913048	250.503185	282.999939	264.628907	241.797859	269.197190	259.208511	0.039642	-0.074790	1.329423	1.383187
3547961373.351401	266.910009	250.490720	283.036957	264.305254	241.875892	269.514764	259.105547	0.000000	-0.074790	1.290323	1.383187
3547961374.032882	266.594464	251.326980	281.207672	275.588911	251.010879	257.600017	251.643082	0.015144	-0.074790	1.304985	1.383187
3547961374.712362	266.220418	251.716561	280.033173	269.983920	259.891893	262.456915	243.541230	0.000000	-0.096092	1.290323	1.363636
3547961375.414858	266.123976	252.059527	279.063354	261.509173	259.786337	270.738778	244.332717	0.015144	-0.059204	1.304985	1.397849
3547961376.122357	263.066672	262.390636	291.322800	256.333038	268.362083	269.800306	256.419190	-0.015492	-0.085365	1.275660	1.373412
3547961376.799837	255.243143	277.125838	307.950638	254.572745	268.150842	255.913541	286.100835	-0.026020	-0.074790	1.265885	1.383187
3547961377.497327	242.823670	288.947517	322.649994	235.587362	294.298764	250.059978	283.596270	0.000000	-0.080059	1.290323	1.378299
3547961378.194818	228.504096	298.170147	335.695877	224.552679	306.256327	232.455512	290.083967	-0.026020	-0.080059	1.265885	1.378299
3547961378.903318	211.797961	302.746345	353.030838	203.502590	299.255383	220.093332	306.237307	0.010134	-0.096092	1.300098	1.363636
3547961379.569792	195.003194	302.756398	7.726523	186.076201	301.612373	203.930187	303.900423	0.005086	-0.106974	1.295210	1.353861
3547961380.236259	178.334100	298.745628	23.221676	186.818084	301.749294	169.850116	295.741962	-0.042120	-0.028994	1.251222	1.427175
3547961380.923747	163.273868	289.420104	36.645126	171.098463	284.973114	155.449274	293.867094	-0.031345	-0.074790	1.260997	1.383187
3547961381.608227	151.270781	277.914535	51.052438	144.896916	271.560493	157.644646	284.268576	-0.005125	-0.090709	1.285435	1.368524
3547961382.289709	142.304564	262.617211	66.738902	148.540358	269.106809	136.068771	256.127612	0.020117	-0.080059	1.309873	1.378299
3547961384.317137	145.181658	210.806926	121.257980	136.601542	213.523839	153.761774	208.090013	0.081541	-0.064363	1.373412	1.392962
3547961385.133713	157.069055	196.689190	137.571884	162.574247	189.569298	151.563863	203.809081	0.072464	-0.038925	1.363636	1.417400
3547961385.809190	172.507400	185.405063	148.746468	180.493745	189.554556	164.521055	181.255570	0.063255	-0.080059	1.353861	1.378299
3547961387.841628	229.907566	165.751817	171.743103	222.125537	170.272882	237.689596	161.230753	0.072464	-0.090709	1.363636	1.368524
3547961388.497087	249.343414	164.156356	177.467743	240.348092	163.866229	258.338736	164.446484	0.072464	-0.069558	1.363636	1.388074
3547961389.871056	288.268731	167.418422	186.472153	296.362510	171.354252	280.174953	163.482593	0.049191	-0.069558	1.339198	1.388074
3547961395.940338	290.731812	167.365948	21.461126	286.181839	175.131110	295.281784	159.600785	0.010134	-0.074790	1.300098	1.383187
3547961396.656845	280.931387	162.471155	29.267416	288.470805	167.386149	273.391969	157.556160	0.015144	-0.059204	1.304985	1.397849
3547961397.327317	267.303584	153.442736	40.702244	266.061416	162.356603	268.545753	144.528870	0.010134	-0.054081	1.300098	1.402737
3547961398.016805	256.380558	141.948331	52.618416	249.995877	148.291505	262.765239	135.605157	0.015144	-0.090709	1.304985	1.368524
3547961398.692280	248.300558	127.857651	67.001068	256.005211	132.509352	240.595905	123.205949	0.000000	-0.054081	1.290323	1.402737
3547961400.007206	244.696360	97.509274	98.075653	250.399339	104.471747	238.993380	90.546801	0.005086	-0.064363	1.295210	1.392962
3547961400.713705	250.092903	80.429721	114.292336	241.720962	77.126601	258.464844	83.732842	0.000000	-0.064363	1.290323	1.392962
3547961402.036642	275.709683	54.721212	155.713959	284.521007	52.888029	266.898358	56.554395	-0.005125	-0.054081	1.285435	1.402737
3547961402.703113	288.122313	50.548216	147.155212	283.810309	58.448002	292.434318	42.648430	-0.020736	-0.069558	1.270772	1.388074
3547961403.382588	289.918180	48.046051	88.334160	286.667287	39.653692	293.169073	56.438410	-0.031345	-0.064363	1.260997	1.392962
3547961404.034048	289.586634	47.349076	40.419342	285.905597	55.561869	293.267671	39.136283	-0.015492	-0.064363	1.275660	1.392962
3547961404.718530	290.069087	47.372079	341.197235	281.567715	50.326174	298.570459	44.417983	-0.020736	-0.085365	1.270772	1.373412
3547961405.401012	282.404513	50.852612	340.450256	274.159588	47.244120	290.649437	54.461104	-0.036711	-0.069558	1.256109	1.388074
3547961406.770978	253.400553	54.826595	3.652000	257.797351	62.679503	249.003756	46.973687	-0.020736	-0.064363	1.270772	1.392962
3547961407.471481	237.786069	52.256948	14.555609	229.562560	55.913983	246.009578	48.599914	-0.010289	-0.085365	1.280547	1.373412
3547961408.784399	208.585828	36.167499	40.941956	209.495531	45.121405	207.676124	27.213592	-0.020736	-0.074790	1.270772	1.383187
3547961409.482894	197.511326	23.980133	54.997826	206.509535	23.800557	188.513118	24.159708	-0.031345	-0.085365	1.260997	1.373412
3547961411.493311	183.889994	14.845254	324.876465	192.543524	17.318394	175.236465	12.372113	-0.058601	-0.085365	1.236559	1.373412
3547961412.154778	173.556804	21.558067	333.348663	170.556761	13.072801	176.556848	30.043333	-0.005125	-0.085365	1.285435	1.373412
3547961412.840263	158.881939	27.400264	345.553452	159.077587	18.402391	158.686291	36.398138	-0.058601	-0.074790	1.236559	1.383187
3547961413.518739	142.782561	30.176585	358.450684	140.044568	21.603174	145.520555	38.749997	-0.053064	-0.074790	1.241447	1.383187
3547961414.192214	126.650935	28.426839	11.028563	135.646038	28.129998	117.655831	28.723679	-0.036711	-0.085365	1.256109	1.373412
3547961414.848678	111.840867	23.524216	27.546751	105.855268	30.245273	117.826465	16.803159	-0.042120	-0.096092	1.251222	1.363636
3547961415.521152	98.679369	14.921380	42.986347	106.232851	10.028027	91.125886	19.814732	-0.042120	-0.069558	1.251222	1.388074
3547961420.286515	84.976302	27.396441	309.224274	76.198366	25.409521	93.754237	29.383361	-0.058601	-0.080059	1.236559	1.378299
3547961420.984013	74.613804	37.949039	317.211182	73.807798	46.912874	75.419810	28.985203	-0.058601	-0.106974	1.236559	1.353861
3547961421.683501	62.662710	47.923345	323.552002	62.374387	56.918725	62.951033	38.927964	-0.075478	-0.101513	1.221896	1.358749
3547961423.062475	32.912326	69.540224	323.128387	28.951864	77.621977	36.872788	61.458470	-0.075478	-0.080059	1.221896	1.378299
3547961423.703926	18.307952	81.026673	319.021729	27.206792	79.681070	9.409112	82.372276	-0.058601	-0.096092	1.236559	1.363636
3547961424.391409	16.526439	86.274973	248.623627	20.342028	94.426125	12.710849	78.123821	-0.081194	-0.064363	1.217009	1.392962
3547961425.085901	19.897676	88.509606	204.939621	25.940291	95.179449	13.855061	81.839763	-0.092765	-0.090709	1.207234	1.368524
3547961425.802405	33.965365	93.814610	199.030685	42.028047	97.813756	25.902684	89.815464	-0.069808	-0.101513	1.226784	1.358749
3547961426.454866	51.964743	100.235041	198.612549	57.708915	107.163568	46.220571	93.306514	-0.086957	-0.080059	1.212121	1.378299
3547961427.091315	71.848422	107.138794	198.949951	79.562324	111.775142	64.134521	102.502447	-0.064182	-0.085365	1.231672	1.373412
3547961430.429672	175.363291	106.809332	157.353783	172.926732	98.145430	177.799849	115.473233	-0.058601	-0.074790	1.236559	1.383187
3547961431.114153	193.572276	97.361774	150.516388	196.059991	88.712423	191.084561	106.011125	-0.069808	-0.096092	1.226784	1.363636
3547961431.806642	211.200198	86.273213	144.008102	215.555722	78.397338	206.844673	94.149089	-0.092765	-0.080059	1.207234	1.378299
3547961432.476115	227.609616	72.516667	135.298904	229.489455	81.318156	225.729777	63.715178	-0.064182	-0.090709	1.231672	1.368524
3547961433.162599	242.851458	55.535522	127.475166	234.110838	57.680648	251.592078	53.390395	-0.081194	-0.112474	1.217009	1.348974
3547961433.841078	254.938912	37.349394	118.189850	263.296475	34.010062	246.581349	40.688726	-0.064182	-0.106974	1.231672	1.353861
3547961434.540570	263.133368	16.883070	106.652687	264.580230	8.000132	261.686505	25.766008	-0.064182	-0.054081	1.231672	1.402737
3547961437.930967	257.410945	19.742075	300.637177	264.761500	14.548874	250.060389	24.935276	-0.069808	-0.085365	1.226784	1.373412
3547961438.628454	248.801088	31.973470	305.981781	257.334237	34.834476	240.267938	29.112464	-0.075478	-0.096092	1.221896	1.363636
3547961439.326949	238.243789	45.661361	309.913391	230.205517	49.709347	246.282060	41.613375	-0.086957	-0.090709	1.212121	1.368524
3547961440.731937	215.238194	74.409627	308.979584	207.203074	70.355390	223.273314	78.463865	-0.064182	-0.090709	1.231672	1.368524
3547961441.410416	204.260708	89.128372	306.107117	213.084569	90.900225	195.436846	87.356519	-0.075478	-0.074790	1.221896	1.383187
3547961442.138934	193.006301	106.652493	300.619476	200.447621	101.590205	185.564981	111.714781	-0.086957	-0.096092	1.212121	1.363636
3547961442.822413	184.592115	125.258395	293.670959	193.571343	125.869507	175.612886	124.647283	-0.064182	-0.054081	1.231672	1.402737
3547961443.474873	176.981977	145.165778	287.787430	185.491382	142.234903	168.472572	148.096652	-0.116479	-0.074790	1.187683	1.383187
3547961444.138346	172.253795	166.058185	277.301086	165.546405	160.057274	178.961184	172.059095	-0.069808	-0.069558	1.226784	1.388074
3547961444.830830	171.929689	186.788659	267.915924	178.869483	192.519213	164.989895	181.058104	-0.075478	-0.112474	1.221896	1.348974
3547961445.554343	173.776259	207.108908	259.448990	165.096575	209.488631	182.455944	204.729185	-0.081194	-0.080059	1.217009	1.378299
3547961446.918305	189.879530	247.697392	236.227974	195.024450	255.081821	184.734610	240.312963	-0.053064	-0.048994	1.241447	1.407625
3547961447.590776	203.060626	262.448080	222.762901	200.485528	271.071818	205.635723	253.824341	-0.053064	-0.064363	1.241447	1.392962
3547961448.267254	220.079023	274.845911	208.985344	211.100708	275.470301	229.057338	274.221521	-0.058601	-0.038925	1.236559	1.417400
3547961448.955741	239.267857	282.487292	195.908051	231.130814	278.641705	247.404900	286.332878	-0.069808	-0.054081	1.226784	1.402737
3547961450.284678	282.560093	287.287633	179.559708	286.787198	295.233172	278.332988	279.342095	-0.026020	-0.043942	1.265885	1.412512
3547961452.321115	290.903010	286.261695	285.472473	287.295246	294.506938	294.510774	278.016451	-0.053064	-0.024079	1.241447	1.432063
3547961453.013602	289.308036	287.302253	329.188507	283.657850	294.307636	294.958222	280.296869	-0.031345	-0.009534	1.260997	1.446725
3547961453.709096	278.526121	291.828130	341.579712	271.741558	297.741649	285.310683	285.914611	-0.042120	-0.019198	1.251222	1.436950
3547961454.400581	263.023175	296.992113	347.346329	254.203185	298.783140	271.843165	295.201085	-0.069808	-0.038925	1.226784	1.417400
3547961455.074056	245.652900	300.055712	352.776611	238.502125	294.590694	252.803675	305.520729	-0.031345	-0.014350	1.260997	1.441838
3547961455.731520	227.994045	301.492658	357.283157	234.805255	295.609850	221.182835	307.375465	-0.047570	-0.009534	1.246334	1.446725
3547961456.423010	211.105337	302.120596	359.896576	202.257618	303.769188	219.953057	300.472003	-0.064182	-0.014350	1.231672	1.441838
3547961457.136513	193.102124	301.039013	3.602275	197.103155	309.100759	189.101093	292.977267	-0.031345	-0.019198	1.260997	1.436950
3547961457.795977	175.928905	300.156102	5.453776	182.566700	294.078299	169.291111	306.233905	-0.047570	-0.019198	1.246334	1.436950
3547961458.486465	157.460801	297.928928	7.296844	149.821854	293.170095	165.099747	302.687762	-0.026020	-0.004751	1.265885	1.451613
3547961459.179954	139.176710	295.150164	6.716119	135.400887	286.980515	142.952533	303.319813	-0.020736	0.009407	1.270772	1.466276
3547961459.837420	120.201591	293.852106	3.368179	122.223463	302.622057	118.179719	285.082156	-0.026020	-0.028994	1.265885	1.427175
3547961460.514896	102.238693	293.872263	359.094635	94.901903	288.659632	109.575483	299.084893	-0.020736	-0.019198	1.270772	1.436950
3547961461.178365	84.514507	294.113888	356.240723	93.028761	297.030646	76.000253	291.197130	-0.031345	-0.033942	1.260997	1.422287
3547961461.867848	67.873520	296.308350	353.228134	59.054784	294.511159	76.692256	298.105541	-0.036711	-0.033942	1.256109	1.422287
3547961462.572347	50.429665	298.735132	351.770081	51.223303	289.770192	49.636028	307.700071	-0.031345	-0.028994	1.260997	1.427175
3547961463.219803	32.667801	301.640359	350.820435	40.420050	297.068418	24.915553	306.212300	-0.047570	-0.028994	1.246334	1.427175
3547961463.917294	18.376273	304.917025	337.029572	25.308090	310.657227	11.444456	299.176824	-0.053064	-0.019198	1.241447	1.436950
3547961464.681835	16.929761	304.696490	277.500992	9.164306	300.147016	24.695216	309.245964	-0.036711	-0.038925	1.256109	1.417400
3547961466.036790	26.439664	320.959188	244.739639	29.138763	312.373452	23.740565	329.544924	-0.058601	-0.028994	1.236559	1.427175
3547961466.712268	33.206253	335.506263	247.048813	25.039838	339.289075	41.372668	331.723452	-0.053064	-0.038925	1.241447	1.417400
3547961467.393748	39.711284	351.325480	248.564224	43.036230	359.688777	36.386339	342.962183	-0.042120	-0.019198	1.251222	1.436950
3547961468.775722	54.096876	389.028166	249.352051	62.370338	392.570738	45.823413	385.485594	-0.047570	-0.048994	1.246334	1.407625
3547961469.442195	61.279768	408.082033	249.573868	70.129899	409.717627	52.429636	406.446439	-0.058601	-0.054081	1.236559	1.402737
3547961470.100660	68.227849	427.024690	250.905334	71.914760	418.814533	64.540938	435.234848	-0.058601	-0.069558	1.236559	1.388074
3547961470.906232	74.714739	445.813485	251.079361	76.924378	437.088950	72.505101	454.538019	-0.053064	-0.038925	1.241447	1.417400
3547961471.556686	81.349851	464.253900	249.835098	90.322148	463.548284	72.377555	464.959516	-0.042120	-0.054081	1.251222	1.402737
3547961472.243170	89.859283	485.272072	247.657761	85.324564	493.046152	94.394002	477.497992	-0.081194	-0.043942	1.217009	1.412512
3547961472.944668	96.736397	501.918027	248.671402	100.936908	509.877657	92.535886	493.958398	-0.069808	-0.074790	1.226784	1.383187
3547961473.606132	103.428959	518.865963	249.285049	111.446679	522.954504	95.411240	514.777421	-0.053064	-0.064363	1.241447	1.392962
3547961474.999113	117.551643	554.431530	248.555344	120.802187	562.824024	114.301099	546.039035	-0.047570	-0.059204	1.246334	1.397849
3547961475.707614	124.357497	572.420064	248.524269	127.345722	580.909499	121.369273	563.930628	-0.086957	-0.054081	1.212121	1.402737
3547961477.720034	139.383324	575.572259	123.645004	147.495529	579.469966	131.271118	571.674551	-0.064182	-0.064363	1.231672	1.392962
3547961478.391512	149.601143	560.320754	123.017319	153.878053	568.239595	145.324233	552.401913	-0.064182	-0.059204	1.231672	1.397849
3547961479.063983	160.977771	542.340496	119.205910	162.541297	533.477349	159.414244	551.203644	-0.042120	-0.085365	1.251222	1.373412
3547961479.761474	170.834637	522.152270	111.239334	179.465991	524.701726	162.203283	519.602814	-0.069808	-0.059204	1.226784	1.397849
3547961480.433948	177.571998	500.125256	101.482269	170.244437	494.899661	184.899560	505.350850	-0.053064	-0.085365	1.241447	1.373412
3547961481.772895	180.283649	454.318896	85.323631	184.603451	462.214420	175.963847	446.423371	-0.053064	-0.090709	1.241447	1.368524
3547961482.414345	177.074790	431.363460	78.203163	174.101820	439.858250	180.047760	422.868670	-0.081194	-0.080059	1.217009	1.378299
3547961483.126849	171.643397	411.333199	71.975060	169.142606	419.978779	174.144188	402.687620	-0.047570	-0.069558	1.246334	1.388074
3547961483.812332	164.337073	391.317802	67.072685	172.354833	395.406265	156.319314	387.229338	-0.053064	-0.085365	1.241447	1.373412
3547961484.481804	155.094963	371.458780	61.246521	164.094012	371.589597	146.095914	371.327962	-0.064182	-0.112474	1.231672	1.348974
3547961485.167288	143.232073	353.041830	50.507172	141.077986	344.303415	145.386160	361.780246	-0.069808	-0.054081	1.226784	1.402737
3547961485.816745	129.203941	338.922249	37.881147	127.574654	330.070953	130.833228	347.773544	-0.064182	-0.069558	1.231672	1.388074
3547961486.491221	111.980827	328.787858	23.294371	120.660563	331.167394	103.301092	326.408323	-0.042120	-0.080059	1.251222	1.378299
3547961487.147686	91.882834	322.914245	9.873254	95.785167	331.024226	87.980500	314.804264	-0.058601	0.367639	1.236559	1.969697
3547961487.836169	73.800327	321.580639	0.545658	69.129499	313.887567	78.471155	329.273712	-0.064182	-0.064363	1.231672	1.392962
3547961488.571693	55.394137	322.788357	354.200134	48.938964	329.059779	61.849311	316.516936	-0.069808	-0.054081	1.226784	1.402737
3547961489.214142	35.780736	326.277267	348.626495	34.969237	335.240607	36.592235	317.313927	-0.042120	-0.048994	1.251222	1.407625
3547961489.889619	18.923092	330.470432	345.259064	21.721093	321.916416	16.125092	339.024449	-0.036711	-0.085365	1.256109	1.373412
3547961491.219559	17.441451	333.296962	219.922989	17.337925	324.297558	17.544977	342.296367	-0.053064	-0.059204	1.241447	1.397849
3547961491.888028	27.744196	342.249340	220.426346	23.312478	334.416085	32.175913	350.082595	-0.042120	-0.085365	1.251222	1.373412
3547961492.647567	41.861807	354.023825	217.386673	47.067509	361.365532	36.656104	346.682118	-0.075478	-0.069558	1.221896	1.388074
3547961493.977503	80.465676	375.543535	198.600586	86.126553	382.540281	74.804798	368.546788	-0.058601	-0.080059	1.236559	1.378299
3547961494.652979	101.240209	380.904467	189.596268	93.216452	376.827785	109.263965	384.981148	-0.058601	-0.085365	1.236559	1.373412
3547961495.343466	124.337415	383.009206	180.594971	133.327641	383.428516	115.347188	382.589896	-0.064182	-0.064363	1.231672	1.392962
3547961496.023951	147.803761	381.657470	172.203079	142.837594	389.163280	152.769929	374.151661	-0.069808	-0.059204	1.226784	1.397849
3547961498.062386	211.866742	358.427678	147.180801	207.758275	366.435205	215.975209	350.420151	-0.036711	-0.074790	1.256109	1.383187
3547961498.722850	229.545810	344.934990	138.724625	225.274106	337.013340	233.817513	352.856641	-0.047570	-0.059204	1.246334	1.397849
3547961499.414339	247.280008	328.199035	133.133881	238.934797	324.828955	255.625220	331.569115	-0.064182	-0.064363	1.231672	1.392962
3547961500.060796	262.458476	310.508219	124.173134	271.429530	309.786977	253.487422	311.229461	-0.053064	-0.074790	1.241447	1.383187
3547961500.694242	274.180603	288.659381	112.800468	276.813335	280.053062	271.547871	297.265700	-0.064182	-0.059204	1.231672	1.397849
3547961501.366715	280.665974	268.807664	100.732101	278.867927	259.989103	282.464022	277.626226	-0.042120	-0.080059	1.251222	1.378299
3547961502.149269	282.092688	248.254463	85.951225	290.225564	252.108855	273.959813	244.400072	-0.053064	-0.054081	1.241447	1.402737
3547961504.129666	271.410418	192.684675	76.929619	262.417403	192.330157	280.403433	193.039194	-0.042120	-0.054081	1.251222	1.402737
3547961505.659745	261.163046	153.666334	71.057175	252.776468	156.932114	269.549623	150.400555	-0.047570	-0.054081	1.246334	1.402737
3547961506.377251	252.875435	132.830028	62.942047	251.885694	123.884615	253.865175	141.775441	-0.058601	-0.043942	1.236559	1.412512
3547961507.087753	240.966949	111.140637	58.550518	232.790216	114.901095	249.143682	107.380180	-0.036711	-0.038925	1.256109	1.417400
3547961507.747219	230.057766	94.004087	57.361637	223.520784	87.817984	236.594749	100.190189	-0.031345	-0.038925	1.260997	1.417400
3547961508.435705	219.803743	77.510291	58.057396	210.821074	76.952036	228.786413	78.068546	-0.031345	-0.014350	1.260997	1.441838
3547961509.759637	198.894175	43.650362	59.038342	193.433759	50.804651	204.354591	36.496072	-0.031345	-0.038925	1.260997	1.417400
3547961510.421104	189.749151	27.555164	60.356489	195.311382	34.630586	184.186921	20.479742	-0.036711	-0.048994	1.256109	1.407625
3547961513.141022	169.252744	25.802381	300.761108	175.904966	19.740373	162.600523	31.864389	-0.042120	-0.038925	1.251222	1.417400
3547961513.770467	160.750716	39.704208	301.932526	157.752464	31.218309	163.748967	48.190108	-0.031345	-0.019198	1.260997	1.436950
3547961514.433936	151.371167	54.031187	303.511261	142.909338	57.096714	159.832996	50.965661	-0.015492	-0.028994	1.275660	1.427175
3547961515.090398	141.137584	70.252780	302.572357	133.665804	65.235560	148.609364	75.270000	-0.010289	-0.024079	1.280547	1.432063
3547961515.744859	131.388750	84.689478	300.630463	138.774006	79.545745	124.003494	89.833212	-0.020736	-0.019198	1.270772	1.436950
3547961516.422337	122.511871	101.076106	298.078125	119.230690	109.456669	125.793052	92.695542	-0.036711	-0.038925	1.256109	1.417400
3547961517.749274	106.107716	136.712008	289.665070	100.743463	129.485336	111.471969	143.938680	-0.026020	-0.000000	1.265885	1.456500
3547961518.423750	100.428742	155.025201	283.417938	94.807481	147.996586	106.050003	162.053816	-0.042120	-0.004751	1.251222	1.451613
3547961519.781708	97.093020	195.285252	265.260406	88.279958	193.460438	105.906081	197.110066	-0.036711	-0.009534	1.256109	1.446725
3547961520.505220	100.261819	215.235710	256.618469	107.796546	210.313526	92.727092	220.157893	-0.026020	0.004719	1.265885	1.461388
3547961521.832154	114.055050	254.147594	243.787903	122.613688	251.363762	105.496412	256.931425	-0.047570	-0.019198	1.246334	1.436950
3547961522.538652	123.730414	269.793228	234.709722	116.626388	275.318879	130.834440	264.267578	-0.036711	-0.033942	1.256109	1.422287
3547961523.195116	137.122762	285.299288	221.413200	128.144228	284.678047	146.101295	285.920529	-0.042120	-0.014350	1.251222	1.441838
3547961523.889606	155.187957	298.282313	208.785957	146.263846	297.116015	164.112067	299.448611	-0.042120	-0.028994	1.251222	1.427175
3547961524.535061	174.496423	306.588915	199.712372	183.277061	304.613973	165.715785	308.563856	-0.031345	-0.028994	1.260997	1.427175
3547961525.880011	215.191407	312.858945	178.106018	207.794180	317.985449	222.588633	307.732442	-0.042120	-0.009534	1.251222	1.446725
3547961526.561490	237.348404	309.842421	166.247452	235.061140	318.546927	239.635668	301.137916	-0.069808	-0.033942	1.226784	1.422287
3547961527.221959	257.097591	302.886890	154.737518	263.550524	309.160618	250.644659	296.613163	-0.058601	-0.028994	1.236559	1.427175
3547961527.898435	274.485481	292.466236	147.228111	270.760304	300.659102	278.210658	284.273369	-0.042120	0.014063	1.251222	1.471163
3547961528.667976	287.988530	283.033549	168.262924	296.830425	281.353999	279.146635	284.713100	-0.036711	-0.080059	1.256109	1.378299
3547961532.044359	288.389408	280.199982	36.940235	294.582369	273.669498	282.196446	286.730467	-0.042120	-0.054081	1.251222	1.402737
3547961532.749858	278.972648	272.083301	48.951851	287.676683	269.794245	270.268613	274.372357	-0.053064	-0.043942	1.236559	1.412512
3547961533.432341	268.806583	258.910128	55.032091	277.793357	258.422389	259.819809	259.397866	-0.053064	-0.024079	1.241447	1.432063
3547961534.116821	260.069094	246.926028	63.885967	252.243927	242.480045	267.894261	251.372011	-0.036711	-0.028994	1.256109	1.427175
3547961535.490790	254.702332	224.273233	80.989029	260.447671	217.345673	248.956993	231.200792	-0.036711	-0.038925	1.256109	1.417400
3547961536.164265	252.681492	208.083550	82.702644	245.006706	203.382734	260.356277	212.784366	-0.036711	-0.059204	1.256109	1.397849
3547961536.841742	250.780755	188.882139	84.025314	244.339069	195.167414	257.222441	182.596865	-0.053064	-0.033942	1.241447	1.422287
3547961538.890189	249.855967	129.833940	90.426941	244.202108	136.836359	255.509826	122.831520	-0.036711	-0.054081	1.256109	1.402737
3547961539.653727	250.594283	109.689137	91.109344	250.622701	118.689092	250.565865	100.689182	-0.047570	-0.069558	1.246334	1.388074
3547961540.319197	251.582639	88.819549	92.151199	259.367016	93.336570	243.798263	84.302528	-0.042120	-0.033942	1.251222	1.422287
3547961541.666148	253.313588	45.547691	92.180580	261.227300	49.834084	245.399876	41.261298	-0.031345	-0.028994	1.260997	1.427175
3547961542.345628	253.444555	24.501219	89.460587	244.469724	23.828610	262.419386	25.173828	-0.031345	-0.028994	1.260997	1.427175
3547961549.852922	246.298251	21.450375	309.494385	237.308406	21.877789	255.288096	21.022960	0.005086	-0.000000	1.295210	1.456500
3547961550.534403	236.240275	33.477174	311.593018	241.137392	41.028216	231.343157	25.926132	0.029952	0.023284	1.319648	1.480938
3547961551.193869	223.799720	46.943774	314.851410	218.056013	40.014861	229.543427	53.872686	0.044434	0.004719	1.334311	1.461388
3547961552.547824	198.759370	70.655092	317.126282	197.196152	79.518294	200.322588	61.791890	0.125056	0.054621	1.422287	1.515152
3547961553.223300	185.723914	83.393419	319.121140	194.445271	81.171273	177.002557	85.615565	0.153779	0.101102	1.456500	1.568915
3547961553.909785	171.107455	95.593556	321.238922	164.673415	89.300453	177.541494	101.886658	0.184996	0.144504	1.495601	1.622678
3547961554.575254	155.917624	107.453408	322.877625	150.075600	114.299630	161.759648	100.607186	0.192547	0.148307	1.505376	1.627566
3547961555.953227	124.597309	128.997155	328.478134	115.745471	130.623488	133.449147	127.370822	0.181183	0.199253	1.490714	1.695992
3547961556.622701	107.943750	139.059906	331.772522	116.444930	136.105259	99.442570	142.014553	0.184996	0.199253	1.495601	1.695992
3547961557.269156	91.862362	147.231556	333.249451	89.717537	138.490863	94.007188	155.972250	0.188783	0.216466	1.500489	1.720430
3547961557.959642	76.074079	154.762167	333.654236	70.660312	147.572513	81.487846	161.951822	0.169594	0.229888	1.476051	1.739980
3547961558.650129	60.295368	161.961905	335.726349	56.592148	170.164719	63.998587	153.759090	0.169594	0.202735	1.476051	1.700880
3547961559.321603	44.598122	167.673600	343.155243	50.543697	174.430088	38.652546	160.917112	0.153779	0.209639	1.456500	1.710655
3547961564.116985	36.660390	187.566413	226.165237	36.925254	178.570311	36.395525	196.562515	0.103679	0.101102	1.397849	1.568915
3547961564.809476	48.587166	200.808045	230.709457	57.412026	202.574917	39.762305	199.041172	0.081541	0.125138	1.373412	1.598240
3547961565.486952	60.705338	216.412595	233.901123	51.803102	215.089640	69.607573	217.735551	0.090490	0.080375	1.383187	1.544477
3547961566.851916	78.476340	248.688506	251.103210	80.477294	239.913759	76.475385	257.463252	0.067876	0.092889	1.358749	1.559140
3547961568.184856	83.481130	284.628551	268.288635	92.031197	287.438596	74.931063	281.818505	0.049191	0.067621	1.339198	1.529814
3547961568.847322	83.603936	301.478986	271.236786	75.753539	297.077706	91.454333	305.880266	0.049191	0.041366	1.339198	1.500489
3547961569.534808	82.184338	317.722369	275.002808	91.126481	316.703504	73.242196	318.741234	0.029952	0.058982	1.319648	1.520039
3547961570.208288	79.953798	334.896904	279.695557	80.796854	343.857331	79.110741	325.936477	0.029952	0.071900	1.319648	1.534702
3547961572.331780	63.338610	385.774803	295.550934	61.188584	377.035387	65.488636	394.514219	0.015144	0.004719	1.304985	1.461388
3547961573.016264	54.595175	403.492638	295.944763	49.256188	396.247280	59.934162	410.737996	0.010134	0.027849	1.300098	1.485826
3547961574.435266	38.616209	438.879854	292.259613	39.438527	447.842208	37.793891	429.917500	0.000000	0.009407	1.290323	1.466276
3547961575.101735	31.269365	457.268699	290.918427	22.729383	460.109246	39.809347	454.428153	0.000000	0.018689	1.290323	1.476051
3547961576.431674	18.758452	489.099883	292.363037	20.501648	497.929451	17.015257	480.270315	-0.005125	0.009407	1.285435	1.466276
3547961577.129166	14.681011	497.161321	327.617645	7.675997	491.510676	21.686024	502.811966	-0.005125	-0.004751	1.285435	1.451613
3547961577.803644	12.689256	497.217450	25.863594	6.681712	490.516002	18.696800	503.918899	0.010134	-0.009534	1.300098	1.446725
3547961579.826069	18.418609	486.672197	122.827011	21.120369	495.257096	15.716850	478.087297	-0.005125	-0.009534	1.285435	1.446725
3547961581.184026	40.652049	457.370733	125.434837	42.693933	448.605420	38.610165	466.136046	-0.042120	-0.043942	1.251222	1.412512
3547961581.875515	52.662461	439.750681	121.706963	46.111999	445.922508	59.212923	433.578854	-0.031345	-0.033942	1.260997	1.422287
3547961583.266495	74.705965	399.688651	114.923874	65.998682	401.965322	83.413247	397.411981	-0.058601	-0.028994	1.236559	1.427175
3547961583.957984	84.387507	379.498956	116.120079	83.320381	388.435468	85.454633	370.562445	-0.047570	-0.038925	1.246334	1.417400
3547961585.291925	101.510516	340.162221	112.595436	105.840340	332.272188	97.180691	348.052254	-0.047570	-0.048994	1.246334	1.407625
3547961585.971405	110.070196	319.597522	111.975685	118.177561	315.689755	101.962832	323.505288	-0.042120	-0.043942	1.251222	1.412512
3547961586.641877	119.376375	298.008042	110.917824	126.759824	303.154369	111.992926	292.861715	-0.053064	-0.048994	1.241447	1.407625
3547961587.311348	127.765546	276.697539	111.777191	136.484304	274.465219	119.046787	278.929860	-0.058601	-0.048994	1.236559	1.407625
3547961587.989828	136.603028	257.110020	111.413818	145.545912	258.122361	127.660145	256.097680	-0.047570	-0.069558	1.246334	1.388074
3547961588.668310	143.938236	237.936398	108.483459	134.981872	238.821581	152.894600	237.051215	-0.042120	-0.024079	1.251222	1.432063
3547961589.347786	150.382409	216.254173	107.147594	147.436714	207.749888	153.328104	224.758459	-0.042120	-0.038925	1.251222	1.417400
3547961590.055285	157.187431	194.131588	107.160431	154.132817	185.665814	160.242046	202.597362	-0.058601	-0.064363	1.236559	1.392962
3547961591.402236	170.620241	152.562639	106.878735	170.039386	143.581403	171.201097	161.543875	-0.047570	-0.038925	1.246334	1.417400
3547961592.111738	176.090926	132.363523	103.022469	170.643611	139.527793	181.538241	125.199254	-0.053064	-0.028994	1.241447	1.427175
3547961592.758193	180.435512	111.518507	100.109310	184.118950	103.306791	176.752074	119.730224	-0.047570	-0.038925	1.246334	1.417400
3547961593.477700	184.069305	91.705594	99.832645	189.855688	84.812281	178.282921	98.598907	-0.042120	-0.000000	1.251222	1.456500
3547961594.170187	188.241741	72.231862	98.878433	197.211695	72.966662	179.271787	71.497063	-0.042120	0.004719	1.251222	1.461388
3547961594.871684	190.808411	51.889027	94.140625	191.770958	42.940647	189.845864	60.837407	-0.047570	0.063316	1.246334	1.524927
3547961595.524143	190.743062	30.685321	88.435875	186.656812	22.666433	194.829311	38.704209	-0.026020	0.084573	1.265885	1.549365
3547961600.324535	189.389678	16.420359	294.870255	193.218694	8.275506	185.560662	24.565212	0.120840	0.177931	1.417400	1.666667
3547961601.010013	181.718635	28.876534	305.904739	190.006275	32.385811	173.430996	25.367257	0.137533	0.192228	1.436950	1.686217
3547961601.685492	171.142890	42.406962	312.020996	178.732248	47.244487	163.553532	37.569437	0.157772	0.202735	1.461388	1.700880
3547961602.371978	159.079609	55.251087	316.701248	154.000725	62.681090	164.158493	47.821085	0.184996	0.259012	1.495601	1.783969
3547961603.737941	131.006916	76.016997	330.860245	138.546010	80.932489	123.467823	71.101504	0.232384	0.351870	1.559140	1.940371
3547961604.425424	116.053498	84.105537	333.242615	113.968473	75.350386	118.138523	92.860689	0.239334	0.351870	1.568915	1.940371
3547961605.117911	101.131985	90.879425	336.741974	106.150894	98.350071	96.113076	83.408779	0.242776	0.382946	1.573803	1.999022
3547961605.802394	85.357474	97.063406	340.089935	78.914271	90.779686	91.800678	103.347125	0.232384	0.362435	1.559140	1.959922
3547961606.500886	69.068989	102.511429	343.401978	76.484700	107.611157	61.653278	97.411700	0.228876	0.341090	1.554252	1.920821
3547961607.182369	52.655571	106.889368	346.672546	44.645533	102.785798	60.665609	110.992938	0.214622	0.343805	1.534702	1.925709
3547961607.864850	36.848357	110.526654	347.809784	29.759423	116.071653	43.937291	104.981655	0.218219	0.343805	1.539589	1.925709
3547961608.544329	19.899989	113.973429	351.518250	22.902456	105.489020	16.897522	122.457837	0.196285	0.318857	1.510264	1.881720
3547961609.208798	13.415584	112.906712	41.311386	17.497029	120.928047	9.334139	104.885378	0.181183	0.301567	1.490714	1.852395
3547961609.878273	12.580502	110.901285	91.142685	12.908911	119.895291	12.252093	101.907279	0.169594	0.292715	1.476051	1.837732
3547961611.206209	16.551843	112.283445	209.296494	8.195806	115.626593	24.907881	108.940296	0.169594	0.271500	1.476051	1.803519
3547961612.562164	41.261240	130.012589	218.406113	50.241986	129.424199	32.280494	130.600978	0.125056	0.226560	1.422287	1.735093
3547961613.289677	55.258399	141.634188	219.357758	59.991156	133.979058	50.525641	149.289317	0.125056	0.226560	1.422287	1.735093
3547961613.975161	69.578605	153.473612	217.390259	74.810600	160.796605	64.346610	146.150619	0.129244	0.206197	1.427175	1.705767
3547961614.655641	86.312729	165.772957	214.245407	81.104628	158.432951	91.520830	173.112962	0.120840	0.202735	1.417400	1.700880
3547961616.034613	119.509457	186.853254	207.131195	121.420087	178.058398	117.598827	195.648110	0.103679	0.174304	1.397849	1.661779
3547961616.712091	135.975653	194.025339	203.294487	128.875451	199.555902	143.075856	188.494777	0.276061	0.199253	1.622678	1.695992
3547961617.389572	153.826893	202.541607	206.392365	161.162005	197.326615	146.491781	207.756598	0.413899	0.255847	1.862170	1.779081
3547961618.065045	170.744018	212.090096	210.342934	169.454504	220.997237	172.033531	203.182955	0.473561	0.298632	1.989247	1.847507
3547961618.731516	186.663164	221.671292	208.860634	177.676911	221.174047	195.649417	222.168537	0.492475	0.316013	2.033236	1.876833
3547961620.109488	218.908998	238.222567	203.429153	212.615612	244.656328	225.202385	231.788805	0.473561	0.313154	1.989247	1.871945
3547961620.791971	236.590820	244.331612	196.048141	227.996521	241.659901	245.185118	247.003323	0.464883	0.321687	1.969697	1.886608
3547961621.477453	254.908377	248.354085	187.600845	261.928648	242.722406	247.888107	253.985763	0.460479	0.316013	1.959922	1.876833
3547961622.256005	271.863018	247.466168	169.525909	272.941266	238.530991	270.784769	256.401344	0.428379	0.304486	1.891496	1.857283
3547961622.948492	287.476463	243.570444	154.240311	290.155661	252.162411	284.797265	234.978477	0.423602	0.289732	1.881720	1.832845
3547961623.620965	289.658114	239.986796	76.435287	281.909886	235.408044	297.406341	244.565549	0.393869	0.286734	1.823069	1.827957
3547961624.990932	278.835103	221.570350	64.309326	269.874266	220.731659	287.795940	222.409040	0.367589	0.268403	1.774194	1.798631
3547961625.648395	272.045456	206.019954	68.594971	276.517906	198.209884	267.573006	213.830024	0.351114	0.259012	1.744868	1.783969
3547961626.344888	266.112203	190.435006	68.767174	269.180223	181.974081	263.044183	198.895931	0.322391	0.239758	1.695992	1.754643
3547961627.696842	252.417105	157.661478	63.875462	244.639077	153.133533	260.195133	162.189423	0.288820	0.199253	1.642229	1.695992
3547961628.390331	244.909604	142.231785	63.100132	242.523953	133.553729	247.295255	150.909842	0.282479	0.206197	1.632454	1.705767
3547961629.061805	237.207916	126.024259	64.283707	228.271504	124.956297	246.144328	127.092221	0.259673	0.192228	1.598240	1.686217
3547961629.729277	230.414540	110.537022	67.622017	239.387334	109.837754	221.441747	111.236291	0.246197	0.185121	1.578690	1.676442
3547961630.417760	223.757578	93.654895	68.715057	227.262186	85.365280	220.252970	101.944511	0.228876	0.174304	1.554252	1.661779
3547961631.072222	217.688513	76.918359	70.307983	209.323378	73.598041	226.053649	80.238677	0.221794	0.166986	1.544477	1.652004
3547961632.443191	205.227329	42.525412	69.681000	200.401281	34.928751	210.053377	50.122073	0.177346	0.159581	1.485826	1.642229
3547961633.112661	198.970833	25.243059	70.651245	189.976217	24.931815	207.965450	25.554304	0.200000	0.136828	1.515152	1.612903
3547961635.848591	175.117648	19.543455	325.667755	182.959506	15.126979	167.275791	23.959932	0.165680	0.140677	1.471163	1.617791
3547961636.536077	160.870090	28.466198	330.310593	164.730916	36.596021	157.009264	20.336375	0.145711	0.152088	1.446725	1.632454
3547961637.210552	145.017887	36.770101	335.994568	143.620943	45.661026	146.414831	27.879176	0.141636	0.136828	1.441838	1.612903
3547961637.912050	127.844565	43.591520	342.115402	125.028874	52.139729	130.660257	35.043311	0.145711	0.140677	1.446725	1.617791
3547961638.603536	112.051059	48.651027	346.406738	105.400292	42.587422	118.701826	54.714631	0.165680	0.140677	1.471163	1.617791
3547961639.290020	94.021336	52.222716	352.159424	91.352656	43.627476	96.690015	60.817956	0.169594	0.136828	1.476051	1.612903
3547961640.683002	59.288637	54.511475	0.733898	53.260713	47.828352	65.316560	61.194598	0.181183	0.159581	1.490714	1.642229
3547961642.090995	25.944940	52.513358	7.718431	17.027496	51.297134	34.862384	53.729581	0.161739	0.159581	1.466276	1.642229
3547961642.795492	13.602248	51.263677	338.371002	20.768135	45.818490	6.436361	56.708864	0.173483	0.159581	1.480938	1.642229
3547961644.883967	13.294445	53.149870	128.103851	7.486528	60.025050	19.102362	46.274690	0.157772	0.159581	1.461388	1.642229
3547961645.509408	19.511631	44.096295	125.235565	23.248254	35.908642	15.775009	52.283947	0.161739	0.148307	1.466276	1.627566
3547961646.185884	28.907494	32.119498	126.606773	21.623224	26.833724	36.191764	37.405273	0.157772	0.140677	1.461388	1.617791
3547961646.901389	39.363752	19.658173	129.152710	42.427935	28.120488	36.299569	11.195857	0.133403	0.136828	1.432063	1.612903
3547961650.376841	50.059432	26.457218	253.488220	42.581024	31.464554	57.537840	21.449882	0.129244	0.113231	1.427175	1.583578
3547961651.100351	54.799283	45.106609	258.846008	46.300731	42.144409	63.297834	48.068809	0.133403	0.109213	1.432063	1.578690
3547961652.465317	62.713719	84.811502	255.517883	70.515501	89.298395	54.911938	80.324609	0.090490	0.109213	1.383187	1.578690
3547961653.131784	69.313769	104.339765	244.633591	72.906505	96.087962	65.721034	112.591568	0.120840	0.101102	1.417400	1.568915
3547961654.502752	95.008988	137.961244	222.000626	87.191219	142.420221	102.826758	133.502266	0.108014	0.105170	1.402737	1.573803
3547961655.237273	111.903150	151.741709	214.792679	103.636265	148.183814	120.170035	155.299603	0.112319	0.125138	1.407625	1.598240
3547961655.921752	130.904394	162.639543	206.014015	139.647085	160.502873	122.161703	164.776212	0.103679	0.113231	1.397849	1.583578
3547961659.361181	232.345829	165.801018	163.155594	234.197527	156.993565	230.494132	174.608470	0.072464	0.080375	1.363636	1.544477
3547961660.038658	253.199319	159.874341	164.682358	244.481911	157.636750	261.916726	162.111932	0.077019	0.117224	1.368524	1.588465
3547961660.737151	272.245415	155.233490	167.220047	278.150295	162.025573	266.340535	148.441407	0.072464	0.071900	1.363636	1.534702
3547961663.417041	290.902563	154.361844	18.871786	290.702508	145.364068	291.102618	163.359621	0.034815	0.071900	1.324536	1.534702
3547961664.120537	285.450715	150.413359	41.101261	287.769281	159.109580	283.132149	141.717139	0.034815	0.058982	1.324536	1.520039
3547961664.772997	274.711988	139.382637	47.686722	279.514240	146.994364	269.909737	131.770910	0.015144	0.050231	1.304985	1.510264
3547961665.474492	264.613192	125.750290	55.653671	271.635054	120.120596	257.591330	131.379984	0.039642	0.023284	1.329423	1.480938
3547961666.142965	255.477063	109.783487	61.782825	263.279514	105.297759	247.674612	114.269216	-0.005125	0.050231	1.285435	1.510264
3547961666.806434	247.292764	93.717846	63.293900	243.280736	85.661567	251.304793	101.774125	0.025053	0.032384	1.314761	1.490714
3547961667.510930	238.770462	77.344840	62.409992	242.455592	69.133883	235.085332	85.555797	0.034815	0.014063	1.324536	1.471163
3547961668.844871	219.009718	43.384873	55.974277	223.899625	35.829159	214.119811	50.940586	0.020117	0.036890	1.309873	1.495601
3547961669.494329	207.480811	28.223329	51.032337	201.235947	21.742460	213.725675	34.704199	0.029952	0.027849	1.319648	1.485826
3547961674.220664	191.627229	16.235824	293.576782	200.509199	17.688618	182.745259	14.783030	0.025053	0.018689	1.314761	1.476051
3547961674.902144	185.420728	28.789764	300.667572	192.610063	23.375573	178.231394	34.203956	0.025053	0.036890	1.314761	1.495601
3547961675.523590	176.917863	42.711163	303.649460	168.959016	46.913158	184.876709	38.509168	0.039642	0.054621	1.329423	1.515152
3547961676.242094	166.406227	57.473209	305.684326	173.726122	62.709537	159.086332	52.236881	0.049191	0.036890	1.339198	1.495601
3547961676.890546	155.830245	73.675472	306.838211	163.582157	69.102960	148.078334	78.247984	0.053913	0.050231	1.344086	1.510264
3547961677.571030	144.386958	88.950261	308.466934	139.373323	81.476075	149.400593	96.424448	0.053913	0.097009	1.344086	1.564027
3547961678.225489	132.378276	104.137367	309.527161	123.407266	104.859150	141.349287	103.415585	0.053913	0.132955	1.344086	1.608016
3547961679.533412	107.035463	130.930103	321.632446	98.680157	127.585127	115.390769	134.275078	0.063255	0.159581	1.353861	1.642229
3547961680.169860	90.998543	142.202489	326.659027	91.597580	133.222447	90.399506	151.182531	0.081541	0.170656	1.373412	1.656891
3547961680.846345	76.759932	151.759990	323.687042	77.685284	160.712293	75.834580	142.807687	0.108014	0.181537	1.402737	1.671554
3547961681.519813	63.482718	162.002388	319.459869	70.970109	157.008495	55.995326	166.996280	0.094917	0.177931	1.388074	1.666667
3547961682.903795	36.751791	184.420512	320.476532	36.445119	175.425739	37.058463	193.415286	0.094917	0.166986	1.388074	1.652004
3547961683.602283	22.356552	195.397080	324.936432	31.142745	197.347159	13.570359	193.447000	0.090490	0.177931	1.383187	1.666667
3547961684.280763	14.569014	198.023420	14.878916	7.933420	204.103625	21.204608	191.943215	0.090490	0.174304	1.383187	1.661779
3547961686.272173	15.623645	195.574609	157.779083	9.829469	188.687844	21.417821	202.461373	0.044434	0.117224	1.334311	1.588465
3547961686.957649	28.175581	191.457757	164.356232	20.634534	186.545262	35.716629	196.370251	0.067876	0.121193	1.358749	1.593353
3547961687.664147	44.667068	187.605374	170.076477	40.911356	179.426461	48.422781	195.784288	0.072464	0.097009	1.363636	1.564027
3547961688.300597	64.149054	185.520668	179.559006	68.370580	193.469172	59.927527	177.572164	0.067876	0.092889	1.358749	1.559140
3547961688.941048	83.507475	187.001616	191.384552	81.258175	195.716009	85.756774	178.287222	0.058601	0.088744	1.348974	1.554252
3547961689.620528	102.150586	192.887063	205.598694	111.012144	194.459574	93.289028	191.314551	0.053913	0.092889	1.344086	1.559140
3547961690.266986	118.511479	203.943922	222.316345	112.464632	210.609928	124.558326	197.277915	0.053913	0.076151	1.344086	1.539589
3547961690.962474	130.568078	216.309477	232.643982	129.079815	207.433381	132.056340	225.185573	0.025053	0.080375	1.314761	1.544477
3547961692.366465	150.888104	247.463030	240.207047	141.958092	246.342819	159.818117	248.583241	0.034815	0.054621	1.324536	1.515152
3547961693.047947	159.582833	263.729831	243.865529	167.899815	260.290673	151.265851	267.168990	0.025053	0.071900	1.314761	1.534702
3547961693.695405	166.658188	280.961394	250.722305	171.777839	273.559423	161.538537	288.363366	0.029952	0.045813	1.319648	1.505376
3547961694.403904	171.973739	300.015444	259.664505	164.003753	304.196272	179.943725	295.834616	0.010134	0.032384	1.300098	1.490714
3547961695.108399	174.241532	320.521260	268.535675	183.219177	321.155206	165.263887	319.887314	0.010134	0.036890	1.300098	1.495601
3547961695.776872	172.776870	338.376393	274.647461	181.514839	340.532290	164.038900	336.220496	0.005086	0.023284	1.295210	1.480938
3547961696.481367	171.519147	356.535364	274.785614	180.470758	357.467379	162.567535	355.603349	-0.005125	0.014063	1.285435	1.471163
3547961697.830322	170.716376	396.453354	267.870850	177.390907	402.490790	164.041844	390.415919	-0.010289	0.023284	1.280547	1.480938
3547961699.234313	175.051972	433.975511	262.048950	183.716150	436.411085	166.387794	431.539936	0.010134	-0.004751	1.300098	1.451613
3547961699.917793	178.230838	456.134896	263.872559	178.421843	447.136923	178.039834	465.132869	-0.020736	-0.000000	1.270772	1.456500
3547961701.273748	179.121354	494.161283	274.048828	185.124973	500.866249	173.117735	487.456318	-0.010289	-0.000000	1.280547	1.456500
3547961701.960234	177.731174	512.097467	277.121735	172.201888	504.996271	183.260460	519.198664	-0.015492	-0.009534	1.275660	1.446725
3547961702.628705	175.656937	529.331557	278.672333	168.445515	534.716294	182.868359	523.946820	-0.042120	-0.004751	1.251222	1.451613
3547961703.277165	173.083890	547.693587	279.073456	168.547372	555.466618	177.620408	539.920556	-0.036711	-0.014350	1.256109	1.441838
3547961703.920616	170.621996	565.044637	277.766388	161.935132	562.691259	179.308861	567.398015	-0.026020	-0.019198	1.265885	1.436950
3547961704.586085	168.548463	581.564122	275.742096	174.469771	574.786356	162.627155	588.341888	-0.031345	-0.019198	1.260997	1.436950
3547961708.075548	172.838664	566.325565	99.899048	178.154899	559.063495	167.522430	573.587634	-0.047570	-0.028994	1.246334	1.427175
3547961708.740016	175.645886	548.027951	97.646660	177.936011	556.731704	173.355761	539.324197	-0.036711	-0.028994	1.256109	1.427175
3547961709.453519	178.344310	525.816934	96.039093	169.562250	527.785542	187.126371	523.848327	-0.036711	-0.038925	1.256109	1.417400
3547961710.130997	179.938773	505.639884	92.878181	188.757224	503.841293	171.120323	507.438476	-0.031345	-0.028994	1.260997	1.427175
3547961710.817482	180.432406	481.544241	89.608040	171.456146	482.197509	189.408666	480.890973	-0.042120	-0.028994	1.251222	1.427175
3547961711.546997	179.615791	460.375108	84.843163	179.797226	469.373279	179.434355	451.376937	-0.053064	-0.038925	1.241447	1.417400
3547961712.251495	176.846797	438.524796	79.979729	185.769820	439.699392	167.923775	437.350201	-0.042120	-0.043942	1.251222	1.412512
3547961713.610453	166.965769	395.352854	71.637032	161.739386	402.679854	172.192151	388.025854	-0.031345	-0.028994	1.260997	1.427175
3547961714.286930	159.592557	375.012176	66.442257	163.658991	383.041131	155.526122	366.983222	-0.047570	-0.038925	1.246334	1.417400
3547961714.970411	149.971416	355.373033	60.413303	155.926440	362.121195	144.016392	348.624871	-0.031345	-0.014350	1.260997	1.441838
3547961715.658898	139.013144	337.911518	53.763132	142.150375	346.347025	135.875913	329.476011	-0.053064	-0.069558	1.241447	1.388074
3547961716.333374	126.924789	322.245977	50.329851	126.345871	313.264616	127.503707	331.227339	-0.053064	-0.069558	1.241447	1.388074
3547961717.720353	97.582890	289.893437	45.055027	89.676318	285.593887	105.489461	294.192987	-0.053064	-0.048994	1.241447	1.407625
3547961718.446865	83.645274	275.958728	45.572845	74.647030	276.136485	92.643519	275.780972	-0.036711	-0.038925	1.256109	1.417400
3547961719.105331	68.891833	260.251038	47.515629	72.328000	268.569257	65.455667	251.932820	-0.053064	-0.059204	1.241447	1.397849
3547961719.799821	55.058126	243.711353	52.593704	48.518660	249.894830	61.597591	237.527876	-0.053064	-0.043942	1.241447	1.412512
3547961721.147770	30.782069	210.746093	53.493168	31.555947	219.712760	30.008191	201.779427	-0.069808	-0.064363	1.226784	1.392962
3547961721.805234	19.046395	195.037341	53.424683	19.204855	204.035946	18.887936	186.038736	-0.064182	-0.054081	1.231672	1.402737
3547961722.482712	12.837873	191.747515	356.975281	21.111515	188.205362	4.564231	195.289669	-0.047570	-0.106974	1.246334	1.353861
3547961723.822657	14.464281	190.938785	327.064514	11.472417	182.450631	17.456144	199.426938	-0.064182	-0.038925	1.231672	1.417400
3547961724.507140	15.849211	189.779778	324.468414	22.810860	195.483764	8.887563	184.075793	-0.047570	-0.059204	1.246334	1.397849
3547961725.190623	15.200576	189.927451	4.052258	22.309786	195.446430	8.091366	184.408471	-0.047570	-0.043942	1.246334	1.412512
3547961725.885113	14.616798	189.587300	52.525166	7.669211	195.308404	21.564385	183.866196	-0.042120	-0.059204	1.251222	1.397849
3547961726.578601	14.590827	189.624236	124.829292	21.258954	183.579727	7.922701	195.668745	-0.047570	-0.054081	1.246334	1.402737
3547961727.236066	21.119391	182.946946	135.134277	21.531386	191.937511	20.707396	173.956381	-0.058601	-0.059204	1.236559	1.397849
3547961728.578012	48.779073	160.593445	143.302872	57.200857	157.419558	40.357290	163.767333	-0.047570	-0.059204	1.246334	1.397849
3547961729.274503	64.739395	148.836467	144.794876	62.238237	140.190993	67.240554	157.481940	-0.036711	-0.048994	1.256109	1.407625
3547961729.926965	82.796311	137.296035	149.847733	90.110317	132.051483	75.482306	142.540587	-0.053064	-0.038925	1.241447	1.417400
3547961730.618451	101.061912	127.709260	153.070709	94.198466	133.531040	107.925357	121.887480	-0.058601	-0.054081	1.236559	1.402737
3547961731.958398	137.967933	109.855683	156.827927	140.209443	101.139283	135.726424	118.572083	-0.020736	-0.038925	1.270772	1.417400
3547961732.649885	158.422715	102.371899	161.864334	167.399194	101.721654	149.446236	103.022144	0.010134	-0.019198	1.300098	1.436950
3547961733.327363	179.411301	96.361125	162.047623	188.118905	94.085682	170.703697	98.636567	0.072464	-0.028994	1.363636	1.427175
3547961734.008846	198.973634	88.844357	159.041580	190.653397	92.275634	207.293871	85.413081	0.137533	-0.028994	1.436950	1.427175
3547961734.695328	219.325858	80.260386	154.098175	220.760921	89.145237	217.890794	71.375534	0.165680	-0.014350	1.471163	1.441838
3547961735.375810	240.020997	68.874495	147.358536	237.392983	77.482255	242.649011	60.266734	0.188783	-0.014350	1.500489	1.441838
3547961736.050285	258.590440	56.020279	142.309784	265.848442	61.342066	251.332439	50.698493	0.203691	-0.009534	1.520039	1.446725
3547961736.723758	276.458071	41.072921	135.548187	280.451210	49.138579	272.464932	33.007262	0.207358	-0.024079	1.524927	1.432063
3547961738.032681	286.609885	23.361286	28.193678	285.884768	32.332028	287.335002	14.390545	0.177346	-0.009534	1.485826	1.446725
3547961739.421661	268.373649	26.609775	345.754089	266.772146	17.753411	269.975151	35.466140	0.177346	-0.014350	1.485826	1.441838
3547961740.070122	252.713024	30.911629	344.787781	259.089783	24.560491	246.336266	37.262767	0.157772	-0.014350	1.461388	1.441838
3547961740.775618	236.140611	35.636481	342.360291	235.481423	44.612308	236.799798	26.660654	0.165680	-0.048994	1.471163	1.407625
3547961742.126570	202.591985	47.084765	341.484375	195.275309	52.325590	209.908661	41.843939	0.137533	0.018689	1.436950	1.476051
3547961742.832074	185.538146	53.409745	341.681229	179.387804	59.980384	191.688489	46.839107	0.120840	-0.014350	1.417400	1.441838
3547961744.880513	130.894622	75.795054	332.012817	138.448368	70.902108	123.340875	80.687999	0.108014	-0.009534	1.402737	1.446725
3547961745.606027	114.650415	86.430788	325.621765	122.687023	82.379501	106.613807	90.482075	0.094917	-0.038925	1.388074	1.417400
3547961746.296513	98.932981	98.973068	318.568939	107.523757	101.656085	90.342206	96.290051	0.116594	-0.043942	1.412512	1.412512
3547961747.025028	84.568892	113.384806	313.602386	89.325745	105.744627	79.812039	121.024986	0.063255	-0.014350	1.353861	1.441838
3547961747.702506	70.867433	129.306552	309.958282	63.018918	133.711187	78.715948	124.901917	0.077019	0.004719	1.368524	1.461388
3547961748.364972	57.452553	147.698930	303.006134	48.564031	146.286776	66.341074	149.111084	0.063255	-0.028994	1.353861	1.427175
3547961749.062464	46.748629	165.621464	298.661987	48.630799	174.422455	44.866459	156.820474	0.067876	-0.019198	1.358749	1.436950
3547961749.716928	37.600377	184.001822	293.686340	46.587942	184.474759	28.612812	183.528885	0.086031	0.009407	1.378299	1.466276
3547961750.397405	30.424626	203.806043	285.699402	28.764422	212.651591	32.084830	194.960495	0.063255	-0.033942	1.353861	1.422287
3547961751.737353	24.405334	245.550173	270.088989	25.196123	236.584982	23.614544	254.515364	0.049191	-0.028994	1.339198	1.427175
3547961753.750772	25.207495	299.789716	268.632446	34.204388	299.553273	16.210601	300.026158	0.034815	-0.024079	1.324536	1.432063
3547961754.450264	24.945434	315.863961	270.525665	21.870372	307.405592	28.020497	324.322329	0.049191	0.014063	1.339198	1.471163
3547961755.099722	24.389090	333.895810	273.582123	26.733780	342.585023	22.044400	325.206596	0.063255	-0.033942	1.353861	1.422287
3547961755.764192	22.788461	351.043447	277.837463	13.956402	349.312914	31.620519	352.773980	0.005086	-0.043942	1.295210	1.412512
3547961757.113143	15.158515	385.996118	286.361908	19.290372	393.991602	11.026658	378.000635	0.020117	-0.038925	1.309873	1.417400
3547961757.811636	16.526157	391.320157	213.607224	16.715835	382.322156	16.336479	400.318158	0.015144	-0.019198	1.304985	1.436950
3547961758.505126	21.334579	390.985248	166.386490	20.275750	399.922746	22.393408	382.047749	0.025053	-0.024079	1.314761	1.432063
3547961759.172596	36.998512	387.685312	169.815186	35.483125	378.813807	38.513899	396.556817	0.025053	-0.033942	1.314761	1.422287
3547961759.901109	56.201684	385.436045	176.743546	49.656124	379.259019	62.747243	391.613071	-0.015492	-0.064363	1.275660	1.392962
3547961760.578589	76.250703	385.996635	185.471207	77.303449	394.934852	75.197958	377.058418	0.000000	-0.048994	1.290323	1.407625
3547961761.239054	98.156325	390.172682	195.508484	92.156247	383.464549	104.156404	396.880816	0.005086	-0.038925	1.295210	1.417400
3547961761.954558	118.718203	397.917572	204.211029	118.785761	406.917318	118.650645	388.917825	-0.026020	-0.033942	1.265885	1.422287
3547961762.595011	137.194049	407.664966	211.921288	146.110681	408.887127	128.277417	406.442804	0.000000	-0.054081	1.290323	1.402737
3547961764.060045	174.326060	433.050414	212.847076	180.663402	426.659944	167.988718	439.440884	-0.010289	-0.054081	1.280547	1.402737
3547961764.816578	192.993534	444.075981	207.127899	194.933141	435.287470	191.053928	452.864492	-0.010289	-0.019198	1.280547	1.436950
3547961765.504063	217.555927	454.744508	198.357773	221.368488	462.897076	213.743365	446.591939	-0.053064	-0.043942	1.241447	1.412512
3547961766.140512	239.867347	460.671185	190.323608	231.163513	462.961008	248.571180	458.381362	-0.026020	-0.028994	1.265885	1.427175
3547961766.796976	261.867039	463.194098	183.225937	254.228546	458.434537	269.505532	467.953659	0.005086	-0.043942	1.295210	1.412512
3547961767.469451	281.233151	463.362149	176.905151	273.778975	458.318810	288.687327	468.405487	-0.020736	-0.019198	1.270772	1.436950
3547961770.888864	290.113500	450.820422	85.298386	294.232619	458.822475	285.994381	442.818368	0.000000	-0.069558	1.290323	1.388074
3547961772.888272	288.776053	413.073834	20.775299	280.337068	416.201698	297.215038	409.945969	-0.036711	-0.064363	1.256109	1.392962
3547961773.609781	285.891227	413.940396	338.397308	292.911409	408.308608	278.871044	419.572184	-0.036711	-0.054081	1.256109	1.402737
3547961775.705260	241.024662	427.524103	351.176025	246.700242	420.539277	235.349082	434.508929	-0.047570	-0.033942	1.246334	1.422287
3547961776.409757	222.478759	429.571973	356.569153	231.478748	429.586494	213.478771	429.557453	-0.042120	-0.059204	1.251222	1.397849
3547961777.068222	201.739970	429.846495	1.595425	192.742700	430.068131	210.737241	429.624860	-0.042120	-0.028994	1.251222	1.427175
3547961777.718680	183.951609	428.751108	4.990795	192.605062	426.277696	175.298157	431.224519	-0.036711	-0.064363	1.256109	1.392962
3547961778.453199	164.155007	426.452611	7.528238	155.628289	423.572493	172.681725	429.332730	-0.026020	-0.054081	1.265885	1.402737
3547961781.131087	91.440886	409.380871	20.301592	82.504279	408.314538	100.377492	410.447204	-0.053064	-0.069558	1.241447	1.388074
3547961781.808567	74.923352	402.391721	24.771442	78.104757	393.972775	71.741947	410.810668	-0.058601	-0.054081	1.236559	1.402737
3547961782.470032	58.540936	393.720227	30.133430	67.169493	391.161320	49.912379	396.279135	-0.058601	-0.074790	1.236559	1.383187
3547961783.145511	43.666993	384.378182	33.977737	38.736421	391.907422	48.597566	376.848942	-0.047570	-0.069558	1.246334	1.388074
3547961783.805979	29.751452	374.454954	37.221695	33.886830	366.461291	25.616074	382.448617	-0.075478	-0.059204	1.221896	1.397849
3547961787.929885	42.894340	354.301980	158.423553	34.124975	352.277572	51.663706	356.326388	-0.015492	-0.080059	1.275660	1.378299
3547961788.597355	60.994533	348.026248	162.459259	68.064341	342.456884	53.924725	353.595612	-0.053064	-0.038925	1.241447	1.417400
3547961789.272832	81.976085	342.183424	164.823303	73.030787	341.192636	90.921382	343.174211	-0.047570	-0.064363	1.246334	1.392962
3547961789.971324	103.253649	336.623566	165.540207	95.859292	341.754207	110.648007	331.492924	-0.053064	-0.054081	1.241447	1.402737
3547961790.635795	126.178963	330.899075	165.009064	117.204568	331.577475	135.153358	330.220674	-0.047570	-0.038925	1.246334	1.417400
3547961791.329283	147.327498	325.039104	164.774414	138.441309	323.612346	156.213688	326.465861	-0.026020	-0.074790	1.265885	1.383187
3547961792.047791	169.550426	319.671318	165.591003	162.426113	325.170787	176.674739	314.171848	-0.015492	-0.085365	1.275660	1.373412
3547961792.727268	191.905546	313.894209	165.523216	184.425087	318.898480	199.386005	308.889937	-0.058601	-0.054081	1.236559	1.402737
3547961793.381731	214.775904	308.136554	163.866272	210.433820	300.253262	219.117989	316.019847	-0.042120	-0.059204	1.251222	1.397849
3547961794.126257	235.350087	300.488117	158.821075	226.480811	302.016492	244.219364	298.959742	-0.026020	-0.085365	1.265885	1.373412
3547961794.828753	256.375772	290.623169	152.976486	248.995037	295.773387	263.756508	285.472951	-0.047570	-0.038925	1.246334	1.417400
3547961795.496224	276.207200	280.029429	149.297218	285.184161	279.385873	267.230238	280.672985	-0.047570	-0.069558	1.246334	1.388074
3547961796.203722	288.707235	270.327276	105.999557	295.254251	264.151793	282.160219	276.502758	-0.064182	-0.085365	1.231672	1.373412
3547961796.911220	287.731341	268.206706	27.875463	284.235942	276.500209	291.226740	259.913203	-0.053064	-0.069558	1.241447	1.388074
3547961797.595705	277.738012	266.301582	11.753532	284.274186	260.114625	271.201838	272.488539	-0.053064	-0.085365	1.241447	1.373412
3547961798.308207	261.394528	262.118814	15.247441	257.394786	270.181200	265.394270	254.056428	-0.047570	-0.028994	1.246334	1.427175
3547961799.008700	244.470417	257.752366	17.168411	253.415677	258.743487	235.525157	256.761246	-0.036711	-0.059204	1.256109	1.397849
3547961799.752224	226.611674	250.786237	21.911697	225.897365	259.757846	227.325982	241.814628	-0.042120	-0.059204	1.251222	1.397849
3547961800.455722	209.962228	243.665197	21.952711	209.616376	252.658550	210.308080	234.671845	-0.047570	-0.074790	1.246334	1.383187
3547961803.142616	134.256198	224.761056	6.108123	135.823721	215.898615	132.688675	233.623498	-0.053064	-0.059204	1.241447	1.397849
3547961803.806085	116.345540	223.016961	1.568839	107.345558	222.999342	125.345523	223.034579	-0.047570	-0.064363	1.246334	1.392962
3547961804.483565	97.122294	223.375996	354.646271	94.004962	231.818877	100.239627	214.933115	-0.058601	-0.069558	1.236559	1.388074
3547961806.508994	40.319944	237.448043	337.945984	49.093545	235.442072	31.546342	239.454014	-0.053064	-0.069558	1.241447	1.388074
3547961807.193474	24.159088	244.707737	334.493805	15.192205	243.936370	33.125972	245.479104	-0.042120	-0.059204	1.251222	1.397849
3547961807.857944	17.196455	249.223232	283.846863	9.161252	245.169157	25.231657	253.277306	-0.036711	-0.069558	1.256109	1.388074
3547961808.550434	17.682899	250.684878	215.732224	9.931899	255.258936	25.433899	246.110820	-0.047570	-0.038925	1.246334	1.417400
3547961809.234916	26.384841	255.474938	206.364990	33.859944	250.462668	18.909739	260.487207	-0.058601	-0.074790	1.236559	1.383187
3547961809.915395	41.792462	262.822577	205.626862	50.694792	264.144888	32.890131	261.500266	-0.053064	-0.064363	1.241447	1.392962
3547961810.584867	59.688109	270.965061	204.877396	65.304263	277.997756	54.071954	263.932365	-0.053064	-0.024079	1.241447	1.432063
3547961811.921811	96.141190	284.240406	196.455734	87.191889	285.194351	105.090491	283.286461	-0.053064	-0.074790	1.241447	1.383187
3547961812.608295	116.400786	289.016765	188.164948	119.322381	280.504170	113.479191	297.529361	-0.036711	-0.054081	1.256109	1.402737
3547961813.287775	137.760785	289.739187	176.799530	130.879844	283.938097	144.641727	295.540277	-0.042120	-0.054081	1.251222	1.402737
3547961813.943239	158.579701	286.849412	164.966820	149.584662	287.148206	167.574739	286.550618	-0.053064	-0.064363	1.241447	1.392962
3547961814.607706	178.164333	278.774956	151.530701	172.134036	272.093975	184.194630	285.455937	-0.053064	-0.064363	1.241447	1.392962
3547961815.329215	196.399646	267.160605	138.634811	192.855673	258.887743	199.943620	275.433467	-0.015492	-0.069558	1.275660	1.388074
3547961815.987679	211.633069	250.791292	123.053818	216.196097	258.548790	207.070042	243.033794	-0.047570	-0.059204	1.246334	1.397849
3547961817.373657	226.831768	208.850692	98.142784	232.988949	215.414922	220.674587	202.286461	-0.047570	-0.064363	1.246334	1.392962
3547961818.740621	224.152652	166.919857	71.701706	219.410735	174.569316	228.894569	159.270398	-0.005125	-0.085365	1.285435	1.373412
3547961819.439114	214.970487	146.153818	59.583885	214.014914	155.102945	215.926059	137.204691	-0.053064	-0.064363	1.241447	1.392962
3547961820.064561	203.449090	129.971818	48.476685	212.236075	131.918328	194.662106	128.025308	-0.069808	-0.054081	1.226784	1.402737
3547961821.470547	175.289699	104.726571	34.027197	170.737396	112.490368	179.842001	96.962774	0.077019	0.009407	1.368524	1.466276
3547961822.165039	157.618278	94.354287	26.261750	149.482378	90.506284	165.754178	98.202289	0.137533	0.076151	1.436950	1.539589
3547961822.807489	139.908256	85.924557	24.922872	141.783247	77.122035	138.033264	94.727080	0.184996	0.136828	1.495601	1.612903
3547961823.495976	123.405858	77.693564	27.303097	115.975598	82.772072	130.836118	72.615057	0.196285	0.174304	1.510264	1.661779
3547961825.518403	80.435963	49.419526	41.090847	82.663841	58.139420	78.208085	40.699631	0.203691	0.209639	1.520039	1.710655
3547961826.211892	67.723547	38.764939	39.878822	60.341120	43.912733	75.105973	33.617145	0.192547	0.229888	1.505376	1.739980
3547961826.897376	56.832713	29.816281	39.484978	48.040059	31.737019	65.625367	27.895542	0.196285	0.199253	1.510264	1.695992
3547961827.579857	45.308201	19.489780	44.839867	38.501910	13.601283	52.114492	25.378278	0.207358	0.181537	1.524927	1.671554
3547961829.706357	34.750196	23.649357	285.394287	30.509447	31.587622	38.990945	15.711093	0.157772	0.174304	1.461388	1.661779
3547961830.417859	30.400255	38.771892	286.925293	38.163540	43.325068	22.636971	34.218715	0.153779	0.166986	1.456500	1.652004
3547961831.092336	24.442214	57.204693	288.232697	30.859593	50.894602	18.024835	63.514784	0.157772	0.155846	1.461388	1.637341
3547961831.742795	19.263918	75.021499	283.431091	13.550699	68.067427	24.977138	81.975572	0.141636	0.140677	1.441838	1.617791
3547961832.399260	15.638718	93.679180	276.727081	13.264795	84.997907	18.012642	102.360452	0.129244	0.144504	1.427175	1.622678
3547961833.705178	14.684339	131.151920	266.184509	7.917672	137.085909	21.451006	125.217932	0.120840	0.129058	1.417400	1.603128
3547961835.025110	18.645083	169.783107	259.962799	12.255762	176.121606	25.034405	163.444608	0.108014	0.117224	1.402737	1.588465
3547961835.706591	24.147377	187.980594	247.441101	18.047493	194.598102	30.247261	181.363086	0.099314	0.105170	1.392962	1.573803
3547961836.393075	34.889342	206.007230	232.445526	35.180264	197.011933	34.598421	215.002527	0.063255	0.084573	1.353861	1.549365
3547961837.072557	49.601684	221.028960	221.003571	41.613381	216.883237	57.589986	225.174683	0.094917	0.076151	1.388074	1.539589
3547961838.417505	82.561052	243.456908	208.106094	76.354374	236.939458	88.767730	249.974357	0.077019	0.063316	1.368524	1.524927
3547961839.138013	101.063369	251.381523	198.319397	104.560339	259.674363	97.566400	243.088682	0.049191	0.071900	1.339198	1.534702
3547961839.836504	121.862524	255.212680	183.641739	112.952387	253.944037	130.772661	256.481323	0.044434	0.058982	1.334311	1.520039
3547961840.471953	142.375456	253.112679	170.075134	138.630729	244.928730	146.120182	261.296628	0.049191	0.041366	1.339198	1.500489
3547961841.174450	162.257778	247.380470	158.638809	153.258386	247.275894	171.257171	247.485045	0.039642	0.058982	1.329423	1.520039
3547961841.881947	179.996587	238.030763	147.525398	178.834731	246.955453	181.158444	229.106073	0.039642	0.045813	1.329423	1.505376
3547961842.553421	197.747828	224.073560	141.269135	196.826630	233.026291	198.669026	215.120828	0.029952	0.032384	1.319648	1.490714
3547961843.228897	212.725607	208.798820	127.554779	204.183271	211.632282	221.267942	205.965359	0.015144	0.009407	1.304985	1.466276
3547961843.902373	222.771067	191.160932	112.239845	229.576892	185.271896	215.965243	197.049969	0.020117	-0.009534	1.309873	1.446725
3547961845.899782	220.220100	131.605694	63.687817	213.423274	125.706274	227.016926	137.505115	0.005086	0.018689	1.295210	1.476051
3547961847.258741	198.160106	101.904353	45.276474	189.502249	99.446406	206.817964	104.362300	0.086031	0.117224	1.378299	1.588465
3547961847.943223	184.743083	88.597922	39.963081	177.820082	94.348753	191.666084	82.847090	0.149758	0.155846	1.451613	1.637341
3547961848.612696	168.116127	75.578391	35.132299	173.008980	83.132198	163.223274	68.024585	0.228876	0.271500	1.554252	1.803519
3547961849.948638	136.435811	55.639758	28.546646	138.856443	64.308122	134.015178	46.971394	0.288820	0.338360	1.642229	1.915934
3547961850.637125	120.914378	47.044228	30.448170	128.326918	41.939891	113.501838	52.148564	0.295086	0.335617	1.652004	1.911046
3547961851.291590	107.070144	37.987019	35.032619	111.186993	45.990241	102.953295	29.983798	0.298192	0.332859	1.656891	1.906158
3547961851.979076	94.156098	27.366922	43.922245	94.696242	18.383145	93.615953	36.350699	0.301279	0.341090	1.661779	1.920821
3547961852.667556	84.023919	16.459878	52.841171	79.198309	24.056817	88.849530	8.862939	0.272823	0.316013	1.617791	1.876833