Time	X	Y	Theta	LS_X	LS_Y	RS_X	RS_Y	RsRoL	RsRoR	VL	VR
3547956600.078976	50.148947	551.209143	184.358978	42.600174	556.109758	57.697720	546.308529	0.004922	0.027008	1.363636	1.568915
3547956600.719428	50.273542	551.231991	183.247971	42.532040	546.641876	58.015043	555.822106	0.014660	0.022577	1.373412	1.564027
3547956601.379893	50.267542	551.222736	183.179993	42.855707	546.117376	57.679378	556.328095	0.004922	0.009116	1.363636	1.549365
3547956602.047363	50.274687	551.229514	183.212387	42.701384	546.366893	57.847990	556.092135	0.004922	-0.004602	1.363636	1.534702
3547956602.704830	50.270152	551.225421	183.173798	42.890087	546.074243	57.650218	556.376599	-0.014980	-0.000000	1.344086	1.539589
3547956603.374300	50.280812	551.229920	183.284531	42.376706	546.925839	58.184917	555.534001	0.004922	0.013631	1.363636	1.554252
3547956604.070791	50.266634	551.226581	183.177643	42.866816	546.103819	57.666452	556.349343	-0.004957	-0.000000	1.353861	1.539589
3547956604.803309	50.266921	551.228444	183.253143	42.501780	546.678435	58.032062	555.778453	-0.000000	-0.000000	1.358749	1.539589
3547956605.508805	50.270429	551.232623	183.224548	42.638552	546.462460	57.902306	556.002786	-0.004957	-0.004602	1.353861	1.534702
3547956606.255332	50.261040	551.225141	183.233017	42.589041	546.519780	57.933040	555.930502	-0.025149	-0.018584	1.334311	1.520039
3547956606.934813	50.271994	551.228336	183.257339	42.487829	546.710951	58.056159	555.745722	-0.004957	-0.009233	1.353861	1.529814
3547956607.575271	50.261514	551.224509	183.162155	42.941920	545.987760	57.581108	556.461258	-0.004957	-0.000000	1.353861	1.539589
3547956608.285767	50.272342	551.224789	183.241577	42.560346	546.585274	57.984339	555.864305	-0.000000	-0.009233	1.358749	1.529814
3547956608.969248	50.272701	551.229902	183.288010	42.353670	546.953345	58.191733	555.506458	-0.000000	-0.028057	1.358749	1.510264
3547956609.655733	50.272005	551.233589	183.142792	43.055178	545.856098	57.488832	556.611080	0.029010	-0.009233	1.388074	1.529814
3547956610.353225	50.260330	551.226721	183.252625	42.497550	546.672684	58.023109	555.780758	-0.020046	-0.018584	1.339198	1.520039
3547956611.050717	50.279882	551.229514	183.149216	43.028659	545.898494	57.531104	556.560534	-0.000000	-0.004602	1.358749	1.534702
3547956611.816257	50.273972	551.233657	183.333328	42.169330	547.320248	58.378615	555.147066	0.019477	-0.018584	1.378299	1.520039
3547956612.444700	50.276791	551.234766	183.245514	42.546589	546.625647	58.006992	555.843886	-0.020046	-0.004602	1.339198	1.534702
3547956613.120176	50.278956	551.229848	183.234467	42.600143	546.535613	57.957768	555.924083	-0.004957	-0.018584	1.353861	1.520039
3547956613.817667	50.275128	551.226197	183.228882	42.622652	546.489151	57.927605	555.963242	-0.009950	-0.004602	1.348974	1.534702
3547956614.503152	50.271667	551.228792	183.172791	42.896794	546.070185	57.646541	556.387400	-0.009950	-0.023305	1.348974	1.515152
3547956615.178628	50.271416	551.231252	183.259140	42.479130	546.727889	58.063703	555.734614	-0.004957	0.009116	1.353861	1.549365
3547956615.856106	50.268282	551.226829	183.250305	42.516086	546.654799	58.020478	555.798858	-0.004957	-0.013893	1.353861	1.524927
3547956616.546598	50.276231	551.227493	183.293976	42.331825	546.998258	58.220636	555.456727	-0.030290	-0.018584	1.329423	1.520039
3547956617.224071	50.277624	551.227934	183.214111	42.695948	546.378379	57.859300	556.077490	-0.014980	-0.009233	1.344086	1.529814
3547956617.938577	50.272820	551.226319	183.256653	42.491758	546.703589	58.053882	555.749048	-0.014980	-0.013893	1.344086	1.524927
3547956618.657087	50.269503	551.234275	183.162842	42.946314	546.002553	57.592691	556.465997	-0.025149	-0.023305	1.334311	1.515152
3547956619.363588	50.269258	551.223895	183.230942	42.607040	546.502624	57.931477	555.945167	-0.009950	0.009116	1.348974	1.549365
3547956620.019048	50.277735	551.225967	183.299438	42.310345	547.040193	58.245124	555.411741	-0.009950	-0.009233	1.348974	1.529814
3547956620.688516	50.272924	551.222912	183.253265	42.507228	546.673850	58.038621	555.771973	-0.009950	0.009116	1.348974	1.549365
3547956621.389009	50.275100	551.224929	183.247116	42.537523	546.628201	58.012676	555.821658	-0.009950	-0.013893	1.348974	1.524927
3547956622.041471	50.280894	551.222754	183.300262	42.310059	547.043546	58.251730	555.401961	-0.014980	-0.023305	1.344086	1.515152
3547956622.712944	50.275010	551.231446	183.290955	42.343418	546.978229	58.206602	555.484663	-0.020046	-0.004602	1.339198	1.534702
3547956623.478484	50.274924	551.228143	183.242981	42.556422	546.599458	57.993426	555.856827	-0.014980	-0.004602	1.344086	1.534702
3547956624.155962	50.280758	551.231797	183.230621	42.620053	546.508071	57.941463	555.955524	-0.014980	-0.023305	1.344086	1.515152
3547956624.819429	51.094070	551.271591	183.104523	44.088268	545.621924	58.099872	556.921259	-0.025149	-0.023305	1.334311	1.515152
3547956625.485900	64.016564	551.275332	177.064148	55.857911	547.475809	72.175217	555.074856	-0.030290	-0.018584	1.329423	1.520039
3547956626.121351	80.931563	548.068574	160.421478	82.721818	556.888720	79.141308	539.248427	-0.020046	0.004573	1.339198	1.544477
3547956626.817839	98.836369	537.262689	135.940033	105.607084	543.192057	92.065653	531.333320	-0.020046	-0.028057	1.339198	1.510264
3547956627.473303	109.986286	519.053314	105.841217	117.425148	513.987416	102.547423	524.119213	-0.004957	-0.013893	1.353861	1.524927
3547956628.135771	109.575616	495.174161	70.222458	101.524682	491.151418	117.626550	499.196903	-0.020046	-0.023305	1.339198	1.515152
3547956630.917732	45.977054	490.843555	289.793457	39.731683	484.363173	52.222424	497.323937	-0.030290	-0.018584	1.329423	1.520039
3547956632.270688	50.006089	522.611271	238.413467	53.071652	514.149455	46.940526	531.073087	-0.035469	-0.023305	1.324536	1.515152
3547956641.811419	106.540552	539.847813	176.894241	99.141842	534.723451	113.939263	544.972175	-0.035469	-0.037653	1.324536	1.500489
3547956643.844858	157.575440	513.474410	121.301685	149.122222	516.563603	166.028657	510.385218	-0.035469	-0.037653	1.324536	1.500489
3547956644.542344	163.463503	495.528328	95.170029	156.290844	490.092065	170.636163	500.964591	-0.056572	-0.023305	1.304985	1.515152
3547956645.939330	149.432231	458.736514	40.130247	143.562606	465.559087	155.301856	451.913941	-0.056572	-0.062198	1.304985	1.476051
3547956646.574778	131.995948	450.056468	9.490999	132.591499	459.036742	131.400396	441.076194	-0.035469	-0.047374	1.324536	1.490714
3547956647.231242	114.360613	451.261874	341.754700	108.709181	458.266252	120.012046	444.257496	-0.040686	-0.000000	1.319648	1.539589
3547956647.912722	99.949262	460.600659	314.572327	96.336527	452.357593	103.561998	468.843725	-0.040686	-0.042498	1.319648	1.495601
3547956649.307707	88.829812	490.008845	267.780334	94.931286	496.624887	82.728337	483.392803	-0.040686	-0.067205	1.319648	1.471163
3547956649.993194	91.905481	506.366600	252.457535	83.765301	502.527659	100.045661	510.205541	-0.045942	-0.047374	1.314761	1.490714
3547956650.651654	98.742039	520.329663	236.831360	107.168639	523.490742	90.315440	517.168585	-0.040686	-0.042498	1.319648	1.495601
3547956651.997608	124.432486	541.527401	199.217415	133.097437	543.960223	115.767535	539.094580	-0.045942	-0.000000	1.314761	1.539589
3547956655.513084	147.869445	541.997897	170.044540	144.376810	533.703230	151.362080	550.292564	-0.051237	-0.047374	1.309873	1.490714
3547956656.213578	158.682295	541.179564	178.955078	157.643288	550.119389	159.721301	532.239739	-0.051237	-0.028057	1.309873	1.510264
3547956656.876046	173.727945	541.261092	178.092453	166.261860	546.286784	181.194030	536.235401	-0.035469	-0.067205	1.324536	1.471163
3547956657.540514	189.982640	540.624196	175.292999	195.329851	533.384905	184.635428	547.863487	-0.035469	-0.062198	1.324536	1.476051
3547956659.573952	241.412764	529.012772	156.931564	242.740515	520.111250	240.085013	537.914293	-0.051237	-0.057224	1.309873	1.480938
3547956660.276445	255.570664	521.883808	150.178772	260.782939	514.546766	250.358389	529.220850	-0.045942	-0.052283	1.314761	1.485826
3547956661.098026	270.969023	511.533524	142.561996	279.325437	514.875730	262.612609	508.191318	-0.040686	-0.062198	1.319648	1.476051
3547956661.788511	284.656794	499.309193	133.738785	275.875877	501.282894	293.437711	497.335493	-0.061947	-0.004602	1.300098	1.534702
3547956662.484002	287.623624	493.707825	82.035812	284.500346	485.267142	290.746902	502.148509	-0.061947	-0.042498	1.300098	1.495601
3547956663.137463	286.936596	492.429717	59.688797	286.923425	501.429708	286.949766	483.429727	-0.051237	-0.037653	1.309873	1.500489
3547956663.855970	282.755936	483.539436	64.171852	273.994577	481.480652	291.517295	485.598220	-0.045942	-0.037653	1.314761	1.500489
3547956665.327008	270.786260	457.840979	64.501671	261.830347	458.730716	279.742172	456.951241	-0.056572	-0.067205	1.304985	1.471163
3547956666.016493	263.346956	442.561831	61.517189	272.053350	440.281762	254.640563	444.841899	-0.025149	-0.057224	1.334311	1.480938
3547956666.709983	255.583904	428.867603	58.246704	246.656661	430.009675	264.511148	427.725530	-0.045942	-0.052283	1.314761	1.485826
3547956668.163009	237.522275	403.248820	51.887630	228.534138	403.710782	246.510411	402.786857	-0.040686	-0.057224	1.319648	1.480938
3547956668.831481	227.554104	391.135606	48.501392	236.386496	392.864437	218.721712	389.406774	-0.035469	-0.018584	1.324536	1.520039
3547956669.510959	216.042976	378.711666	46.168736	208.695350	383.909011	223.390602	373.514321	0.029010	-0.018584	1.388074	1.520039
3547956670.946973	194.814137	357.428235	42.668053	203.519574	355.144514	186.108701	359.711956	0.129712	0.035787	1.500489	1.578690
3547956671.633458	181.907142	346.233584	37.750458	181.445232	337.245445	182.369053	355.221723	0.205763	0.125645	1.598240	1.686217
3547956672.361970	170.053695	337.551018	33.250797	161.365684	339.900161	178.741705	335.201875	0.226797	0.169990	1.627566	1.744868
3547956673.156533	156.705395	329.533631	33.316736	148.191053	332.450132	165.219737	326.617130	0.250399	0.197934	1.661779	1.783969
3547956673.802989	143.269749	321.094654	32.968105	134.271308	320.927106	152.268189	321.262202	0.263454	0.201341	1.681329	1.788856
3547956674.481468	131.346208	312.706376	34.424458	130.152184	321.626819	132.540232	303.785933	0.266671	0.221398	1.686217	1.818182
3547956675.176957	120.722668	306.144361	37.521606	122.311841	297.285775	119.133496	315.002946	0.250399	0.231186	1.661779	1.832845
3547956675.824413	108.404378	296.012861	38.573538	101.499799	290.239925	115.308957	301.785797	0.250399	0.221398	1.661779	1.818182
3547956676.487881	96.702318	286.603138	38.826038	88.574449	282.738201	104.830188	290.468075	0.247087	0.234414	1.656891	1.837732
3547956677.174367	87.735142	279.445312	39.507854	78.988725	281.566677	96.481559	277.323946	0.243755	0.221398	1.652004	1.818182
3547956677.881866	76.958442	269.601930	43.856838	78.084612	260.672666	75.832271	278.531193	0.233641	0.211451	1.637341	1.803519
3547956678.601374	66.725217	258.377753	51.205147	59.458976	253.067221	73.991457	263.688284	0.209322	0.208099	1.603128	1.798631
3547956679.283854	57.961910	244.834615	62.947407	56.924240	235.894635	58.999581	253.774595	0.209322	0.191063	1.603128	1.774194
3547956680.629805	48.026188	216.629272	76.231750	41.363426	210.578850	54.688950	222.679693	0.191306	0.187599	1.578690	1.769306
3547956681.295274	45.148724	200.829198	82.125992	41.277992	192.704087	49.019455	208.954310	0.183943	0.180614	1.568915	1.759531
3547956682.002773	44.614188	185.162781	90.983025	43.508527	194.094607	45.719849	176.230955	0.165126	0.173551	1.544477	1.749756
3547956682.670244	46.828267	169.213283	102.780251	39.821572	174.861842	53.834963	163.564725	0.168937	0.155543	1.549365	1.725318
3547956683.329715	52.603158	153.320238	116.886444	58.032021	160.498500	47.174295	146.141976	0.153548	0.151880	1.529814	1.720430
3547956684.030203	61.400219	139.310029	127.964226	54.691989	145.309999	68.108449	133.310058	0.133749	0.155543	1.505376	1.725318
3547956684.750711	72.996005	127.125075	138.493973	70.648412	118.436646	75.343598	135.813505	0.121558	0.155543	1.490714	1.725318
3547956686.204738	105.510808	110.490256	168.658661	113.021891	105.532069	97.999724	115.448444	0.104925	0.144492	1.471163	1.710655
3547956686.900228	125.743305	109.837312	188.754013	123.443031	101.136235	128.043580	118.538389	0.087845	0.114072	1.451613	1.671554
3547956688.203146	157.123037	124.260446	219.002884	164.220841	118.726805	150.025233	129.794087	0.079131	0.094327	1.441838	1.647116
3547956688.903640	169.240322	137.371868	233.516113	161.486638	132.802363	176.994007	141.941372	0.070298	0.090307	1.432063	1.642229
3547956689.594130	178.033528	154.288676	250.842972	182.224948	146.324255	173.842108	162.253097	0.065836	0.082196	1.427175	1.632454
3547956691.028141	176.922444	192.306597	291.611618	172.168496	199.948585	181.676392	184.664610	0.052265	0.053024	1.412512	1.598240
3547956691.741644	166.789896	208.395331	312.433853	175.682532	209.781336	157.897259	207.009326	0.043061	0.061486	1.402737	1.608016
3547956692.420122	151.386318	220.076255	334.042313	143.654498	215.469851	159.118139	224.682658	0.038410	0.053024	1.397849	1.598240
3547956693.102604	135.256201	225.766445	353.172821	126.550310	223.484459	143.962092	228.048430	0.029010	0.044459	1.388074	1.588465
3547956693.748060	118.040572	225.396222	8.052224	109.216844	227.168741	126.864300	223.623703	0.033727	0.048755	1.392962	1.593353
3547956694.419533	103.397093	220.788301	24.893244	105.532023	212.045185	101.262163	229.531417	0.056820	0.027008	1.417400	1.568915
3547956695.098011	88.985426	210.568234	45.885616	80.478429	213.506093	97.492422	207.630376	0.029010	0.027008	1.388074	1.568915
3547956695.773488	79.451671	196.461319	65.757164	77.520276	205.251638	81.383066	187.671000	0.004922	0.018118	1.363636	1.559140
3547956697.866964	84.494653	145.485579	124.012459	93.465543	146.208858	75.523763	144.762301	-0.000000	0.004573	1.358749	1.544477
3547956698.580468	98.492405	130.978341	144.912430	94.994540	122.685878	101.990270	139.270804	-0.009950	0.027008	1.348974	1.568915
3547956700.586883	152.175748	124.820328	210.135124	149.076283	133.269785	155.275213	116.370872	0.004922	-0.000000	1.363636	1.539589
3547956701.277371	165.865423	137.665863	232.861267	162.498652	129.319316	169.232195	146.012410	-0.004957	-0.004602	1.353861	1.534702
3547956701.949844	174.615873	155.183586	253.430611	166.861561	159.752026	182.370186	150.615147	-0.020046	-0.009233	1.339198	1.529814
3547956703.394865	170.110403	193.999195	302.277206	164.421144	187.025506	175.799661	200.972884	-0.004957	-0.013893	1.353861	1.524927
3547956704.094358	155.804489	208.376726	327.537613	149.273649	202.184140	162.335329	214.569313	-0.009950	0.004573	1.348974	1.544477
3547956704.765832	137.352758	215.195298	352.446930	132.356337	207.709593	142.349178	222.681003	-0.009950	-0.009233	1.348974	1.529814
3547956705.437305	119.581893	215.067989	12.268879	122.220000	206.463317	116.943786	223.672662	-0.014980	0.009116	1.344086	1.549365
3547956706.123792	104.091368	208.841214	30.124044	112.743562	206.363406	95.439173	211.319021	-0.020046	-0.018584	1.339198	1.520039
3547956706.799266	90.823887	197.313922	51.901085	81.842779	197.896769	99.804994	196.731075	-0.030290	-0.052283	1.329423	1.485826
3547956707.514773	82.549333	182.239215	71.378799	75.625134	187.988603	89.473533	176.489827	-0.020046	-0.009233	1.339198	1.529814
3547956708.221271	79.608908	165.019472	89.757668	70.830325	167.003532	88.387490	163.035412	-0.025149	-0.028057	1.334311	1.510264
3547956708.918761	83.162340	146.118892	110.212456	85.447463	154.823961	80.877218	137.413824	-0.025149	-0.023305	1.334311	1.515152
3547956709.685303	92.870709	130.003871	129.667999	99.707124	135.857369	86.034294	124.150374	-0.030290	-0.023305	1.329423	1.515152
3547956711.026250	126.066377	111.128456	174.423561	135.047272	110.542351	117.085481	111.714560	-0.020046	-0.028057	1.339198	1.510264
3547956712.398216	161.861548	124.444746	224.730110	170.810809	123.490424	152.912288	125.399067	-0.030290	-0.028057	1.329423	1.510264
3547956713.077695	171.918608	140.228950	246.786255	163.050227	141.762515	180.786989	138.695386	-0.051237	-0.037653	1.309873	1.500489
3547956718.667640	174.290847	184.911840	272.041504	165.676336	187.517641	182.905358	182.306039	-0.040686	-0.023305	1.319648	1.515152
3547956719.360128	173.657883	205.104407	276.337738	174.756873	196.171758	172.558893	214.037056	-0.020046	-0.047374	1.339198	1.490714
3547956720.075632	170.148258	223.805407	284.345932	161.152807	224.091530	179.143709	223.519283	0.074729	-0.023305	1.436950	1.515152
3547956720.759116	163.828891	242.199687	292.945938	170.144451	248.611684	157.513331	235.787691	0.165126	0.044459	1.544477	1.588465
3547956721.467615	155.708329	258.394598	298.706955	157.984223	267.102083	153.432435	249.687112	0.230229	0.098323	1.632454	1.652004
3547956722.198130	145.356134	272.993571	305.171397	149.164405	281.148145	141.547862	264.838998	0.276209	0.133249	1.700880	1.695992
3547956722.878617	132.387790	287.320505	312.556335	141.383144	287.609658	123.392437	287.031353	0.294802	0.166409	1.730205	1.739980
3547956723.547086	119.337417	301.844656	317.225693	118.661567	310.819244	120.013268	292.870069	0.315711	0.218100	1.764418	1.813294
3547956724.894032	91.988178	319.343966	335.719360	88.227723	327.520701	95.748632	311.167232	0.371220	0.268821	1.862170	1.891496
3547956725.579515	77.576741	324.936108	344.584076	85.106481	320.006299	70.047001	329.865917	0.360590	0.298446	1.842620	1.940371
3547956726.309031	63.488839	328.243353	350.316040	72.485194	327.987255	54.492483	328.499451	0.376452	0.309882	1.871945	1.959922
3547956727.029539	48.474487	329.857655	358.544769	44.943157	321.579388	52.005817	338.135922	0.371220	0.301327	1.862170	1.945259
3547956727.741040	32.429073	329.419563	6.552921	30.030784	320.744991	34.827362	338.094136	0.368584	0.301327	1.857283	1.945259
3547956728.556616	17.529990	326.810370	10.758770	26.278824	328.921746	8.781156	324.698994	0.349731	0.307044	1.823069	1.955034
3547956729.229095	15.782010	327.006166	306.859436	23.435131	322.270162	8.128889	331.742170	0.341433	0.307044	1.808407	1.955034
3547956729.929586	15.434031	325.761598	225.306931	22.414859	320.081102	8.453202	331.442094	0.349731	0.307044	1.823069	1.955034
3547956730.611065	14.145818	325.153789	166.252274	11.900551	333.869223	16.391084	316.438356	0.330157	0.318311	1.788856	1.974585
3547956731.310558	21.010249	321.151997	144.927689	17.386263	312.913870	24.634235	329.390123	0.318633	0.307044	1.769306	1.955034
3547956732.697538	51.111303	306.109349	155.127869	59.466050	309.455719	42.756556	302.762978	0.318633	0.301327	1.769306	1.945259
3547956733.394031	67.187548	297.356175	154.820274	74.136993	303.075022	60.238103	291.637327	0.357897	0.292641	1.837732	1.930596
3547956734.094523	83.404443	288.317047	151.844009	75.608574	283.819888	91.200311	292.814206	0.363268	0.312706	1.847507	1.964809
3547956734.804025	101.878735	279.618905	152.194366	93.012890	278.070749	110.744580	281.167062	0.355189	0.298446	1.832845	1.940371
3547956735.517529	119.442988	270.422422	154.878632	126.714149	275.726214	112.171826	265.118630	0.355189	0.307044	1.832845	1.955034
3547956736.177993	134.949636	261.668846	158.483116	126.075313	260.170046	143.823958	263.167646	0.363268	0.298446	1.847507	1.940371
3547956736.877491	152.894207	256.014460	162.543633	159.469516	249.869112	146.318898	262.159809	0.357897	0.332083	1.837732	1.999022
3547956737.528945	169.845452	251.416175	167.367325	176.683118	257.268211	163.007786	245.564140	0.357897	0.304193	1.837732	1.950147
3547956738.212428	188.163391	248.403637	173.568329	194.497593	254.797218	181.829188	242.010055	0.338637	0.307044	1.803519	1.955034
3547956739.622424	222.950807	247.271909	184.503723	216.187838	253.210111	229.713777	241.333707	0.315711	0.283823	1.764418	1.915934
3547956740.385961	242.414687	250.208443	193.231750	251.412138	249.994242	233.417237	250.422643	0.288674	0.274868	1.720430	1.901271
3547956741.077450	260.067643	254.694024	194.426498	263.172705	246.246622	256.962582	263.141425	0.288674	0.237625	1.720430	1.842620
3547956741.762934	279.923673	259.282734	199.200668	288.546670	261.860316	271.300676	256.705153	0.269868	0.234414	1.691105	1.837732
3547956742.437408	288.723353	261.560565	160.740402	293.188844	269.374616	284.257862	253.746514	0.253691	0.227941	1.666667	1.827957
3547956743.102878	290.193107	259.329110	98.190407	296.655796	265.592787	283.730419	253.065432	0.247087	0.221398	1.656891	1.818182
3547956743.783358	290.229890	260.620748	32.303559	283.249673	254.939500	297.210106	266.301996	0.233641	0.208099	1.637341	1.798631
3547956744.475848	289.935337	261.094067	341.477127	282.580869	266.281725	297.289806	255.906410	0.230229	0.194508	1.632454	1.779081
3547956745.148322	279.028015	265.467318	339.917587	273.757902	258.171709	284.298128	272.762927	0.216376	0.191063	1.612903	1.774194
3547956745.890846	264.949634	268.251473	349.725037	272.562742	273.051534	257.336526	263.451412	0.180227	0.187599	1.564027	1.769306
3547956749.318263	238.263671	269.795116	17.233938	247.254632	270.198373	229.272710	269.391859	0.129712	0.129458	1.500489	1.691105
3547956749.982732	227.130682	265.388429	30.181955	235.624960	262.413999	218.636404	268.362860	0.137760	0.166409	1.510264	1.739980
3547956750.657209	213.889984	256.006748	38.582386	206.934596	250.295131	220.845372	261.718366	0.113297	0.133249	1.480938	1.695992
3547956751.372713	201.617738	244.483076	44.843178	194.791986	238.617148	208.443489	250.349004	0.117441	0.125645	1.485826	1.686217
3547956752.746681	179.791084	214.305084	59.738958	180.229192	223.294414	179.352975	205.315753	0.100698	0.121810	1.466276	1.681329
3547956753.416155	171.327434	197.236539	65.496193	167.193368	205.230880	175.461500	189.242197	0.109125	0.106244	1.476051	1.661779
3547956754.759101	159.495915	159.255072	78.527187	159.382257	168.254355	159.609573	150.255790	0.087845	0.078104	1.451613	1.627566
3547956755.424571	156.824504	139.525879	84.643295	155.215838	148.380945	158.433170	130.670813	0.061344	0.073987	1.422287	1.622678
3547956756.784530	157.802597	101.009636	95.537193	149.156545	98.510479	166.448648	103.508794	0.065836	0.057268	1.427175	1.603128
3547956758.885012	173.993094	40.744228	115.180038	166.146784	45.152791	181.839403	36.335665	0.043061	0.061486	1.402737	1.608016
3547956759.529466	184.984643	20.632299	120.507854	176.855201	16.770671	193.114085	24.493928	0.033727	0.061486	1.392962	1.608016
3547956761.579915	205.222863	18.372143	231.026657	214.158574	17.298334	196.287152	19.445953	0.019477	0.035787	1.378299	1.578690
3547956762.303423	214.212385	32.732817	242.916809	221.853788	37.487704	206.570981	27.977930	0.019477	0.061486	1.378299	1.608016
3547956763.001918	221.219823	49.762775	251.665527	218.234438	41.272341	224.205208	58.253209	0.014660	0.031411	1.373412	1.573803
3547956765.677804	230.757046	131.497758	272.287140	223.034779	136.120159	238.479313	126.875357	0.019477	0.013631	1.378299	1.554252
3547956767.735257	225.762230	197.161410	276.701416	223.611871	188.422076	227.912589	205.900744	0.009808	0.009116	1.368524	1.549365
3547956768.394721	223.037691	217.945242	278.099609	214.058896	218.562692	232.016485	217.327791	-0.004957	0.018118	1.353861	1.559140
3547956769.094215	219.214927	239.486565	282.841461	218.333242	230.529856	220.096612	248.443274	0.004922	0.009116	1.363636	1.549365
3547956769.769692	213.125965	258.999635	290.564514	204.130808	258.704431	222.121123	259.294838	-0.014980	-0.000000	1.344086	1.539589
3547956770.478191	204.150675	277.650857	297.174255	195.536191	280.256746	212.765159	275.044967	-0.009950	-0.004602	1.348974	1.534702
3547956771.158670	194.038307	294.966717	302.804214	185.613577	291.800658	202.463037	298.132776	-0.020046	-0.009233	1.339198	1.529814
3547956771.844155	182.238476	312.029061	308.363525	178.023143	304.077271	186.453808	319.980851	0.024261	0.022577	1.383187	1.564027
3547956772.527638	168.420910	325.262271	315.696198	159.426070	324.957552	177.415750	325.566991	0.096442	0.035787	1.461388	1.578690
3547956773.231133	153.187469	339.523322	320.261276	154.809134	330.670627	151.565805	348.376016	0.137760	0.078104	1.510264	1.627566
3547956773.927626	137.908056	350.965748	327.157547	134.140592	342.792241	141.675520	359.139255	0.165126	0.114072	1.544477	1.671554
3547956774.604103	122.854814	358.545868	337.459656	131.548716	360.873110	114.160911	356.218625	0.176487	0.114072	1.559140	1.671554
3547956778.700996	24.301907	357.153943	17.905041	31.593823	351.878721	17.009991	362.429165	0.273048	0.218100	1.695992	1.813294
3547956779.344447	15.570920	354.969343	339.306091	15.444161	345.970235	15.697678	363.968450	0.279352	0.247157	1.705767	1.857283
3547956780.034934	15.016529	355.725427	269.194458	22.503566	350.731002	7.529492	360.719851	0.288674	0.256538	1.720430	1.871945
3547956780.717415	14.924708	355.672076	207.273056	15.572679	346.695432	14.276737	364.648720	0.276209	0.259633	1.700880	1.876833
3547956781.375881	15.807531	355.151840	142.552658	24.132370	358.571935	7.482691	351.731746	0.300860	0.289717	1.739980	1.925709
3547956782.067369	24.121817	348.091346	141.572220	25.914695	356.910959	22.328938	339.271732	0.306850	0.289717	1.749756	1.925709
3547956782.805890	38.274206	338.190851	147.636826	38.111952	347.189388	38.436459	329.192313	0.300860	0.283823	1.739980	1.915934
3547956783.474359	56.570133	328.782143	155.282852	65.341299	330.798733	47.798966	326.765552	0.309820	0.283823	1.754643	1.915934
3547956784.146834	76.275418	321.205074	160.607315	79.664538	329.542572	72.886298	312.867577	0.303863	0.280853	1.744868	1.911046
3547956784.826315	96.359324	315.003114	164.248245	89.391655	309.306485	103.326994	320.699743	0.291747	0.277868	1.725318	1.906158
3547956786.190278	138.393337	304.935307	166.608673	139.330000	313.886433	137.456674	295.984180	0.276209	0.253428	1.700880	1.867058
3547956786.902779	158.605622	299.284937	167.310226	165.098185	305.517643	152.113059	293.052230	0.266671	0.247157	1.686217	1.857283
3547956787.640300	179.733471	295.865730	170.248367	174.634143	288.449744	184.832799	303.281717	0.256965	0.224679	1.671554	1.823069
3547956788.369818	200.778964	290.560297	170.979279	192.031646	288.442651	209.526282	292.677943	0.237033	0.237625	1.642229	1.842620
3547956789.067308	224.405511	287.630226	172.547226	222.262953	296.371475	226.548069	278.888976	0.212860	0.231186	1.608016	1.832845
3547956789.770802	247.846321	284.717645	171.899536	240.863679	290.395912	254.828963	279.039379	0.205763	0.250300	1.598240	1.862170
3547956790.441277	269.927594	281.779187	172.283966	265.584123	289.661716	274.271065	273.896658	0.216376	0.274868	1.612903	1.901271
3547956791.131763	289.714112	280.434361	185.439255	290.480776	289.401648	288.947449	271.467075	0.205763	0.283823	1.598240	1.915934
3547956794.613220	290.912362	281.630745	357.503967	296.269746	274.398979	285.554979	288.862511	0.205763	0.307044	1.598240	1.955034
3547956795.317715	281.163493	279.042896	17.974236	288.073227	273.276131	274.253759	284.809661	0.240404	0.301327	1.647116	1.945259
3547956795.957168	268.190538	273.222331	31.948064	263.624151	265.466810	272.756924	280.977853	0.291747	0.332083	1.725318	1.999022
3547956796.710697	254.672869	261.782052	47.265043	255.939035	270.692542	253.406702	252.871563	0.344214	0.307044	1.813294	1.955034
3547956797.418199	244.619885	248.919055	60.392792	250.435250	255.787936	238.804520	242.050173	0.324427	0.292641	1.779081	1.930596
3547956798.787167	236.386738	216.747691	88.103485	235.140735	207.834360	237.632740	225.661023	0.352467	0.295551	1.827957	1.935484
3547956799.471647	237.333494	198.524082	97.837616	241.233945	206.634969	233.433043	190.413195	0.338637	0.289717	1.803519	1.925709
3547956800.201164	241.095647	180.567426	106.167648	246.517229	173.383663	235.674066	187.751189	0.332999	0.292641	1.793744	1.930596
3547956800.840615	247.746520	164.286940	116.393539	249.132484	173.179583	246.360557	155.394296	0.312774	0.259633	1.759531	1.876833
3547956801.489069	257.521074	148.193058	123.950211	266.429596	149.472997	248.612553	146.913119	0.306850	0.243996	1.749756	1.852395
3547956802.173553	268.907807	134.500941	133.933746	260.675606	138.138367	277.140008	130.863515	0.321538	0.243996	1.774194	1.852395
3547956804.956515	285.586443	111.479065	31.696699	283.092560	102.831490	288.080326	120.126640	0.237033	0.211451	1.642229	1.803519
3547956805.644001	282.332962	111.224095	4.300156	290.579019	114.830001	274.086906	107.618190	0.230229	0.191063	1.632454	1.774194
3547956806.322480	267.965592	109.405567	9.832320	271.532779	117.668447	264.398406	101.142688	0.212860	0.204729	1.608016	1.793744
3547956807.011967	252.826077	105.370142	17.399315	261.760755	104.287770	243.891399	106.452513	0.198579	0.180614	1.588465	1.759531
3547956807.676434	237.890914	99.864812	23.594696	246.886087	99.570104	228.895740	100.159519	0.202182	0.166409	1.593353	1.739980
3547956808.390938	222.788178	92.312659	30.860415	227.534584	84.665985	218.041772	99.959334	0.180227	0.166409	1.564027	1.739980
3547956809.095435	207.687449	82.053337	38.549892	200.921291	76.118768	214.453607	87.987906	0.168937	0.144492	1.549365	1.710655
3547956810.499427	182.932080	53.942267	58.325123	174.121740	55.780176	191.742420	52.104358	0.149639	0.125645	1.524927	1.686217
3547956811.220941	173.742023	35.858955	68.170010	181.036647	30.587479	166.447399	41.130431	0.117441	0.110169	1.485826	1.666667
3547956811.931436	167.831488	17.139763	76.311031	160.710473	11.636023	174.952502	22.643503	0.125648	0.110169	1.495601	1.666667
3547956816.791865	154.163641	17.748510	331.564087	163.092223	16.616955	145.235058	18.880065	0.070298	0.053024	1.432063	1.598240
3547956817.487358	138.945620	24.604361	338.765167	143.470854	16.824756	134.420385	32.383966	0.038410	0.053024	1.397849	1.598240
3547956818.138816	121.401965	30.460691	346.930664	112.609800	28.537714	130.194129	32.383668	0.043061	0.065678	1.402737	1.612903
3547956818.825299	104.383381	33.226707	354.755768	102.207342	41.959682	106.559420	24.493731	0.047679	0.061486	1.407625	1.608016
3547956820.237300	68.043815	32.033509	9.758367	70.990738	40.537369	65.096892	23.529648	0.038410	0.040137	1.397849	1.583578
3547956820.935791	51.032394	28.019337	17.378168	59.987961	27.126133	42.076826	28.912541	0.033727	0.027008	1.392962	1.568915
3547956821.641288	34.224435	21.369474	24.072525	42.076586	16.971323	26.372285	25.767625	0.024261	0.048755	1.383187	1.593353
3547956825.068705	26.785085	18.593140	235.224655	23.323524	26.900822	30.246647	10.285457	0.009808	0.022577	1.368524	1.564027
3547956825.779206	34.588931	33.209386	247.786423	31.089166	41.501047	38.088696	24.917724	0.009808	0.018118	1.368524	1.559140
3547956826.480700	39.762441	51.081219	259.394135	30.965338	52.981474	48.559545	49.180963	-0.000000	-0.018584	1.358749	1.520039
3547956827.151174	41.395636	72.241721	270.839539	35.859327	65.145998	46.931944	79.337444	-0.009950	-0.000000	1.348974	1.539589
3547956827.870681	38.500425	94.596996	283.264954	34.015897	86.793854	42.984952	102.400137	-0.014980	0.004573	1.344086	1.544477
3547956829.318703	20.544449	136.189604	303.981995	14.393304	142.759491	26.695594	129.619717	-0.009950	-0.004602	1.348974	1.534702
3547956830.665653	12.383242	143.264790	5.466683	18.942039	137.101821	5.824445	149.427758	-0.014980	-0.009233	1.344086	1.529814
3547956831.350136	14.143953	143.877323	42.027424	22.488256	147.249654	5.799651	140.504991	-0.020046	-0.013893	1.339198	1.524927
3547956832.022610	14.524812	144.562292	64.441589	5.531635	144.912663	23.517989	144.211921	-0.020046	-0.009233	1.339198	1.529814
3547956832.723104	15.676660	145.998534	27.386469	8.695124	151.678161	22.658195	140.318907	-0.025149	0.004573	1.334311	1.544477
3547956833.387573	15.108907	145.856893	19.200832	12.012038	137.406485	18.205776	154.307302	-0.030290	0.004573	1.329423	1.544477
3547956834.095074	13.119983	144.714790	39.201973	4.140743	144.103843	22.099222	145.325736	-0.009950	-0.004602	1.348974	1.534702
3547956834.818590	12.538683	143.870760	83.774071	4.736666	148.357243	20.340700	139.384277	-0.025149	-0.028057	1.334311	1.510264
3547956835.503069	13.766197	141.791051	132.695694	7.639338	135.198510	19.893056	148.383592	-0.030290	-0.028057	1.329423	1.510264
3547956836.192552	23.203743	133.814292	144.392258	24.290127	124.880101	22.117359	142.748483	-0.040686	-0.013893	1.319648	1.524927
3547956836.857021	38.620302	125.153238	157.170395	37.804563	116.190283	39.436041	134.116193	-0.035469	-0.018584	1.324536	1.520039
3547956840.299449	139.267310	131.987635	212.670052	146.630984	126.813053	131.903636	137.162218	-0.040686	-0.018584	1.319648	1.520039
3547956840.998943	157.349472	147.455578	227.253418	149.503792	143.045895	165.195152	151.865262	-0.040686	-0.042498	1.319648	1.495601
3547956841.671420	170.809395	166.059815	241.014076	163.823925	171.734601	177.794866	160.385028	-0.040686	-0.032839	1.319648	1.505376
3547956842.345894	180.059965	187.989089	252.598976	171.459898	185.336007	188.660032	190.642171	-0.035469	-0.037653	1.324536	1.500489
3547956843.036384	184.625568	209.925651	263.041656	191.399707	204.000194	177.851429	215.851108	-0.030290	-0.018584	1.329423	1.520039
3547956844.533437	181.548589	253.205494	284.635620	173.009683	256.049276	190.087494	250.361711	0.065836	0.274868	1.427175	1.901271
3547956845.204911	173.836325	271.653685	296.285878	166.381108	266.611885	181.291541	276.695486	0.113297	0.332083	1.480938	1.999022
3547956845.933425	161.423072	288.639822	308.503448	156.139924	281.353646	166.706219	295.925997	0.149639	0.376492	1.524927	2.082111
3547956846.650933	149.181293	303.993837	317.564524	151.526890	312.682805	146.835696	295.304868	0.187636	0.398597	1.573803	2.126100
3547956847.337415	133.960643	314.382693	330.254471	137.359369	322.716279	130.561917	306.049106	0.205763	0.408131	1.598240	2.145650
3547956848.010890	116.956364	322.113082	344.227814	125.732677	320.119005	108.180052	324.107159	0.216376	0.405764	1.612903	2.140762
3547956849.376856	85.445830	325.689478	4.579758	94.366786	326.879658	76.524873	324.499297	0.230229	0.400997	1.632454	2.130987
3547956850.079350	69.288796	323.198503	13.053862	65.073100	315.246905	73.504492	331.150101	0.209322	0.388887	1.603128	2.106549
3547956850.799859	53.148669	317.575601	23.880348	61.696297	314.758146	44.601040	320.393056	0.212860	0.383963	1.608016	2.096774
3547956852.170825	24.918308	300.158076	39.771233	17.025787	304.483363	32.810830	295.832789	0.194954	0.363803	1.583578	2.057674
3547956852.880325	20.823909	294.319416	95.775200	11.832374	293.929154	29.815444	294.709678	0.216376	0.361229	1.612903	2.052786
3547956853.542794	23.487458	291.284324	150.868317	22.841191	282.307557	24.133725	300.261090	0.205763	0.332083	1.598240	1.999022
3547956854.923767	53.465964	285.049496	181.696747	57.903689	277.219643	49.028240	292.879349	0.198579	0.315515	1.588465	1.969697
3547956855.590241	71.151369	287.858132	193.950912	77.779568	281.769866	64.523170	293.946398	0.168937	0.292641	1.549365	1.930596
3547956856.245699	89.015828	294.740649	204.518082	91.800403	303.299044	86.231252	286.182253	0.180227	0.301327	1.564027	1.945259
3547956856.946194	105.873986	304.977140	215.283813	96.906263	305.738679	114.841709	304.215601	0.180227	0.277868	1.564027	1.906158
3547956857.686717	120.056770	316.284303	224.605927	129.055320	316.445828	111.058220	316.122777	0.172724	0.271853	1.554252	1.896383
3547956858.398218	132.989424	331.346099	234.090004	123.997117	331.718155	141.981730	330.974044	0.180227	0.274868	1.564027	1.901271
3547956859.057684	142.922511	347.888011	244.038017	150.525799	343.072411	135.319222	352.703610	0.176487	0.262712	1.559140	1.881720
3547956860.485692	155.970019	384.644131	256.650055	163.345543	379.486453	148.594495	389.801809	0.172724	0.243996	1.554252	1.852395
3547956861.203198	159.410583	403.897944	263.132874	165.616806	397.380061	153.204360	410.415827	0.209322	0.243996	1.603128	1.852395
3547956862.575165	160.015369	442.886745	275.226212	168.509560	439.912066	151.521177	445.861424	0.191306	0.234414	1.578690	1.837732
3547956863.285666	157.228431	460.942031	282.404556	160.219483	452.453591	154.237380	469.430470	0.183943	0.240819	1.568915	1.847507
3547956864.639621	143.799348	494.898468	299.350998	150.847588	500.495102	136.751108	489.301835	0.183943	0.234414	1.568915	1.837732
3547956865.297087	134.624815	509.059452	307.860779	134.762521	500.060506	134.487109	518.058399	0.172724	0.227941	1.554252	1.827957
3547956865.998580	123.651597	521.269638	316.172607	115.518618	525.123810	131.784577	517.415466	0.183943	0.218100	1.568915	1.813294
3547956867.399569	98.400352	539.176777	330.633636	104.642319	545.660437	92.158385	532.693117	0.187636	0.234414	1.573803	1.837732
3547956868.056032	83.669386	545.469577	340.353119	75.813297	541.078464	91.525474	549.860690	0.168937	0.218100	1.549365	1.813294
3547956868.744520	69.371076	549.549152	348.556885	67.938103	558.434341	70.804050	540.663962	0.180227	0.211451	1.564027	1.803519
3547956869.441009	54.361079	551.746393	354.782990	52.423543	560.535361	56.298615	542.957425	0.172724	0.208099	1.554252	1.798631
3547956870.137500	37.942730	551.913402	1.552114	28.944301	551.745268	46.941160	552.081537	0.183943	0.204729	1.568915	1.793744
3547956871.507466	13.739541	546.361274	58.999901	8.008211	553.300428	19.470872	539.422120	0.180227	0.184117	1.564027	1.764418
3547956872.164932	13.612624	542.858266	120.687752	4.923419	540.513546	22.301829	545.202986	0.165126	0.184117	1.544477	1.764418
3547956872.845411	15.477077	541.616387	170.814926	7.194109	538.096097	23.760046	545.136676	0.165126	0.187599	1.544477	1.769306
3547956873.536899	19.417790	543.330957	217.110229	22.422028	551.814738	16.413552	534.847175	0.168937	0.194508	1.549365	1.779081
3547956874.244403	28.499309	551.767834	228.043274	19.844375	554.236056	37.154242	549.299611	0.157432	0.184117	1.534702	1.764418
3547956874.947895	38.009092	565.673283	240.975861	30.811909	571.077037	45.206275	560.269529	0.168937	0.173551	1.549365	1.749756
3547956881.268354	52.919904	571.684195	142.175339	59.399073	577.930824	46.440735	565.437567	0.117441	0.151880	1.485826	1.720430
3547956881.977856	69.774523	561.887143	157.269196	68.078656	553.048363	71.470389	570.725923	0.125648	0.140765	1.495601	1.705767
3547956882.650330	92.278834	555.777550	172.477997	89.536742	564.349652	95.020926	547.205448	0.121558	0.137018	1.490714	1.700880
3547956883.341821	114.839626	555.209708	184.807159	110.159963	562.897409	119.519289	547.522007	0.117441	0.140765	1.485826	1.705767
3547956884.037307	138.762023	559.909402	195.996582	130.316837	556.798320	147.207210	563.020484	0.121558	0.148196	1.490714	1.715543
3547956884.715788	160.201194	568.656438	206.952316	163.646174	560.341865	156.756213	576.971010	0.125648	0.133249	1.495601	1.695992
3547956890.175638	173.088572	573.744830	52.902634	168.738705	581.623831	177.438439	565.865829	0.133749	0.140765	1.505376	1.705767
3547956890.910155	164.412769	559.825211	62.886860	163.917958	550.838824	164.907581	568.811599	0.133749	0.144492	1.505376	1.710655
3547956891.590637	157.768457	540.789943	76.008141	152.613263	533.412683	162.923651	548.167204	0.121558	0.144492	1.490714	1.710655
3547956892.310143	155.169007	520.998473	88.352215	151.767129	512.666173	158.570886	529.330773	0.149639	0.133249	1.524927	1.695992
3547956893.009638	157.691066	499.223118	102.850357	151.097258	505.348614	164.284874	493.097622	0.125648	0.144492	1.495601	1.710655
3547956893.702126	164.304762	480.048415	112.934052	165.767796	471.168126	162.841727	488.928704	0.141745	0.137018	1.515152	1.700880
3547956894.366597	175.459131	459.825130	123.523163	183.037468	464.679901	167.880793	454.970359	0.137760	0.155543	1.510264	1.725318
3547956895.109118	188.556787	443.826447	133.222763	179.945371	441.210436	197.168204	446.442457	0.137760	0.155543	1.510264	1.725318
3547956895.861649	204.694039	430.213156	145.362991	197.934124	424.271478	211.453954	436.154835	0.157432	0.166409	1.534702	1.739980
3547956897.192594	249.391936	412.995309	172.436996	246.300788	421.447812	252.483084	404.542806	0.187636	0.187599	1.573803	1.769306
3547956897.818028	269.678017	412.478850	184.196747	261.436813	416.095832	277.919221	408.861867	0.187636	0.191063	1.573803	1.774194
3547956909.495267	290.190836	413.733341	14.261068	281.259830	414.845603	299.121842	412.621080	0.194954	0.159186	1.583578	1.730205
3547956914.441758	267.004170	407.491386	14.324543	258.161702	409.167920	275.846637	405.814852	0.187636	0.155543	1.573803	1.725318
3547956915.097219	254.392744	403.378871	21.509777	250.225787	411.356118	258.559701	395.401625	0.205763	0.162807	1.598240	1.735093
3547956915.787708	239.745857	397.619455	23.544697	248.744519	397.774680	230.747196	397.464230	0.209322	0.177093	1.603128	1.754643
3547956916.488201	224.085501	390.188738	26.233156	216.062941	386.109702	232.108060	394.267774	0.219871	0.169990	1.617791	1.744868
3547956917.214715	207.429629	381.533989	27.317804	200.074863	386.721224	214.784395	376.346753	0.216376	0.208099	1.612903	1.798631
3547956917.906201	190.673655	372.383244	28.693830	194.339362	380.602891	187.007948	364.163598	0.230229	0.201341	1.632454	1.788856
3547956919.308190	157.045295	351.634805	33.251244	148.358334	353.987825	165.732256	349.281785	0.250399	0.292641	1.661779	1.930596
3547956919.968658	141.471915	341.009396	33.798828	135.280166	347.541030	147.663663	334.477762	0.341433	0.323860	1.808407	1.984360
3547956920.654139	127.678963	330.421175	40.700974	126.425473	339.333456	128.932454	321.508893	0.464257	0.345523	2.052786	2.023460
3547956921.365642	114.409792	317.330691	48.497639	123.235632	319.092664	105.583952	315.568718	0.519157	0.361229	2.184751	2.052786
3547956922.071141	103.872867	305.033406	50.841274	98.972375	297.484553	108.773359	312.582259	0.526731	0.363803	2.204301	2.057674
3547956922.763628	91.538245	290.330380	46.068455	83.707213	294.766023	99.369278	285.894737	0.522961	0.371452	2.194526	2.072336
3547956923.442112	79.232445	277.829918	47.072910	78.773829	286.818225	79.691062	268.841610	0.517242	0.345523	2.179863	2.023460
3547956924.107577	68.559139	265.302465	51.724102	59.615706	264.294990	77.502572	266.309940	0.507538	0.358642	2.155425	2.047898
3547956924.830085	59.508616	252.321928	57.917042	50.692374	250.512543	68.324858	254.131313	0.501609	0.340186	2.140762	2.013685
3547956926.198052	42.385801	222.058776	57.509769	35.007395	216.905222	49.764208	227.212331	0.455518	0.318311	2.033236	1.974585
3547956926.888537	32.739454	206.753391	58.117172	23.739477	206.732764	41.739430	206.774018	0.437525	0.307044	1.994135	1.955034
3547956927.554008	25.084815	193.403637	61.037834	33.861517	195.395997	16.308113	191.411276	0.428261	0.283823	1.974585	1.915934
3547956933.161963	71.321975	166.614560	162.178345	79.658682	163.223494	62.985269	170.005625	0.297839	0.201341	1.735093	1.788856
3547956933.892478	89.318468	159.897591	157.101852	89.118507	150.899812	89.518429	168.895369	0.282477	0.180614	1.710655	1.759531
3547956934.572959	108.531898	151.050765	153.374420	103.723652	158.658706	113.340145	143.442825	0.276209	0.187599	1.700880	1.769306
3547956935.221420	126.725295	139.831535	146.683952	119.296736	144.912530	134.153855	134.750541	0.250399	0.166409	1.661779	1.739980
3547956935.957936	143.056770	127.938678	141.267189	142.118157	136.889600	143.995384	118.987756	0.233641	0.159186	1.637341	1.730205
3547956937.345915	174.264011	99.075425	132.477905	169.706341	91.314778	178.821681	106.836072	0.209322	0.140765	1.603128	1.705767
3547956938.015387	187.793201	83.758353	129.611137	194.285905	89.990912	181.300496	77.525795	0.202182	0.129458	1.593353	1.691105
3547956939.353335	212.334137	47.415111	117.576408	221.090283	49.495956	203.577992	45.334265	0.172724	0.106244	1.554252	1.661779
3547956940.023806	222.064097	27.850010	113.647171	217.361174	20.176516	226.767020	35.523505	0.168937	0.106244	1.549365	1.661779
3547956944.117693	248.041503	19.695180	211.712799	256.512079	22.736452	239.570927	16.653908	0.121558	0.069845	1.490714	1.617791
3547956944.774159	262.790255	30.332427	217.006607	264.900840	39.081452	260.679669	21.583403	0.125648	0.061486	1.495601	1.608016
3547956945.486659	278.338780	42.863140	218.005753	286.838660	45.821526	269.838900	39.904754	0.109125	0.069845	1.476051	1.617791
3547956946.148127	290.441701	50.607408	177.706024	281.632061	52.448669	299.251341	48.766147	0.117441	0.061486	1.485826	1.608016
3547956948.246605	291.238266	50.278717	358.495941	288.115197	41.837956	294.361335	58.719477	0.109125	0.057268	1.476051	1.603128
3547956948.945098	280.283249	51.355249	353.022064	272.018826	47.791640	288.547672	54.918858	0.104925	0.057268	1.471163	1.603128
3547956950.306058	246.349749	53.433640	359.311371	238.063667	49.920687	254.635831	56.946593	0.100698	0.057268	1.466276	1.603128
3547956950.974530	227.463932	53.519647	0.750473	221.326070	46.937349	233.601794	60.101945	0.092158	0.048755	1.456500	1.593353
3547956951.685032	209.252918	53.254571	1.738480	200.379152	54.756662	218.126683	51.752480	0.092158	0.031411	1.456500	1.573803
3547956952.403539	190.560960	53.298899	2.891592	188.334314	62.019109	192.787605	44.578690	0.087845	0.044459	1.451613	1.588465
3547956953.078015	169.001200	52.013026	3.652838	173.404572	59.862250	164.597828	44.163802	0.079131	0.035787	1.441838	1.578690
3547956953.779510	148.148996	50.685102	4.062327	155.313413	56.132223	140.984579	45.237981	0.061344	0.053024	1.422287	1.598240
3547956954.466995	126.904824	49.333025	3.187736	127.319968	58.323445	126.489680	40.342605	0.109125	0.065678	1.476051	1.612903
3547956955.135468	106.190514	48.654247	3.274738	107.385287	57.574590	104.995740	39.733904	0.052265	0.035787	1.412512	1.578690
3547956955.836961	86.559929	47.638713	3.125366	86.413898	56.637528	86.705961	38.639898	0.065836	0.044459	1.427175	1.588465
3547956957.174909	48.014742	46.742614	0.314641	45.229464	38.184447	50.800021	55.300781	0.056820	0.053024	1.417400	1.598240
3547956957.876400	29.330382	46.697302	0.356749	26.187311	38.263969	32.473452	55.130635	0.043061	0.027008	1.402737	1.568915
3547956958.605921	13.283759	47.270870	335.592133	8.516195	54.904371	18.051322	39.637370	0.061344	0.009116	1.422287	1.549365
3547956962.039337	15.213407	74.252304	272.145142	6.914694	77.735314	23.512120	70.769294	0.033727	0.004573	1.392962	1.544477
3547956962.744834	13.585191	94.079948	277.799866	4.824423	92.018651	22.345959	96.141244	0.038410	0.027008	1.397849	1.568915
3547956963.457340	15.876613	100.409461	204.008682	14.134124	109.239168	17.619101	91.579753	0.019477	0.018118	1.378299	1.559140
3547956964.252900	19.927457	99.397057	153.177475	13.723479	105.917077	26.131436	92.877038	0.029010	0.009116	1.388074	1.549365
3547956965.053464	32.290525	91.867602	147.565247	31.485130	100.831493	33.095919	82.903711	0.019477	0.031411	1.378299	1.573803
3547956965.746952	52.179509	80.453848	151.505157	46.321814	73.621029	58.037204	87.286666	0.019477	0.004573	1.378299	1.544477
3547956966.407419	72.531194	69.766860	152.182434	63.684453	68.113025	81.377936	71.420694	0.014660	0.004573	1.373412	1.544477
3547956967.760373	115.004115	47.572104	152.641846	106.341317	50.012578	123.666914	45.131629	-0.000000	-0.000000	1.358749	1.539589
3547956968.436849	135.067983	37.723475	155.848557	143.553615	34.724466	126.582352	40.722485	0.014660	-0.009233	1.373412	1.529814
3547956969.201390	155.703504	29.311826	158.077576	148.140283	24.433537	163.266724	34.190114	0.009808	-0.013893	1.368524	1.524927
3547956969.941912	180.017573	21.394823	162.930969	183.784528	13.221082	176.250618	29.568565	-0.014980	-0.028057	1.344086	1.510264
3547956975.506839	227.765051	24.859452	286.357178	231.859041	32.874391	223.671060	16.844514	0.004922	-0.009233	1.363636	1.529814
3547956976.278381	222.213694	41.120516	289.940063	215.088655	35.621988	229.338733	46.619044	-0.009950	-0.013893	1.348974	1.524927
3547956977.741418	205.677082	78.384974	296.116455	199.178727	72.158307	212.175437	84.611641	0.009808	0.031411	1.368524	1.573803
3547956978.436907	195.936545	98.071200	295.817963	191.556677	90.208836	200.316413	105.933563	0.009808	-0.000000	1.368524	1.539589
3547956979.880923	177.266763	139.487162	295.761154	173.340369	131.388803	181.193157	147.585522	0.009808	0.022577	1.368524	1.564027
3547956980.559403	166.779455	161.183540	295.039200	169.184458	152.510826	164.374452	169.856253	0.009808	-0.013893	1.368524	1.524927
3547956981.230876	156.628421	182.556331	295.765747	152.664874	174.476090	160.591968	190.636572	0.024261	-0.000000	1.383187	1.539589
3547956981.977402	147.236207	200.666619	298.900345	151.143137	208.774387	143.329276	192.558852	0.019477	-0.004602	1.378299	1.534702
3547956982.752950	134.280736	221.784132	302.949112	125.487141	219.867706	143.074331	223.700558	0.004922	0.004573	1.363636	1.544477
3547956983.409414	121.234927	242.220654	303.936401	114.790735	248.503360	127.679118	235.937948	0.004922	-0.000000	1.363636	1.539589
3547956984.184960	108.665095	260.479089	305.744507	116.286675	265.265687	101.043516	255.692490	-0.009950	-0.009233	1.348974	1.529814
3547956984.876449	95.342146	277.852924	308.227417	92.244765	269.402703	98.439526	286.303145	0.014660	-0.000000	1.373412	1.539589
3547956985.579944	81.196646	293.516703	310.963287	80.707419	302.503396	81.685873	284.530009	-0.004957	-0.000000	1.353861	1.539589
3547956986.903878	55.937081	319.767267	314.411713	53.689112	311.052530	58.185051	328.482003	-0.025149	-0.004602	1.334311	1.534702
3547956987.657411	43.452686	331.915937	317.383789	44.198211	340.885006	42.707162	322.946869	-0.009950	-0.023305	1.348974	1.515152
3547956988.310872	28.864300	344.485697	322.264191	20.146194	346.720561	37.582407	342.250833	-0.025149	-0.000000	1.334311	1.539589
3547956989.000359	16.752506	353.385342	306.371765	25.732625	352.787450	7.772388	353.983234	0.019477	-0.000000	1.378299	1.539589
3547956989.716863	16.306355	355.066996	236.140305	20.784957	362.873540	11.827754	347.260453	-0.009950	-0.004602	1.348974	1.534702
3547956990.445378	22.748783	358.106727	205.873383	31.704658	357.216611	13.792909	358.996844	-0.009950	-0.037653	1.348974	1.500489
3547956991.820347	58.261642	375.991363	204.621368	61.913776	384.217050	54.609509	367.765677	-0.000000	0.004573	1.358749	1.544477
3547956992.535852	79.693328	386.210626	206.629105	85.600749	379.420753	73.785907	393.000499	-0.004957	0.009116	1.353861	1.549365
3547956993.214331	101.929041	398.375711	209.293930	93.564461	401.697428	110.293621	395.053994	-0.004957	-0.004602	1.353861	1.534702
3547956993.925835	123.584654	411.225644	210.807060	126.418764	419.767764	120.750544	402.683523	-0.014980	-0.013893	1.344086	1.524927
3547956995.377857	167.230410	437.931780	210.133713	164.119023	446.376853	170.341798	429.486706	-0.004957	0.027008	1.353861	1.568915
3547956996.075349	192.111685	451.679717	206.968094	195.425058	443.311829	188.798312	460.047606	-0.000000	-0.013893	1.358749	1.524927
3547956996.744821	214.628196	462.536156	203.887772	211.833423	471.091227	217.422969	453.981085	0.004922	0.009116	1.363636	1.549365
3547956998.778255	284.857267	491.113833	204.192307	284.756326	500.113267	284.958209	482.114399	0.061344	0.031411	1.422287	1.573803
3547957001.730340	287.134035	491.571054	26.856470	278.239077	492.942088	296.028992	490.200020	0.125648	0.106244	1.495601	1.661779
3547957002.371795	273.299204	484.098324	29.672411	282.165294	485.645080	264.433115	482.551568	0.149639	0.110169	1.524927	1.666667
3547957003.737755	246.163934	467.208765	36.449776	254.702910	464.365195	237.624958	470.052336	0.180227	0.155543	1.564027	1.725318
3547957004.436250	232.532729	455.571879	42.456158	241.523756	455.170101	223.541701	455.973657	0.187636	0.151880	1.573803	1.720430
3547957005.164761	218.836821	442.183063	44.359085	215.525400	433.814402	222.148241	450.551725	0.209322	0.162807	1.603128	1.735093
3547957005.840238	204.616476	428.074683	42.823521	212.863300	424.470535	196.369652	431.678832	0.209322	0.144492	1.603128	1.710655
3547957006.524721	189.037775	413.318988	42.241127	197.907468	414.844945	180.168082	411.793031	0.205763	0.148196	1.598240	1.715543
3547957007.198198	174.485508	400.029047	41.025433	176.138622	408.875923	172.832395	391.182170	0.209322	0.151880	1.603128	1.720430
3547957007.864667	158.755183	386.503257	39.574743	150.170115	389.204480	167.340251	383.802034	0.202182	0.144492	1.593353	1.710655
3547957008.545147	143.790193	374.526931	36.446146	152.339434	371.714373	135.240952	377.339489	0.198579	0.137018	1.588465	1.700880
3547957009.919116	114.592189	354.731527	32.666050	106.050977	351.894680	123.133401	357.568374	0.180227	0.133249	1.564027	1.695992
3547957010.612605	100.347847	345.627355	32.295261	93.415013	339.888382	107.280682	351.366328	0.183943	0.110169	1.568915	1.666667
3547957011.332114	84.582003	335.447240	32.997227	75.582500	335.541773	93.581507	335.352707	0.161291	0.114072	1.539589	1.671554
3547957012.053622	69.393070	325.309375	34.776917	71.351843	334.093634	67.434297	316.525116	0.165126	0.110169	1.544477	1.666667
3547957013.406575	36.640144	301.957375	35.947407	45.493270	303.576687	27.787019	300.338063	0.141745	0.121810	1.515152	1.681329
3547957014.096063	19.632000	288.844521	35.911697	28.421669	290.778873	10.842331	286.910169	0.125648	0.106244	1.495601	1.661779
3547957014.774545	14.568854	286.915113	324.399841	21.123308	293.082700	8.014400	280.747526	0.129712	0.098323	1.500489	1.652004
3547957015.445018	14.792466	286.773113	252.378723	6.979793	282.305211	22.605138	291.241015	0.145704	0.086264	1.520039	1.637341
3547957016.129498	14.094309	286.223035	187.696564	20.544212	279.946193	7.644406	292.499878	0.117441	0.061486	1.485826	1.608016
3547957016.843006	17.636689	283.816072	144.723541	15.758093	275.014318	19.515286	292.617826	0.113297	0.069845	1.480938	1.617791
3547957017.564510	31.258011	276.208751	147.094315	26.473217	283.831463	36.042805	268.586038	0.100698	0.082196	1.466276	1.632454
3547957018.268005	48.841866	265.277937	150.269562	53.367460	257.498541	44.316272	273.057333	0.079131	0.073987	1.441838	1.622678
3547957018.923470	69.564574	253.275460	150.687653	70.541797	244.328670	68.587352	262.222249	0.087845	0.098323	1.451613	1.652004
3547957019.603949	90.260159	241.557025	151.308746	85.848518	233.712446	94.671800	249.401604	0.047679	0.053024	1.407625	1.598240
3547957021.040962	131.828134	218.562234	151.966156	123.542402	215.048454	140.113866	222.076013	0.070298	0.031411	1.432063	1.573803
3547957021.738455	153.091891	206.647193	149.112938	162.034782	207.659464	144.148999	205.634921	0.070298	0.022577	1.432063	1.564027
3547957022.399921	174.281417	193.049010	144.831787	171.462921	184.501725	177.099912	201.596295	0.052265	0.069845	1.412512	1.617791
3547957023.820924	210.160724	162.917533	137.012482	218.605156	159.804404	201.716292	166.030662	0.052265	0.040137	1.412512	1.583578
3547957024.528425	227.188578	146.058807	133.063293	219.101834	142.108543	235.275321	150.009070	0.047679	0.027008	1.407625	1.568915
3547957025.220911	244.051113	127.479285	130.861038	252.013426	123.283863	236.088799	131.674707	0.047679	0.009116	1.407625	1.549365
3547957025.935414	259.616300	109.175492	129.007385	261.422724	117.992342	257.809876	100.358643	0.047679	0.040137	1.407625	1.583578
3547957026.656924	275.588296	91.152167	133.094208	267.383316	87.453747	283.793276	94.850586	0.047679	0.031411	1.407625	1.573803
3547957027.318390	288.908712	76.271410	105.253662	297.908234	76.178638	279.909190	76.364182	0.024261	0.031411	1.383187	1.573803
3547957027.978858	287.785859	72.381287	26.300299	279.507705	68.849692	296.064013	75.912882	0.038410	0.022577	1.397849	1.564027
3547957028.701367	281.542249	71.810666	4.728229	290.541120	71.668111	272.543378	71.953221	0.043061	0.040137	1.402737	1.583578
3547957029.390853	266.063780	70.092154	7.645102	257.259406	68.225878	274.868155	71.958430	0.038410	0.027008	1.397849	1.568915
3547957031.507346	210.532268	57.112834	15.827208	211.602925	66.048924	209.461611	48.176745	0.024261	0.027008	1.383187	1.568915
3547957032.190828	192.625796	50.949724	20.145779	183.962928	48.509495	201.288664	53.389953	0.029010	0.027008	1.388074	1.568915
3547957032.866304	174.059750	43.295979	24.429996	179.876581	36.428339	168.242919	50.163619	0.014660	0.027008	1.373412	1.568915
3547957033.531774	155.144956	33.819258	27.173389	147.120238	37.894046	163.169674	29.744470	0.029010	0.022577	1.388074	1.564027
3547957034.215262	137.462625	24.535212	28.652620	140.786583	32.898902	134.138668	16.171523	0.009808	0.009116	1.368524	1.549365
3547957036.947186	112.313676	26.425738	270.549164	109.040722	18.041957	115.586630	34.809518	0.009808	0.009116	1.368524	1.549365
3547957037.646678	111.039431	45.780319	276.073547	114.432856	37.444573	107.646006	54.116065	0.029010	0.009116	1.388074	1.549365
3547957038.980618	102.393183	86.511510	286.761139	109.308036	92.272137	95.478331	80.750883	0.019477	0.009116	1.378299	1.549365
3547957039.700128	95.007071	106.120352	293.838074	103.962860	105.229368	86.051283	107.011336	0.019477	0.004573	1.378299	1.544477
3547957041.135138	69.540003	141.252534	317.477875	71.124847	150.111894	67.955159	132.393173	-0.004957	-0.000000	1.353861	1.539589
3547957041.822624	51.462307	154.699884	329.995361	52.612348	163.626104	50.312266	145.773664	-0.004957	0.004573	1.353861	1.544477
3547957042.508107	32.221535	163.661223	340.156677	25.373601	157.821207	39.069470	169.501240	0.038410	0.009116	1.397849	1.549365
3547957043.213607	14.254343	168.529535	5.604252	19.906013	161.525349	8.602672	175.533721	0.004922	-0.004602	1.363636	1.534702
3547957044.613595	13.743819	168.568970	15.054701	8.273796	175.715917	19.213843	161.422023	-0.009950	-0.004602	1.348974	1.534702
3547957045.326094	18.065172	168.260341	335.426666	12.105394	175.004305	24.024950	161.516377	-0.000000	-0.018584	1.358749	1.520039
3547957045.990566	20.457844	165.918791	284.289673	11.460537	165.698652	29.455151	166.138930	-0.009950	-0.004602	1.348974	1.534702
3547957046.664039	20.930629	165.033029	218.276672	29.912193	165.608789	11.949064	164.457268	0.009808	-0.009233	1.368524	1.529814
3547957048.083040	45.414277	182.954586	220.915985	37.819236	178.125989	53.009318	187.783183	-0.009950	-0.009233	1.348974	1.529814
3547957048.761520	60.797286	197.973616	225.761749	64.573010	189.803921	57.021563	206.143311	-0.025149	-0.013893	1.334311	1.524927
3547957049.407976	75.997960	213.674255	226.264404	75.370869	204.696128	76.625050	222.652382	-0.004957	-0.047374	1.353861	1.490714
3547957050.823974	109.192081	246.320776	225.370544	115.797675	240.207992	102.586487	252.433560	-0.025149	-0.013893	1.334311	1.524927
3547957051.531472	124.719393	260.979825	226.073191	125.810023	252.046152	123.628762	269.913499	-0.020046	-0.018584	1.339198	1.520039
3547957052.295011	140.650368	278.113356	227.741811	131.652886	277.900469	149.647849	278.326242	-0.020046	0.022577	1.339198	1.564027
3547957052.968487	156.690460	297.293662	231.222752	165.245697	294.499396	148.135223	300.087927	-0.030290	0.004573	1.329423	1.544477
3547957053.702005	171.359361	314.961291	230.426811	179.341281	319.119290	163.377441	310.803292	-0.035469	0.022577	1.324536	1.564027
3547957054.399496	185.688941	332.104122	231.182220	194.350376	329.658810	177.027507	334.549434	-0.025149	0.117952	1.334311	1.676442
3547957055.111999	200.737124	351.234733	231.399475	208.667867	346.979935	192.806381	355.489532	-0.014980	0.180614	1.344086	1.759531
3547957056.507984	224.711009	389.934867	243.728943	233.418815	387.660198	216.003203	392.209536	0.070298	0.309882	1.432063	1.959922
3547957057.180458	234.172170	411.618061	249.058868	241.068792	417.400500	227.275548	405.835621	0.125648	0.337498	1.495601	2.008798
3547957058.660504	243.082359	453.990937	268.754913	251.982984	452.657195	234.181734	455.324679	0.176487	0.378994	1.559140	2.086999
3547957060.113527	234.637547	498.598425	293.043518	241.547753	504.364624	227.727341	492.832226	0.191306	0.371452	1.578690	2.072336
3547957060.762985	223.495694	517.106551	309.563171	214.556486	518.150849	232.434902	516.062254	0.202182	0.356044	1.593353	2.043011
3547957062.862467	178.950539	546.147183	343.544312	187.014676	550.143393	170.886402	542.150972	0.205763	0.326615	1.598240	1.989247
3547957063.532939	161.678713	549.011920	353.658752	152.914853	551.060027	170.442574	546.963812	0.198579	0.340186	1.588465	2.013685
3547957064.221425	145.312205	549.238169	3.940115	151.759136	555.518065	138.865275	542.958274	0.194954	0.323860	1.583578	1.984360
3547957064.905909	128.579209	546.560279	14.093421	119.587819	546.166687	137.570598	546.953872	0.194954	0.298446	1.583578	1.940371
3547957065.652437	113.251432	540.913319	22.917427	120.445938	546.320637	106.056926	535.506002	0.183943	0.309882	1.568915	1.959922
3547957066.968367	83.773904	520.211983	46.661472	79.758887	528.266773	87.788921	512.157193	0.180227	0.318311	1.564027	1.974585
3547957067.673861	73.244720	505.819201	58.640388	65.438485	510.298340	81.050956	501.340062	0.180227	0.280853	1.564027	1.911046
3547957068.332326	64.860407	488.147070	69.471481	61.719920	479.712774	68.000894	496.581365	0.176487	0.274868	1.559140	1.901271
3547957069.031821	59.017177	467.972023	77.752342	52.640019	474.322759	65.394336	461.621287	0.168937	0.256538	1.549365	1.871945
3547957069.744323	56.737892	447.778594	88.504837	52.108795	440.060339	61.366990	455.496849	0.176487	0.234414	1.559140	1.837732
3547957070.409793	58.283037	427.036954	98.844559	67.222958	428.075127	49.343115	425.998782	0.161291	0.234414	1.539589	1.837732
3547957071.104282	63.513522	404.598193	106.842957	63.254301	395.601927	63.772743	413.594459	0.141745	0.237625	1.515152	1.842620
3547957071.797771	71.789959	385.737436	119.030235	74.878454	377.283963	68.701465	394.190909	0.157432	0.214785	1.534702	1.808407
3547957072.533288	84.094086	369.843630	135.426773	87.080948	378.333545	81.107225	361.353715	0.141745	0.204729	1.515152	1.793744
3547957073.205771	101.275838	357.854565	155.952835	109.403209	353.988580	93.148467	361.720551	0.137760	0.208099	1.510264	1.798631
3547957073.905260	120.497995	352.913459	176.592758	114.954600	345.823271	126.041391	360.003646	0.113297	0.187599	1.480938	1.769306
3547957074.619762	140.126150	354.455268	187.928192	144.962872	346.865398	135.289428	362.045137	0.133749	0.187599	1.505376	1.769306
3547957075.288233	159.774530	358.494384	197.485817	155.985753	366.658033	163.563307	350.330735	0.129712	0.166409	1.500489	1.739980
3547957076.693224	191.666650	381.455463	237.105240	200.634153	382.219592	182.699147	380.691335	0.092158	0.166409	1.456500	1.739980
3547957077.459770	198.859027	399.854160	259.583374	190.576434	403.375333	207.141620	396.332988	0.113297	0.137018	1.480938	1.700880
3547957078.836737	190.388650	439.105951	304.637299	189.515327	448.063479	191.261972	430.148423	0.079131	0.133249	1.441838	1.695992
3547957079.568252	176.721671	452.374567	327.394684	171.139517	445.314853	182.303826	459.434280	0.096442	0.133249	1.461388	1.695992
3547957080.257740	157.148169	459.679806	349.918793	165.543053	462.924174	148.753285	456.435438	0.083503	0.137018	1.446725	1.700880
3547957080.894188	138.381468	459.691689	8.386912	130.629570	464.264224	146.133366	455.119155	0.074729	0.125645	1.436950	1.686217
3547957081.622709	122.002326	454.520866	25.823466	116.268460	447.583808	127.736192	461.457925	0.083503	0.114072	1.446725	1.671554
3547957082.281169	106.920203	444.128182	42.483139	115.897118	443.483990	97.943287	444.772375	0.083503	0.121810	1.446725	1.681329
3547957082.998672	95.765999	430.756901	57.693115	87.571663	427.034958	103.960334	434.478844	0.083503	0.094327	1.446725	1.647116
3547957083.712176	88.318501	413.719914	74.719788	93.966687	406.712918	82.670315	420.726910	0.070298	0.125645	1.432063	1.686217
3547957084.414672	86.396977	394.759177	92.226463	94.498964	398.678080	78.294990	390.840274	0.079131	0.110169	1.441838	1.666667
3547957085.152193	90.054878	377.113979	109.028465	82.854973	382.514106	97.254783	371.713852	0.083503	0.106244	1.446725	1.661779
3547957086.501144	114.717315	347.001056	151.687088	107.720042	341.340829	121.714588	352.661283	0.070298	0.090307	1.432063	1.642229
3547957087.214646	133.264415	340.315394	173.760147	140.701342	345.384134	125.827488	335.246654	0.079131	0.098323	1.441838	1.652004
3547957087.903132	154.576347	342.920824	195.740158	147.196334	337.769571	161.956360	348.072077	0.056820	0.098323	1.417400	1.652004
3547957088.626643	172.476182	350.853812	213.947281	169.653795	342.307811	175.298570	359.399813	0.065836	0.086264	1.427175	1.637341
3547957090.063660	204.181989	384.754135	237.078110	213.125463	385.761242	195.238514	383.747028	0.070298	0.094327	1.432063	1.647116
3547957090.766152	214.904247	404.666809	246.143356	206.886938	400.577462	222.921556	408.756156	0.065836	0.102295	1.427175	1.656891
3547957092.145126	230.230147	446.278130	254.634567	231.713410	455.155062	228.746884	437.401197	0.070298	0.106244	1.432063	1.661779
3547957092.835614	234.353957	466.680681	261.533875	240.694239	473.068233	228.013674	460.293129	0.079131	0.094327	1.441838	1.647116
3547957093.536107	234.927457	487.691314	275.617798	241.643377	481.699952	228.211536	493.682675	0.079131	0.106244	1.441838	1.661779
3547957094.210582	229.550419	506.553133	295.214600	230.405118	497.593809	228.695721	515.512458	0.074729	0.121810	1.436950	1.681329
3547957094.977124	218.553488	521.805355	315.749023	209.555106	521.976000	227.551870	521.634709	0.061344	0.110169	1.422287	1.666667
3547957098.529630	135.279303	522.500211	39.457602	126.437368	524.179551	144.121239	520.820872	0.083503	0.110169	1.446725	1.666667
3547957099.226124	123.058365	508.967784	56.589247	122.693255	499.975193	123.423476	517.960375	0.096442	0.106244	1.461388	1.661779
3547957099.932621	115.480572	491.293717	75.013123	118.861448	482.952873	112.099697	499.634561	0.092158	0.121810	1.456500	1.681329
3547957101.309591	118.792082	453.961138	116.903450	124.342227	461.046044	113.241937	446.876232	0.104925	0.129458	1.471163	1.691105
3547957102.018092	130.835821	438.269525	137.038475	139.196489	434.937974	122.475154	441.601077	0.109125	0.133249	1.476051	1.695992
3547957102.732603	147.381912	426.868128	152.736069	138.987147	430.112806	155.776676	423.623451	0.109125	0.106244	1.476051	1.661779
3547957105.470526	230.633040	425.953888	197.136902	224.281583	432.330328	236.984498	419.577448	0.104925	0.121810	1.471163	1.681329
3547957106.155011	250.911941	434.923370	209.617477	244.037449	440.732101	257.786433	429.114638	0.121558	0.121810	1.490714	1.681329
3547957106.899536	269.073648	448.169640	219.599106	271.839566	439.605196	266.307730	456.734083	0.149639	0.133249	1.524927	1.695992
3547957107.614038	286.603152	464.726472	226.826645	281.286505	457.464704	291.919799	471.988239	0.180227	0.191063	1.564027	1.774194
3547957108.279512	287.860690	470.747845	300.575287	295.518373	466.019219	280.203007	475.476470	0.219871	0.227941	1.617791	1.827957
3547957110.373985	256.716059	471.108654	8.946520	252.573959	479.098835	260.858160	463.118472	0.276209	0.283823	1.700880	1.915934
3547957111.048462	239.578062	466.358754	21.958843	239.287364	475.354058	239.868759	457.363450	0.294802	0.295551	1.730205	1.935484
3547957111.778983	224.327826	458.104874	33.269531	215.685346	460.616356	232.970305	455.593391	0.285585	0.289717	1.715543	1.925709
3547957112.521505	210.617822	447.015430	41.399792	215.391536	454.645086	205.844109	439.385773	0.297839	0.292641	1.735093	1.930596
3547957113.198978	197.358498	433.464609	47.302982	198.961729	442.320661	195.755268	424.608558	0.294802	0.301327	1.730205	1.945259
3547957114.636995	174.928828	402.259429	59.441147	172.709923	410.981611	177.147733	393.537247	0.279352	0.292641	1.705767	1.930596
3547957115.308467	166.195036	384.594055	65.800056	164.642340	393.459106	167.747732	375.729003	0.273048	0.292641	1.695992	1.930596
3547957116.657419	157.931014	347.749019	88.863590	150.886693	342.147454	164.975336	353.350585	0.243755	0.262712	1.652004	1.881720
3547957117.332896	159.368700	329.566475	98.781254	168.225036	331.168131	150.512363	327.964819	0.233641	0.259633	1.637341	1.876833
3547957118.001367	164.239994	312.407153	105.330383	173.205932	311.624877	155.274056	313.189430	0.216376	0.256538	1.612903	1.871945
3547957118.735885	171.246308	291.676139	112.230962	178.104177	285.847791	164.388440	297.504487	0.205763	0.240819	1.598240	1.847507
3547957119.406361	181.378214	272.910125	126.390711	175.396498	266.185612	187.359930	279.634638	0.219871	0.227941	1.617791	1.827957
3547957120.077833	195.676614	258.388121	143.271027	204.195183	255.483990	187.158044	261.292252	0.282477	0.262712	1.710655	1.881720
3547957120.774324	212.750027	248.166144	155.586365	221.722993	247.469087	203.777062	248.863201	0.318633	0.298446	1.769306	1.940371
3547957121.476819	231.183764	241.418716	165.327011	222.871254	244.868668	239.496275	237.968765	0.349731	0.307044	1.823069	1.955034
3547957122.245364	252.335230	237.284301	173.280792	256.596223	245.211718	248.074237	229.356884	0.357897	0.312706	1.837732	1.964809
3547957123.644349	279.835015	240.651186	196.491333	270.925336	241.923044	288.744694	239.379329	0.360590	0.321092	1.842620	1.979472
3547957124.437909	279.841199	240.651316	196.463409	270.899483	241.673920	288.782915	239.628712	0.338637	0.323860	1.803519	1.984360
3547957125.153414	279.843540	240.654145	196.554459	271.031840	242.485525	288.655239	238.822765	0.349731	0.326615	1.823069	1.989247
3547957125.859912	279.842911	240.658424	196.492950	270.935301	241.944691	288.750521	239.372158	0.335826	0.332083	1.798631	1.999022
3547957126.567411	279.851610	240.657993	196.540405	271.015045	242.365363	288.688176	238.950624	0.338637	0.332083	1.803519	1.999022
3547957127.258898	279.841059	240.661081	196.403107	270.853968	241.142943	288.828150	240.179219	0.335826	0.323860	1.798631	1.984360
3547957127.931373	279.837548	240.656098	196.411041	270.854563	241.209253	288.820533	240.102943	0.309820	0.332083	1.754643	1.999022
3547957128.657885	279.845042	240.657706	196.527161	270.986639	242.247892	288.703445	239.067520	0.324427	0.345523	1.779081	2.023460
3547957129.381395	279.842125	240.653757	196.558487	271.037875	242.520618	288.646376	238.786896	0.294802	0.323860	1.730205	1.984360
3547957130.089896	279.834841	240.652393	196.506927	270.946078	242.063032	288.723603	239.241754	0.294802	0.323860	1.730205	1.984360
3547957130.772377	279.837706	240.659415	196.440857	270.875203	241.480118	288.800208	239.838712	0.306850	0.326615	1.749756	1.989247
3547957131.444853	279.850666	240.658726	196.322250	270.854017	240.413142	288.847315	240.904310	0.291747	0.298446	1.725318	1.940371
3547957132.131335	279.842055	240.659832	196.462830	270.899748	241.677251	288.784362	239.642413	0.276209	0.315515	1.700880	1.969697
3547957132.818821	279.842631	240.655021	196.531464	270.991153	242.283309	288.694110	239.026732	0.294802	0.292641	1.730205	1.930596
3547957133.486293	279.846859	240.658453	196.539505	271.008760	242.357866	288.684958	238.959040	0.279352	0.301327	1.705767	1.945259
3547957134.171783	279.834806	240.657175	196.529495	270.980140	242.268037	288.689473	239.046313	0.282477	0.301327	1.710655	1.945259
3547957134.877275	279.841881	240.661813	196.476105	270.913868	241.797850	288.769894	239.525777	0.273048	0.298446	1.695992	1.940371
3547957135.549747	279.839312	240.666754	196.443085	270.878661	241.507421	288.799964	239.826086	0.269868	0.292641	1.691105	1.930596
3547957136.898699	286.360492	244.071982	238.922974	284.909465	235.189724	287.811518	252.954241	0.269868	0.274868	1.691105	1.901271
3547957137.574177	287.032754	247.868458	276.281647	288.630797	239.011469	285.434711	256.725448	0.266671	0.268821	1.686217	1.891496
3547957138.322703	285.743901	250.914652	306.445374	294.655732	249.657963	276.832069	252.171340	0.263454	0.265775	1.681329	1.886608
3547957139.019197	281.253832	253.582092	343.520691	289.221335	257.767650	273.286329	249.396534	0.247087	0.286777	1.656891	1.920821
3547957140.408175	251.897156	254.918915	3.466816	254.772842	263.447128	249.021471	246.390701	0.243755	0.262712	1.652004	1.881720
3547957141.107668	233.637372	253.124728	358.289276	232.312779	244.222737	234.961965	262.026720	0.226797	0.234414	1.627566	1.837732
3547957141.813169	214.356704	257.360631	339.621521	211.444452	248.844835	217.268956	265.876428	0.243755	0.250300	1.652004	1.862170
3547957142.535676	198.416928	262.685191	337.882904	207.299533	261.236280	189.534324	264.134103	0.226797	0.247157	1.627566	1.857283
3547957143.215155	179.897819	270.519590	341.813426	174.667231	277.843589	185.128407	263.195592	0.230229	0.289717	1.632454	1.925709
3547957143.936664	163.317724	274.490911	351.005692	170.095175	268.569243	156.540272	280.412579	0.219871	0.366365	1.617791	2.062561
3547957144.656171	146.063080	275.403455	1.971435	137.775771	278.913514	154.350388	271.893396	0.209322	0.408131	1.603128	2.145650
3547957145.334651	127.845923	272.490214	14.173431	118.851841	272.816523	136.840006	272.163906	0.194954	0.410487	1.583578	2.150538
3547957146.068169	110.566600	267.470263	26.094568	103.184458	262.322062	117.948743	272.618464	0.191306	0.424403	1.578690	2.179863
3547957146.760656	94.911543	257.426634	38.661716	87.525400	252.284175	102.297686	262.569093	0.194954	0.412833	1.583578	2.155425
3547957147.458148	81.985132	244.936692	48.658287	90.979170	245.264211	72.991093	244.609173	0.183943	0.410487	1.568915	2.150538
3547957148.913177	61.743738	213.437402	66.425720	65.676850	221.532501	57.810626	205.342303	0.153548	0.378994	1.529814	2.086999
3547957149.629679	55.453703	193.852097	76.608994	47.030715	190.681406	63.876690	197.022788	0.149639	0.373978	1.524927	2.077224
3547957150.986638	54.172256	154.204277	98.353928	61.568417	159.332318	46.776095	149.076236	0.121558	0.345523	1.490714	2.023460
3547957151.661114	59.238823	135.047874	108.983505	51.803485	140.118945	66.674160	129.976803	0.133749	0.342861	1.505376	2.018573
3547957152.990052	79.069629	102.608745	134.452957	73.727214	109.851576	84.412044	95.365914	0.109125	0.326615	1.476051	1.989247
3547957153.657523	95.317409	90.448823	149.486160	104.013739	88.130669	86.621079	92.766976	0.113297	0.298446	1.480938	1.940371
3547957154.347008	114.240241	82.034014	161.263672	122.013002	86.570994	106.467479	77.497035	0.109125	0.304193	1.476051	1.950147
3547957155.075527	133.557438	77.259210	173.933990	141.759005	80.965191	125.355871	73.553228	0.100698	0.268821	1.466276	1.891496
3547957155.774016	154.971689	77.521155	186.837761	163.937649	78.303185	146.005730	76.739125	0.100698	0.253428	1.466276	1.867058
3547957156.508533	176.198130	83.115404	200.599297	180.214885	75.061481	172.181375	91.169327	0.083503	0.247157	1.446725	1.857283
3547957157.211029	195.246413	93.055596	212.497681	203.388501	89.220703	187.104325	96.890489	0.087845	0.237625	1.451613	1.842620
3547957157.870495	212.779847	107.633432	226.024277	214.305986	98.763770	211.253709	116.503094	0.083503	0.234414	1.446725	1.837732
3547957158.521954	225.710940	124.524592	237.771149	233.234645	119.585578	218.187235	129.463606	0.083503	0.224679	1.446725	1.823069
3547957159.227454	235.216691	144.178728	249.302231	243.303471	148.128917	227.129912	140.228539	0.079131	0.204729	1.441838	1.793744
3547957159.923943	241.242408	165.147958	256.940704	246.830529	158.092967	235.654287	172.202950	0.083503	0.208099	1.446725	1.798631
3547957160.665467	244.966943	187.324490	263.910278	244.818491	178.325715	245.115395	196.323266	0.079131	0.197934	1.441838	1.783969
3547957161.341943	244.895207	210.394770	276.266846	246.624163	201.562402	243.166252	219.227137	0.096442	0.197934	1.461388	1.783969
3547957162.701902	233.782926	251.233807	293.110870	241.065538	256.521866	226.500315	245.945748	0.096442	0.194508	1.461388	1.779081
3547957163.452433	224.835618	267.832635	301.749222	223.434398	258.942383	226.236838	276.722887	0.141745	0.197934	1.515152	1.783969
3547957164.117902	212.565095	283.384471	313.552032	217.700470	275.993400	207.429721	290.775541	0.240404	0.201341	1.647116	1.788856
3547957164.831408	197.483599	296.992558	326.977753	195.238510	288.277079	199.728688	305.708037	0.349731	0.234414	1.823069	1.837732
3547957165.531899	181.126501	305.511335	339.413147	180.038902	296.577291	182.214100	314.445378	0.394342	0.234414	1.906158	1.837732
3547957166.246404	163.846191	310.313314	345.409393	165.331551	301.436732	162.360831	319.189895	0.409172	0.259633	1.935484	1.876833
3547957166.901866	146.498234	314.192637	346.124023	141.803018	306.514425	151.193451	321.870849	0.414016	0.265775	1.945259	1.886608
3547957167.622375	129.638214	318.024001	343.896962	138.586326	318.989040	120.690102	317.058962	0.418812	0.259633	1.955034	1.876833
3547957169.009354	97.600675	329.970187	338.642242	103.045663	322.804148	92.155688	337.136225	0.381630	0.253428	1.881720	1.867058
3547957169.722857	83.927623	335.538231	338.546539	90.032460	328.925291	77.822786	342.151170	0.379048	0.243996	1.876833	1.852395
3547957170.439367	68.502378	341.202320	340.790283	59.526034	340.550214	77.478723	341.854425	0.355189	0.218100	1.832845	1.813294
3547957171.161871	53.335869	345.664148	345.185394	56.755880	337.339274	49.915859	353.989022	0.341433	0.227941	1.808407	1.827957
3547957171.869371	36.790170	349.378221	349.981110	45.370807	352.093487	28.209533	346.662955	0.327300	0.214785	1.783969	1.808407
3547957172.591880	21.437634	352.156671	351.834198	21.655226	343.159302	21.220042	361.154040	0.318633	0.208099	1.769306	1.798631
3547957173.285375	14.841466	353.948445	291.839020	11.932768	362.465456	17.750164	345.431434	0.306850	0.208099	1.749756	1.798631
3547957173.958850	15.636941	354.759689	224.851089	24.405620	352.732306	6.868263	356.787071	0.285585	0.197934	1.715543	1.783969
3547957175.419875	35.034469	377.599936	232.304611	36.585888	368.734661	33.483051	386.465211	0.260219	0.187599	1.676442	1.769306
3547957176.131379	48.280404	394.128190	230.086273	54.415215	400.713332	42.145592	387.543048	0.260219	0.184117	1.676442	1.764418
3547957176.755819	63.657410	411.706007	228.167038	55.373376	415.223787	71.941444	408.188226	0.260219	0.148196	1.676442	1.715543
3547957177.461315	77.515657	427.546448	229.654861	80.334773	436.093529	74.696540	418.999368	0.233641	0.169990	1.637341	1.744868
3547957178.131788	91.445108	443.887423	228.409500	84.247980	449.291250	98.642236	438.483596	0.223344	0.159186	1.622678	1.730205
3547957178.833284	105.892081	459.809362	226.104446	106.703002	450.845969	105.081160	468.772755	0.216376	0.148196	1.612903	1.715543
3547957180.191245	134.790058	490.108851	225.800072	138.250003	481.800495	131.330113	498.417207	0.183943	0.155543	1.568915	1.725318
3547957180.900742	148.267272	504.276983	225.850700	151.302322	495.804175	145.232222	512.749790	0.194954	0.148196	1.583578	1.715543
3547957181.593230	162.343760	519.498458	226.897247	156.528086	512.629838	168.159433	526.367077	0.183943	0.144492	1.568915	1.710655
3547957182.967200	189.123079	551.011340	233.059921	184.175329	543.493377	194.070828	558.529304	0.176487	0.140765	1.559140	1.705767
3547957183.637674	202.098999	568.862325	235.624573	202.145112	577.862207	202.052885	559.862443	0.198579	0.133249	1.588465	1.695992
3547957185.672110	217.582473	576.386220	96.572365	211.020564	582.545875	224.144382	570.226565	0.180227	0.169990	1.564027	1.744868
3547957186.361595	219.806508	561.405118	99.412697	227.900609	557.469952	211.712407	565.340284	0.153548	0.137018	1.529814	1.700880
3547957187.082105	223.970923	542.094186	103.174004	219.667519	549.998660	228.274327	534.189712	0.172724	0.140765	1.554252	1.705767
3547957187.822626	229.836997	521.490831	107.303169	225.609156	513.545684	234.064838	529.435978	0.168937	0.140765	1.549365	1.705767
3547957188.495102	236.615987	502.320849	111.429901	245.573994	503.189239	227.657979	501.452459	0.168937	0.151880	1.549365	1.720430
3547957189.938122	256.654301	458.246802	112.945992	258.011203	449.349678	255.297398	467.143926	0.172724	0.133249	1.554252	1.695992
3547957190.641615	265.536754	436.011792	110.312973	268.683879	444.443613	262.389628	427.579971	0.183943	0.148196	1.568915	1.715543
3547957191.339106	274.127827	413.596109	110.991623	281.870629	418.184030	266.385025	409.008188	0.187636	0.166409	1.573803	1.739980
3547957192.013583	283.125829	392.636256	114.894592	274.355624	394.657024	291.896034	390.615489	0.183943	0.148196	1.568915	1.715543
3547957192.704072	288.636411	378.523798	76.141914	282.543332	371.900023	294.729490	385.147572	0.183943	0.169990	1.568915	1.744868
3547957194.086044	280.013786	379.487755	337.010590	286.835400	385.358494	273.192171	373.617016	0.180227	0.162807	1.564027	1.735093
3547957194.828569	266.181688	384.941587	340.785614	257.208487	384.247577	275.154890	385.635597	0.161291	0.162807	1.539589	1.735093
3547957195.567089	248.805730	390.013579	346.501251	241.612409	384.604684	255.999050	395.422473	0.176487	0.162807	1.559140	1.735093
3547957196.915044	210.910051	397.597914	351.870605	210.800000	388.598586	211.020103	406.597241	0.172724	0.159186	1.554252	1.730205
3547957197.620538	191.731747	399.604296	356.656616	200.698602	398.832594	182.764893	400.375997	0.165126	0.166409	1.544477	1.739980
3547957198.921455	152.616597	399.146846	5.396824	159.589585	393.456728	145.643609	404.836963	0.129712	0.159186	1.500489	1.730205
3547957199.602939	135.279845	396.875908	9.426038	135.291183	405.875901	135.268506	387.875915	0.157432	0.137018	1.534702	1.700880