Time	X	Y	Theta	LS_X	LS_Y	RS_X	RS_Y	RsRoL	RsRoR	VL	VR
3547771087.085216	40.723300	550.504388	178.191284	33.789535	556.242236	47.657065	544.766540	0.037030	0.033654	1.485826	1.397849
3547771087.757690	40.731759	550.507637	178.111542	33.362962	555.674923	48.100555	545.340352	0.041523	0.009786	1.490714	1.373412
3547771088.446175	40.742203	550.507903	178.148727	33.570605	555.945567	47.913801	545.070240	0.037030	0.074576	1.485826	1.441838
3547771089.124661	40.735216	550.503581	178.141632	33.525217	555.890223	47.945215	545.116938	0.037030	0.019435	1.485826	1.383187
3547771089.800132	40.732398	550.505670	178.102097	33.315125	555.603126	48.149671	545.408214	0.050419	0.033654	1.500489	1.397849
3547771090.468608	40.728556	550.504636	178.080963	33.205221	555.444213	48.251892	545.565059	0.041523	0.024208	1.490714	1.388074
3547771091.125065	40.731385	550.507935	178.094864	33.277438	555.551612	48.185333	545.464259	0.050419	0.024208	1.500489	1.388074
3547771091.771521	40.730775	550.507286	178.158997	33.615395	556.018308	47.846156	544.996264	0.041523	0.024208	1.490714	1.388074
3547771092.473016	40.733978	550.511501	178.009293	32.876237	554.899657	48.591718	546.123344	0.032508	0.028947	1.480938	1.392962
3547771093.167508	40.721494	550.506478	178.166016	33.644971	556.067307	47.798018	544.945649	0.023375	0.042969	1.471163	1.407625
3547771093.837979	40.741298	550.511325	178.124420	33.439657	555.773077	48.042939	545.249572	0.045985	-0.004946	1.495601	1.358749
3547771094.524463	40.731253	550.507903	178.094009	33.272999	555.545209	48.189507	545.470598	0.032508	0.028947	1.480938	1.392962
3547771095.225959	40.728190	550.507727	178.119415	33.400306	555.732870	48.056074	545.282584	0.004738	0.024208	1.451613	1.388074
3547771095.899434	40.729587	550.511834	178.094788	33.275255	555.554942	48.183919	545.468726	0.018762	0.052155	1.466276	1.417400
3547771096.566906	40.736843	550.506216	178.196747	33.834525	556.281855	47.639161	544.730577	0.037030	0.009786	1.485826	1.373412
3547771097.246384	40.719222	550.504144	178.152039	33.565668	555.965524	47.872775	545.042764	0.037030	0.033654	1.485826	1.397849
3547771097.931868	40.723871	550.509537	178.110458	33.349481	555.668836	48.098262	545.350238	0.037030	0.014628	1.485826	1.378299
3547771098.630367	40.731694	550.507602	178.130585	33.462628	555.814265	48.000760	545.200938	0.023375	0.000000	1.471163	1.363636
3547771099.297837	40.740178	550.503530	178.138626	33.514019	555.868475	47.966336	545.138585	0.037030	0.004911	1.485826	1.368524
3547771099.981315	40.728036	550.505620	178.138428	33.500813	555.869131	47.955258	545.142108	0.041523	0.038328	1.490714	1.402737
3547771100.645783	40.728707	550.507041	178.173050	33.691475	556.117511	47.765939	544.896572	0.032508	0.047578	1.480938	1.412512
3547771101.354283	40.732326	550.505196	178.122177	33.418901	555.750558	48.045751	545.259835	0.037030	0.014628	1.485826	1.378299
3547771102.004740	40.725569	550.507235	178.051361	33.059330	555.221975	48.391809	545.792496	0.037030	0.019435	1.485826	1.383187
3547771102.656202	40.722704	550.504162	178.084625	33.217509	555.471257	48.227900	545.537067	0.037030	0.009786	1.485826	1.373412
3547771103.338687	40.740041	550.500579	178.062775	33.128112	555.302509	48.351971	545.698649	0.041523	0.000000	1.490714	1.363636
3547771103.989142	40.718845	550.504180	178.103714	33.309826	555.613626	48.127864	545.394734	0.023375	0.019435	1.471163	1.383187
3547771104.678628	40.723035	550.508779	178.113541	33.364582	555.690784	48.081488	545.326775	0.037030	-0.004946	1.485826	1.358749
3547771105.372117	40.734444	550.503545	178.055069	33.085739	555.246677	48.383150	545.760412	0.037030	0.047578	1.485826	1.412512
3547771106.058600	40.730071	550.505986	178.089066	33.247005	555.506358	48.213138	545.505614	0.018762	0.014628	1.466276	1.378299
3547771106.708060	40.726194	550.494469	178.141815	33.517182	555.882431	47.935207	545.106506	0.063549	0.000000	1.515152	1.363636
3547771107.427567	40.736300	550.497664	178.086746	33.241657	555.480666	48.230944	545.514661	0.037030	-0.014946	1.485826	1.348974
3547771108.076023	43.339430	550.373256	177.113373	35.003704	546.979781	51.675156	553.766731	0.037030	-0.040590	1.485826	1.324536
3547771108.873608	56.205087	549.107861	171.368912	47.309008	550.471597	65.101166	547.744125	0.027957	0.014628	1.476051	1.378299
3547771109.544061	72.355985	545.760082	164.107132	66.258779	539.140107	78.453191	552.380058	0.023375	0.014628	1.471163	1.378299
3547771110.236549	94.307935	536.661867	151.159698	91.110099	528.249147	97.505771	545.074586	0.045985	0.024208	1.495601	1.388074
3547771110.922034	113.186528	524.454076	143.771423	119.267330	517.819029	107.105727	531.089123	0.023375	0.009786	1.471163	1.373412
3547771111.616521	130.278865	510.440614	136.957115	138.882632	507.799555	121.675097	513.081672	0.041523	0.009786	1.490714	1.373412
3547771112.302007	146.806142	493.270214	130.101044	155.467843	495.714582	138.144441	490.825847	0.018762	0.014628	1.466276	1.378299
3547771113.622938	169.523133	453.382324	111.454910	178.500055	454.026434	160.546212	452.738215	0.032508	0.019435	1.480938	1.383187
3547771114.269394	177.364886	431.752194	107.539093	171.397053	425.015357	183.332720	438.489030	0.023375	0.004911	1.471163	1.368524
3547771114.913848	183.673160	410.424072	104.370270	189.455356	417.320898	177.890964	403.527245	0.018762	-0.014946	1.466276	1.348974
3547771115.636358	188.579671	390.452302	101.585732	180.751606	386.011426	196.407737	394.893179	0.032508	0.028947	1.480938	1.392962
3547771116.944282	198.753820	345.484091	104.102966	202.509000	353.663249	194.998639	337.304934	0.032508	0.009786	1.480938	1.373412
3547771117.603746	204.364249	325.295789	105.526543	213.005773	322.781020	195.722725	327.810559	0.032508	0.000000	1.480938	1.363636
3547771118.283228	211.280087	303.786166	106.017876	217.712887	297.491797	204.847287	310.080535	0.032508	0.009786	1.480938	1.373412
3547771118.962706	216.497870	283.019763	104.583954	223.611109	288.533548	209.384631	277.505978	0.032508	-0.009928	1.480938	1.353861
3547771119.640188	222.288729	261.919030	104.886024	230.720238	265.066993	213.857221	258.771068	0.027957	0.019435	1.476051	1.383187
3547771120.313661	229.111782	242.583567	110.326790	232.375104	250.971101	225.848460	234.196033	0.023375	0.009786	1.471163	1.373412
3547771120.997145	236.388041	223.932909	111.562843	245.382111	223.606244	227.393971	224.259575	0.004738	0.019435	1.451613	1.383187
3547771122.333082	250.098030	184.993381	106.410400	253.633854	176.717032	246.562205	193.269729	0.032508	0.009786	1.480938	1.373412
3547771123.024570	255.600247	166.150202	103.756187	256.352039	175.118747	254.848455	157.181656	0.027957	0.019435	1.476051	1.383187
3547771123.699046	260.022331	145.042174	99.434639	268.028145	140.930367	252.016518	149.153980	0.023375	0.014628	1.471163	1.378299
3547771124.390533	263.083094	124.130681	96.563499	256.466836	130.231922	269.699352	118.029441	0.027957	-0.009928	1.476051	1.353861
3547771125.743488	266.045772	84.298964	90.911461	264.304292	93.128870	267.787252	75.469057	0.027957	0.000000	1.476051	1.363636
3547771127.798944	263.561012	22.002855	84.964561	264.830800	30.912829	262.291225	13.092881	-0.075115	-0.009928	1.373412	1.353861
3547771134.415607	267.522704	36.279443	261.124695	270.798248	44.662212	264.247160	27.896675	0.041523	0.009786	1.490714	1.373412
3547771135.126113	269.917694	52.550229	260.551086	268.119935	61.368849	271.715453	43.731609	0.009444	-0.025091	1.456500	1.339198
3547771136.466054	274.927475	87.481564	262.473999	283.825048	86.127611	266.029901	88.835516	0.023375	0.000000	1.471163	1.363636
3547771137.165547	276.934446	106.088083	264.700073	270.438926	99.858458	283.429965	112.317708	0.014119	-0.004946	1.461388	1.358749
3547771138.499487	280.128550	142.980861	265.115509	271.671330	139.902643	288.585771	146.059079	0.009444	0.004911	1.456500	1.368524
3547771139.162959	281.586618	162.989897	266.203644	274.934727	169.052268	288.238508	156.927525	0.018762	-0.004946	1.466276	1.358749
3547771140.577954	282.810944	200.991260	270.498932	279.963075	192.453717	285.658814	209.528803	0.018762	0.000000	1.466276	1.363636
3547771141.289459	281.857200	221.015978	274.716339	290.722827	222.565383	272.991573	219.466573	0.014119	-0.025091	1.461388	1.339198
3547771141.953926	279.303949	240.323730	280.634979	287.034580	244.932130	271.573318	235.715330	0.018762	-0.004946	1.466276	1.358749
3547771142.611388	275.429440	253.875312	288.568970	279.405239	245.801092	271.453641	261.949532	0.027957	-0.004946	1.476051	1.358749
3547771143.290867	271.132133	265.729891	290.164612	262.961634	261.955909	279.302633	269.503873	-0.004770	-0.004946	1.441838	1.358749
3547771143.972352	264.896091	280.575959	293.614853	273.826921	281.689639	255.965262	279.462279	0.004738	-0.009928	1.451613	1.353861
3547771144.665843	257.327408	295.501357	298.791260	260.328432	303.986276	254.326383	287.016438	0.018762	-0.004946	1.466276	1.358749
3547771145.351322	247.578082	310.733454	305.731567	255.137090	315.618268	240.019075	305.848640	0.023375	0.009786	1.471163	1.373412
3547771146.036805	235.737671	324.339788	312.385040	244.552087	326.158045	226.923254	322.521531	0.000000	-0.020000	1.446725	1.344086
3547771146.728293	223.948958	336.388105	317.729065	227.686121	344.575511	220.211795	328.200699	0.000000	-0.004946	1.446725	1.358749
3547771147.433791	210.929927	347.852539	322.781342	204.456804	354.105434	217.403049	341.599645	0.023375	-0.004946	1.471163	1.358749
3547771148.074244	196.262249	358.050519	330.527344	201.781119	365.159814	190.743379	350.941224	0.004738	-0.009928	1.451613	1.353861
3547771149.374159	164.475340	372.020432	342.974365	169.108475	379.736264	159.842204	364.304601	0.027957	-0.009928	1.476051	1.353861
3547771150.041632	148.596616	376.091344	348.822113	149.542821	385.041466	147.650412	367.141221	0.009444	-0.009928	1.456500	1.353861
3547771150.706100	132.334545	378.819272	354.072083	125.131349	384.215008	139.537741	373.423536	0.009444	-0.014946	1.456500	1.348974
3547771151.393588	116.050648	380.032792	358.345001	114.232303	371.218394	117.868992	388.847191	0.014119	-0.009928	1.461388	1.353861
3547771152.126101	98.904927	379.633101	3.622739	103.070091	387.611285	94.739764	371.654918	0.004738	-0.030220	1.451613	1.334311
3547771152.800577	82.643806	378.064394	7.348733	74.768319	373.708169	90.519293	382.420620	0.009444	-0.004946	1.456500	1.358749
3547771153.484059	64.579330	375.337586	10.206804	70.921796	381.722969	58.236863	368.952203	0.004738	-0.009928	1.451613	1.353861
3547771154.159536	48.080935	371.991136	12.475124	48.901012	363.028576	47.260858	380.953696	0.027957	-0.030220	1.476051	1.334311
3547771158.933905	33.816515	349.841660	135.666351	38.732664	357.380326	28.900367	342.302994	0.000000	-0.020000	1.446725	1.344086
3547771159.630394	47.334458	337.187487	137.830551	50.835291	328.896277	43.833626	345.478698	0.009444	-0.025091	1.456500	1.339198
3547771160.331891	63.575198	323.514212	140.422958	56.261212	328.758792	70.889183	318.269632	0.023375	-0.030220	1.471163	1.334311
3547771161.691850	98.693895	295.557982	139.008430	92.374922	289.149348	105.012868	301.966615	0.014119	0.019435	1.461388	1.383187
3547771163.180900	132.324113	265.419691	140.322952	124.523055	269.907842	140.125171	260.931540	-0.009572	-0.051115	1.436950	1.314761
3547771163.871390	149.756851	252.979253	144.000511	154.172037	245.136668	145.341665	260.821837	0.004738	-0.025091	1.451613	1.339198
3547771164.558877	171.180594	239.162462	150.188705	176.319731	231.774007	166.041458	246.550918	0.004738	0.009786	1.451613	1.373412
3547771165.862792	210.410394	222.272652	162.916931	214.291718	214.152595	206.529071	230.392709	0.004738	-0.020000	1.451613	1.344086
3547771166.534266	229.961563	215.781508	160.820007	235.034294	223.215713	224.888832	208.347303	0.000000	-0.035386	1.446725	1.329423
3547771167.189731	249.346473	208.427090	158.411789	240.601530	206.299657	258.091416	210.554523	0.009444	-0.009928	1.456500	1.353861
3547771168.565698	287.958165	193.485508	152.454514	278.992415	194.269940	296.923915	192.701076	0.014119	-0.014946	1.461388	1.348974
3547771169.208153	290.783412	189.222692	85.294266	294.869529	197.241648	286.697296	181.203737	-0.004770	-0.040590	1.441838	1.324536
3547771169.865622	287.831363	185.661505	39.467136	279.005842	187.425073	296.656885	183.897936	0.041523	-0.025091	1.490714	1.339198
3547771171.190552	264.010155	168.194497	34.311707	261.820053	176.923956	266.200256	159.465037	0.004738	-0.020000	1.451613	1.344086
3547771171.837007	249.923366	158.873835	30.941446	254.035251	150.868062	245.811480	166.879608	-0.009572	-0.051115	1.436950	1.314761
3547771172.509482	235.310015	149.837805	31.557861	234.036887	140.928308	236.583144	158.747303	0.009444	-0.025091	1.456500	1.339198
3547771173.153939	220.356593	140.032379	33.188644	211.539446	141.837349	229.173740	138.227409	0.004738	-0.035386	1.451613	1.329423
3547771173.839420	205.417423	129.815170	33.839378	199.495551	136.592443	211.339296	123.037897	0.004738	-0.004946	1.451613	1.358749
3547771175.175365	174.353529	109.978346	29.043549	180.613671	116.444460	168.093388	103.512232	0.084876	0.070153	1.539589	1.436950
3547771175.881862	157.633659	101.072598	26.653492	148.644927	100.622376	166.622390	101.522820	0.185695	0.117213	1.666667	1.490714
3547771176.556336	140.919065	92.736677	26.926356	132.141559	94.725494	149.696571	90.747861	0.347312	0.205412	1.920821	1.603128
3547771177.227810	124.788610	84.174617	28.141714	123.598528	93.095587	125.978692	75.253647	0.417801	0.291314	2.057674	1.730205
3547771177.887277	109.083283	76.358903	26.235077	101.052904	72.295284	117.113663	80.422523	0.473258	0.338176	2.179863	1.808407
3547771178.553746	94.555466	69.949853	21.297567	88.801810	76.870506	100.309121	63.029199	0.495737	0.383721	2.233627	1.891496
3547771181.200613	39.872363	55.149815	15.709101	39.882600	64.149809	39.862126	46.149820	0.517159	0.420709	2.287390	1.964809
3547771181.870087	25.924045	51.054709	17.122696	34.814666	52.453587	17.033424	49.655830	0.499708	0.420709	2.243402	1.964809
3547771182.537564	16.298788	48.691205	347.819672	9.265027	54.306025	23.332549	43.076384	0.491730	0.401332	2.223851	1.925709
3547771183.206028	15.324898	49.544163	283.742706	7.754736	44.676653	22.895059	54.411673	0.475347	0.415938	2.184751	1.955034
3547771183.893513	16.035122	51.213468	222.994736	15.510336	60.198155	16.559909	42.228781	0.458366	0.418329	2.145650	1.959922
3547771184.555981	16.780667	51.479538	157.181854	15.862274	42.526519	17.699060	60.432558	0.456200	0.413534	2.140762	1.950147
3547771185.239463	24.893358	46.944804	150.016525	31.222375	40.546089	18.564342	53.343519	0.454024	0.430111	2.135875	1.984360
3547771185.943959	36.902013	40.013248	150.262772	41.480325	32.264761	32.323700	47.761735	0.445219	0.403797	2.116325	1.930596
3547771186.597420	51.188406	32.048794	148.706497	59.002560	36.514105	43.374253	27.583483	0.438508	0.408690	2.101662	1.940371
3547771187.301923	65.457930	23.199945	144.307724	67.294775	14.389383	63.621084	32.010507	0.436250	0.408690	2.096774	1.940371
3547771190.678299	82.236238	15.860724	251.276810	82.691467	6.872245	81.781009	24.849204	0.429413	0.386276	2.082111	1.896383
3547771191.354776	87.809940	29.282468	247.182190	80.219101	34.117669	95.400779	24.447268	0.427112	0.418329	2.077224	1.959922
3547771192.044266	95.111755	44.911377	243.422241	104.099965	45.371880	86.123544	44.450873	0.410700	0.401332	2.043011	1.925709
3547771193.448256	112.404444	75.102689	236.074982	116.363910	83.184930	108.444977	67.020447	0.408310	0.386276	2.038123	1.896383
3547771194.127733	123.464225	90.635234	230.949066	132.456286	90.257290	114.472164	91.013178	0.405909	0.388817	2.033236	1.901271
3547771194.802208	134.182968	103.432196	229.141953	132.445151	112.262824	135.920784	94.601568	0.427112	0.408690	2.077224	1.940371
3547771196.168177	158.381169	129.456831	223.294891	160.536338	138.194980	156.226000	120.718682	0.477427	0.489030	2.189638	2.116325
3547771196.893686	171.515461	140.527692	216.820923	171.974529	149.515976	171.056392	131.539407	0.483611	0.503125	2.204301	2.150538
3547771197.606192	186.484737	151.161703	213.419167	188.353252	142.357803	184.616223	159.965603	0.489714	0.514854	2.218964	2.179863
3547771198.281665	199.737588	160.835756	217.004944	201.833619	169.588279	197.641557	152.083233	0.462669	0.510980	2.155425	2.170088
3547771199.639622	223.240387	182.133677	227.952377	214.397138	183.806089	232.083635	180.461265	0.449642	0.480769	2.126100	2.096774
3547771200.303091	232.988527	193.683745	232.555405	232.291292	184.710793	233.685763	202.656697	0.438508	0.476581	2.101662	2.086999
3547771200.965559	241.903481	206.535508	238.379364	245.255782	198.183139	238.551180	214.887878	0.431703	0.465936	2.086999	2.062561
3547771201.630025	249.157107	218.750641	240.115906	240.366113	216.822318	257.948101	220.678964	0.413078	0.455036	2.047898	2.038123
3547771208.404805	261.209144	241.226367	252.592697	252.625905	238.519338	269.792383	243.933396	0.284465	0.338176	1.813294	1.808407
3547771209.095294	263.603276	250.557756	257.040222	268.462809	242.982471	258.743743	258.133041	0.284465	0.315262	1.813294	1.769306
3547771209.771770	263.610413	250.563644	257.114105	267.897513	242.650315	259.323314	258.476973	0.266010	0.312327	1.783969	1.764418
3547771210.472265	263.613286	250.548220	256.955048	269.099643	243.413805	258.126928	257.682635	0.266010	0.282051	1.783969	1.715543
3547771211.809208	264.206076	253.978854	259.822937	256.995517	259.364746	271.416636	248.592962	0.262875	0.263043	1.779081	1.686217
3547771212.483684	264.993840	266.522476	272.152618	256.721400	270.067436	273.266280	262.977516	0.233865	0.266257	1.735093	1.691105
3547771213.164163	263.654512	281.329052	277.625793	255.383145	277.781590	271.925879	284.876515	0.230550	0.236647	1.730205	1.647116
3547771213.843644	260.645366	296.467669	282.220886	265.136429	288.668288	256.154302	304.267051	0.217104	0.233259	1.710655	1.642229
3547771214.530127	256.104840	312.551595	288.315887	261.975689	305.730074	250.233992	319.373115	0.213694	0.236647	1.705767	1.647116
3547771215.255639	249.823300	326.376012	296.293396	242.330393	321.390398	257.316207	331.361626	0.199856	0.226422	1.686217	1.632454
3547771215.965141	241.777734	340.415834	302.655396	233.915556	336.035633	249.639911	344.796035	0.196347	0.208967	1.681329	1.608016
3547771216.723675	232.779541	353.206449	309.471039	223.782168	353.423889	241.776914	352.989008	0.189266	0.212500	1.671554	1.612903
3547771218.143677	206.696946	378.625946	320.142029	209.360255	370.029041	204.033637	387.222852	0.163818	0.190972	1.637341	1.583578
3547771218.893205	193.429824	389.421194	323.619293	193.747007	398.415603	193.112641	380.426785	0.163818	0.179907	1.637341	1.568915
3547771219.579689	177.959813	399.987256	329.870422	177.988557	408.987211	177.931069	390.987302	0.148793	0.157143	1.617791	1.539589
3547771220.311206	163.238325	407.788354	335.269958	156.299064	413.519555	170.177586	402.057154	0.156350	0.160997	1.627566	1.544477
3547771221.039720	145.999942	414.862721	340.576599	137.366039	412.321909	154.633844	417.403533	0.144979	0.157143	1.612903	1.539589
3547771222.490742	111.319008	425.542091	347.516541	102.929861	428.801264	119.708155	422.282918	0.129493	0.145433	1.593353	1.524927
3547771223.167220	94.341726	428.160216	353.920563	86.406622	432.406877	102.276830	423.913556	0.125561	0.096250	1.588465	1.466276
3547771223.948772	78.685599	428.498500	1.165829	70.413563	424.952598	86.957635	432.044402	0.109591	0.153264	1.568915	1.534702
3547771224.642261	60.937531	426.765233	8.928350	56.650945	434.678840	65.224117	418.851625	0.101456	0.125407	1.559140	1.500489
3547771227.468257	15.489165	412.236166	115.425003	8.946273	418.416018	22.032056	406.056314	0.093218	0.113076	1.549365	1.485826
3547771228.165748	21.979362	405.954029	140.192581	13.661037	409.389938	30.297687	402.518120	0.105536	0.091973	1.564027	1.461388
3547771228.825214	35.558902	396.939871	153.223709	29.662894	403.739657	41.454911	390.140085	0.089060	0.096250	1.544477	1.466276
3547771229.501692	51.718469	390.813750	165.723877	45.385540	397.208593	58.051397	384.418907	0.089060	0.087668	1.544477	1.456500
3547771230.880663	86.131596	390.747360	193.430344	94.909943	388.762260	77.353249	392.732460	0.093218	0.091973	1.549365	1.461388
3547771231.546133	104.118359	397.946250	209.117142	95.299966	399.745124	112.936752	396.147376	0.063549	0.083333	1.515152	1.451613
3547771232.216606	119.465053	409.787240	225.907486	122.014337	401.155835	116.915769	418.418645	0.080665	0.070153	1.534702	1.436950
3547771233.567557	136.671049	439.814587	254.247322	134.692204	448.594346	138.649893	431.034827	0.067869	0.074576	1.520039	1.441838
3547771234.220018	139.841112	457.500217	265.528976	130.859767	458.079392	148.822456	456.921043	0.080665	0.070153	1.534702	1.436950
3547771235.573973	138.156233	490.828167	279.839493	140.275852	499.575008	136.036614	482.081327	0.072162	0.038328	1.524927	1.402737
3547771236.282473	133.982878	506.563750	289.885025	127.171105	500.681594	140.794651	512.445905	0.067869	0.065700	1.520039	1.432063
3547771236.941938	127.039471	522.012406	298.449982	127.027588	531.012398	127.051355	513.012414	0.072162	0.056701	1.524927	1.422287
3547771238.304900	110.102321	546.610248	308.406464	105.549543	538.846730	114.655100	554.373766	0.050419	0.038328	1.500489	1.402737
3547771238.968368	100.508890	557.299417	313.916840	102.669413	548.562591	98.348367	566.036244	0.076427	0.047578	1.529814	1.412512
3547771239.650849	90.611727	567.346619	315.938446	81.806429	569.208534	99.417025	565.484704	0.063549	0.038328	1.515152	1.402737
3547771240.301309	79.455527	577.378137	318.597107	88.118459	579.818139	70.792595	574.938135	0.059201	0.052155	1.510264	1.417400
3547771242.313727	68.004552	573.412552	64.171333	59.244263	571.349224	76.764842	575.475881	0.041523	0.038328	1.490714	1.402737
3547771242.984202	62.332694	559.326975	72.290047	62.633379	568.321950	62.032009	550.331999	0.045985	0.042969	1.495601	1.407625
3547771243.642672	58.773646	542.129227	82.778671	50.763986	538.024918	66.783306	546.233535	0.045985	0.061216	1.495601	1.427175
3547771244.312141	58.558330	523.393118	94.550278	55.877178	514.801761	61.239483	531.984476	0.037030	0.028947	1.485826	1.392962
3547771245.645079	70.684519	484.797518	119.472351	69.859208	475.835439	71.509830	493.759597	0.041523	0.038328	1.490714	1.402737
3547771246.320554	82.346307	466.776159	122.377060	81.045398	475.681643	83.647216	457.870676	0.023375	0.038328	1.471163	1.402737
3547771246.991031	93.797213	448.591949	121.125130	84.932820	450.148397	102.661606	447.035501	-0.004770	0.033654	1.441838	1.397849
3547771247.667506	104.977403	430.434170	120.622047	96.460894	427.524001	113.493911	433.344339	0.037030	0.024208	1.485826	1.388074
3547771248.316964	116.479570	413.026213	125.598427	117.066667	404.045383	115.892473	422.007044	0.032508	0.033654	1.480938	1.397849
3547771248.974429	128.566190	398.001697	132.096466	127.225033	389.102186	129.907348	406.901208	0.027957	0.024208	1.476051	1.388074
3547771249.643900	142.307816	384.940517	138.694038	138.280366	376.891937	146.335266	392.989098	0.023375	0.009786	1.471163	1.373412
3547771250.323379	158.027749	373.755531	149.066208	166.913591	375.184447	149.141906	372.326615	0.037030	0.014628	1.485826	1.378299
3547771257.917738	291.036866	372.491726	234.361160	282.472776	375.258738	299.600957	369.724715	0.050419	0.019435	1.500489	1.383187
3547771258.584208	289.801227	371.191955	217.574417	296.285733	377.433043	283.316721	364.950867	0.004738	0.000000	1.451613	1.363636
3547771259.259683	289.313732	370.809440	164.073044	283.445687	363.985508	295.181777	377.633371	0.023375	0.019435	1.471163	1.383187
3547771259.917146	289.474864	370.635487	129.427979	294.723790	377.946353	284.225938	363.324620	0.004738	0.000000	1.451613	1.363636
3547771262.684099	290.511928	373.812938	329.950104	291.256951	382.782049	289.766906	364.843828	0.023375	0.009786	1.471163	1.373412
3547771264.060071	279.941170	371.805378	18.101250	286.064756	365.209797	273.817584	378.400960	0.018762	-0.009928	1.466276	1.353861
3547771265.592152	252.214714	357.554496	34.304310	249.960104	366.267516	254.469324	348.841475	0.014119	-0.004946	1.461388	1.358749
3547771266.256620	236.392852	344.125642	43.303646	242.042544	337.119860	230.743160	351.131424	0.018762	-0.009928	1.466276	1.353861
3547771266.926093	224.242450	331.066436	50.525242	221.930818	322.368370	226.554083	339.764502	0.014119	0.004911	1.461388	1.368524
3547771267.603571	214.265039	316.216084	61.219398	223.257231	316.590900	205.272847	315.841268	0.023375	0.014628	1.471163	1.378299
3547771268.286052	207.394222	299.622268	71.478851	201.078929	306.034528	213.709516	293.210009	-0.004770	0.014628	1.441838	1.378299
3547771268.941518	202.940960	280.557883	81.877548	201.187004	271.730447	204.694917	289.385320	0.009444	0.014628	1.456500	1.378299
3547771269.612988	201.989763	261.643819	90.092140	194.348968	266.399684	209.630558	256.887954	0.000000	-0.025091	1.446725	1.339198
3547771270.250439	203.999376	243.639822	97.443047	204.482213	252.626861	203.516539	234.652783	0.027957	-0.009928	1.476051	1.353861
3547771271.664435	213.110046	208.033445	110.399269	216.972191	216.162642	209.247902	199.904248	0.009444	0.000000	1.456500	1.363636
3547771272.385945	220.994552	191.300951	117.687897	229.927845	192.394690	212.061258	190.207211	0.018762	0.014628	1.466276	1.378299
3547771273.738899	242.444942	157.554605	123.538895	250.098713	162.289559	234.791171	152.819650	0.027957	0.056701	1.476051	1.422287
3547771274.407370	254.349188	140.684089	124.371529	263.002114	138.208837	245.696262	143.159340	0.018762	0.083333	1.466276	1.451613
3547771275.085849	264.615497	126.896285	129.062851	266.907924	135.599433	262.323069	118.193138	0.018762	0.179907	1.466276	1.568915
3547771277.096266	291.373208	105.189777	225.341110	298.155839	99.274042	284.590576	111.105511	0.037030	0.326844	1.485826	1.788856
3547771279.135707	283.845548	107.785176	348.665009	283.379772	116.773115	284.311324	98.797237	0.185695	0.357427	1.666667	1.842620
3547771279.786166	271.164781	109.097743	2.667301	267.054403	117.104290	275.275159	101.091196	0.217104	0.349265	1.710655	1.827957
3547771280.468653	256.202419	106.394852	16.359228	261.658154	113.552712	250.746683	99.236993	0.240438	0.362797	1.744868	1.852395
3547771281.150127	242.083034	100.415076	26.715561	233.083685	100.523284	251.082384	100.306868	0.281431	0.370746	1.808407	1.867058
3547771281.797585	228.394860	91.773891	36.845581	235.177314	85.857953	221.612406	97.689828	0.302333	0.365461	1.842620	1.857283
3547771282.492073	216.501589	81.398461	44.387615	212.952790	73.127668	220.050389	89.669254	0.325290	0.365461	1.881720	1.857283
3547771283.185565	206.532227	70.950667	47.729630	211.656560	78.349397	201.407894	63.551937	0.333655	0.370746	1.896383	1.867058
3547771284.563542	187.258281	46.080116	57.401180	180.481855	40.157275	194.034707	52.002957	0.347312	0.352000	1.920821	1.832845
3547771285.233010	179.219084	32.029310	63.528183	173.446427	25.124498	184.991741	38.934122	0.368456	0.357427	1.959922	1.842620
3547771285.923499	172.976202	17.942919	67.151001	181.289250	21.391576	164.663155	14.494262	0.365860	0.370746	1.955034	1.867058
3547771290.660837	163.492509	22.181567	312.310165	172.146215	24.654092	154.838804	19.709043	0.405909	0.370746	2.033236	1.867058
3547771291.321302	153.648374	32.553983	313.962616	155.406833	23.727442	151.889914	41.380523	0.405909	0.368110	2.033236	1.862170
3547771291.998782	142.067667	44.137293	316.023743	133.453004	46.742591	150.682330	41.531995	0.393729	0.360119	2.008798	1.847507
3547771292.631227	131.329849	54.190510	317.675232	134.621058	62.567141	128.038640	45.813879	0.401073	0.378571	2.023460	1.881720
3547771293.949156	108.701378	75.495932	318.196747	115.728261	81.119357	101.674495	69.872506	0.396189	0.340970	2.013685	1.813294
3547771294.594612	97.756225	85.093664	318.865479	106.756053	85.149246	88.756397	85.038082	0.376170	0.346515	1.974585	1.823069
3547771295.272091	86.057400	95.375798	317.409912	87.036943	104.322334	85.077858	86.429263	0.376170	0.338176	1.974585	1.808407
3547771295.978590	75.121532	105.430005	318.251068	82.443371	110.663614	67.799692	100.196395	0.360627	0.326844	1.945259	1.788856
3547771297.353559	50.288459	126.583355	323.792236	52.148689	135.389009	48.428228	117.777701	0.330881	0.306407	1.891496	1.754643
3547771298.014026	36.891255	136.029078	325.013397	45.801378	137.297820	27.981131	134.760337	0.330881	0.294366	1.891496	1.735093
3547771298.728528	23.734639	144.995027	325.570251	31.969191	141.362926	15.500087	148.627128	0.325290	0.272629	1.881720	1.700880
3547771299.414016	18.370160	150.012950	279.182648	14.707726	158.234056	22.032594	141.791845	0.311055	0.272629	1.857283	1.700880
3547771300.064475	19.435374	151.543974	213.973755	16.387755	143.075679	22.482993	160.012269	0.302333	0.291314	1.842620	1.730205
3547771300.732944	29.175956	156.783068	208.350876	21.574830	151.964055	36.777082	161.602081	0.287483	0.256560	1.818182	1.676442
3547771301.450449	42.952312	164.581911	208.497299	34.729426	160.923475	51.175197	168.240348	0.272228	0.243363	1.793744	1.656891
3547771302.833424	75.079304	183.429212	209.524689	67.696173	188.575995	82.462434	178.282429	0.266010	0.236647	1.783969	1.647116
3547771303.497894	91.649829	193.061604	209.856888	86.348835	200.334807	96.950823	185.788402	0.250160	0.216012	1.759531	1.617791
3547771304.166367	107.309051	202.409250	210.584915	108.191497	211.365884	106.426605	193.452616	0.243697	0.236647	1.749756	1.647116
3547771304.854853	122.587029	211.999134	212.163147	131.536854	211.050116	113.637204	212.948153	0.227217	0.205412	1.725318	1.603128
3547771305.555345	137.870876	220.678807	212.889114	143.934055	214.027653	131.807696	227.329961	0.240438	0.187307	1.744868	1.578690
3547771306.897291	168.835260	242.167792	215.970520	162.382988	248.442199	175.287533	235.893385	0.220494	0.176172	1.715543	1.564027
3547771307.571767	183.744886	252.855735	215.536552	175.252485	255.835521	192.237287	249.875949	0.196347	0.168632	1.681329	1.554252
3547771308.245242	198.637899	262.169034	214.351509	192.681757	255.421859	204.594041	268.916209	0.185695	0.160997	1.666667	1.544477
3547771308.904708	215.208209	273.465863	214.572380	207.918591	268.187465	222.497826	278.744260	0.182102	0.149361	1.661779	1.529814
3547771309.548167	230.117974	283.503436	214.187820	225.340959	275.875846	234.894989	291.131026	0.174853	0.153264	1.652004	1.534702
3547771310.240652	245.416518	294.373657	214.208054	240.486162	286.844276	250.346875	301.903038	0.171197	0.153264	1.647116	1.534702
3547771310.923132	260.240412	305.055895	215.672043	252.228340	309.155493	268.252483	300.956296	0.152583	0.117213	1.622678	1.490714
3547771311.572590	275.300815	315.410843	214.967369	266.541376	313.343909	284.060255	317.477777	0.171197	0.117213	1.647116	1.490714
3547771312.222051	287.073823	322.704260	187.630142	293.926114	316.869356	280.221532	328.539164	0.133400	0.117213	1.598240	1.490714
3547771312.905533	289.531118	321.725770	125.795944	288.344441	312.804346	290.717795	330.647193	0.182102	0.113076	1.661779	1.485826
3547771313.575002	289.521434	319.730183	63.319128	285.307456	311.777674	293.735411	327.682691	0.141143	0.104719	1.608016	1.476051
3547771314.242476	289.427265	319.568939	357.827881	292.204330	311.008103	286.650201	328.129775	0.117626	0.104719	1.578690	1.476051
3547771314.935963	282.062909	321.954710	338.773407	286.523889	314.138083	277.601930	329.771338	0.129493	0.104719	1.593353	1.476051
3547771315.593428	267.764329	327.267993	340.482910	259.405989	323.930605	276.122668	330.605381	0.121606	0.113076	1.583578	1.485826
3547771316.244887	252.390422	332.846520	339.841858	247.687378	325.173100	257.093467	340.519940	0.121606	0.087668	1.583578	1.456500
3547771316.910355	236.986813	338.639713	338.491577	243.445710	332.372126	230.527916	344.907301	0.117626	0.091973	1.578690	1.461388
3547771317.578828	222.413669	344.856322	337.150604	229.987833	349.717601	214.839505	339.995042	0.109591	0.078970	1.568915	1.446725
3547771318.300338	207.001087	351.536096	337.341644	215.360517	354.870752	198.641657	348.201439	0.109591	0.074576	1.568915	1.441838
3547771318.992825	190.511205	358.064377	339.307037	190.375933	349.065394	190.646477	367.063361	0.080665	0.074576	1.534702	1.441838
3547771320.334772	155.733755	371.103126	341.025223	146.852205	372.558486	164.615305	369.647766	0.097350	0.074576	1.554252	1.441838
3547771320.999240	138.751454	377.038700	340.753891	129.804779	376.060429	147.698128	378.016970	0.101456	0.052155	1.559140	1.417400
3547771321.713744	122.726116	382.638682	340.442886	114.508010	378.969524	130.944223	386.307840	0.093218	0.070153	1.549365	1.436950
3547771322.399231	105.848338	388.881398	340.561279	97.254372	386.208620	114.442304	391.554177	0.080665	0.047578	1.534702	1.412512
3547771323.086713	89.679722	394.704835	339.934479	84.287133	387.499283	95.072311	401.910388	0.089060	0.047578	1.544477	1.412512
3547771323.746180	73.430090	400.859304	339.060669	75.493608	392.099059	71.366572	409.619549	0.072162	0.047578	1.524927	1.412512
3547771324.411649	57.848388	407.035544	338.014587	66.463842	404.432864	49.232933	409.638225	0.076427	0.056701	1.529814	1.422287
3547771325.058105	42.699618	413.478724	336.469757	45.525105	422.023700	39.874131	404.933747	0.080665	0.056701	1.534702	1.422287
3547771326.404058	18.011790	424.779157	7.446651	9.748157	421.213715	26.275423	428.344599	0.076427	0.038328	1.529814	1.402737
3547771328.432486	19.060433	425.010768	350.891876	26.466557	419.897127	11.654309	430.124410	0.063549	0.052155	1.515152	1.417400
3547771329.761423	21.297275	425.091922	238.050079	27.170344	418.272313	15.424205	431.911530	0.089060	0.047578	1.544477	1.412512
3547771330.462918	27.713871	436.335356	242.715454	34.249928	442.522437	21.177814	430.148276	0.063549	0.033654	1.515152	1.397849
3547771331.173418	35.329780	452.022166	245.753799	29.466195	445.194401	41.193366	458.849930	0.063549	0.052155	1.515152	1.417400
3547771331.853898	42.715433	468.787367	248.843231	48.215063	475.911556	37.215803	461.663177	0.076427	0.028947	1.529814	1.392962
3547771332.532378	48.889415	485.444754	251.747498	45.218870	477.227266	52.559960	493.662241	0.059201	0.028947	1.510264	1.392962
3547771333.194848	54.321845	502.423630	251.985336	48.818566	495.302259	59.825125	509.545000	0.063549	0.038328	1.515152	1.402737
3547771333.881328	59.496294	518.237339	251.294983	59.788108	509.242071	59.204481	527.232606	0.067869	0.038328	1.520039	1.402737
3547771335.257299	70.495947	551.125003	252.431702	62.457644	547.077080	78.534250	555.172926	0.067869	0.042969	1.520039	1.407625
3547771335.935779	75.608673	568.237894	253.617142	68.836094	574.165134	82.381252	562.310654	0.072162	0.061216	1.524927	1.427175
3547771338.608665	97.932124	569.552621	129.232773	101.663285	577.742763	94.200963	561.362478	0.054824	0.042969	1.505376	1.407625
3547771339.308161	110.036017	553.987252	126.734779	102.136580	549.674609	117.935455	558.299895	0.063549	0.028947	1.515152	1.392962
3547771340.635096	136.146074	518.136884	125.415276	138.359021	509.413189	133.933126	526.860580	0.054824	0.038328	1.505376	1.402737
3547771341.324579	148.466127	500.195739	124.757153	155.552581	494.647571	141.379672	505.743906	0.054824	0.004911	1.505376	1.368524
3547771342.052094	161.435939	482.831059	126.029648	158.215480	474.426974	164.656398	491.235143	0.059201	0.038328	1.510264	1.402737
3547771342.741584	175.366704	463.928282	124.548973	183.446843	459.964527	167.286565	467.892036	0.045985	0.042969	1.495601	1.407625
3547771343.388037	189.164165	444.395955	124.850510	195.702552	438.211337	182.625778	450.580572	0.050419	0.028947	1.500489	1.392962
3547771344.714972	213.880427	408.341706	121.659500	207.044521	414.195799	220.716332	402.487614	0.063549	0.042969	1.515152	1.407625
3547771345.391448	224.492236	390.491651	119.892036	220.086741	382.643618	228.897731	398.339684	0.054824	0.019435	1.505376	1.383187
3547771346.056919	235.545917	370.669048	117.543098	244.227905	373.040352	226.863929	368.297744	0.072162	0.052155	1.524927	1.417400
3547771346.759415	244.619899	351.121541	112.278267	251.194490	344.975424	238.045308	357.267658	0.072162	0.038328	1.524927	1.402737
3547771347.472918	252.609131	331.574236	110.825798	259.488411	337.377295	245.729850	325.771176	0.063549	0.047578	1.515152	1.412512
3547771348.150396	260.261576	311.225658	108.576324	251.425888	312.937564	269.097264	309.513751	0.063549	0.056701	1.515152	1.422287
3547771348.825872	267.636594	288.151582	106.445961	270.875934	279.754756	264.397255	296.548407	0.045985	0.028947	1.495601	1.392962
3547771349.487339	273.872368	266.483304	104.250252	278.787212	274.022821	268.957524	258.943788	0.054824	0.052155	1.505376	1.417400
3547771350.184834	278.397387	247.737502	100.949730	274.737694	239.515175	282.057079	255.959828	0.054824	0.042969	1.505376	1.407625
3547771351.598829	283.259911	214.984625	99.259438	291.859881	212.331229	274.659940	217.638020	0.054824	0.033654	1.505376	1.397849
3547771355.722737	287.483083	169.452090	42.558300	296.386282	168.135637	278.579884	170.768543	0.037030	0.033654	1.485826	1.397849
3547771356.405221	277.519750	159.466751	44.941864	270.149263	154.301878	284.890238	164.631624	0.041523	0.038328	1.490714	1.402737
3547771357.089707	265.241371	147.460023	44.845184	258.403863	141.607802	272.078879	153.312243	0.054824	0.033654	1.505376	1.397849
3547771357.761177	252.086439	135.073163	41.626236	258.451249	141.436276	245.721630	128.710051	0.063549	0.038328	1.515152	1.402737
3547771359.110128	222.740687	111.369025	37.658436	223.106670	102.376469	222.374704	120.361581	0.054824	0.033654	1.505376	1.397849
3547771359.744575	207.467793	100.590767	33.355408	199.072574	103.834267	215.863012	97.347266	0.054824	0.070153	1.505376	1.436950
3547771360.431058	191.222311	90.526673	29.958632	200.164402	89.507353	182.280220	91.545993	0.059201	0.019435	1.510264	1.383187
3547771361.099532	175.052960	81.600978	26.790145	166.086693	82.379470	184.019227	80.822485	0.093218	0.038328	1.549365	1.402737
3547771361.788017	156.585396	73.273968	21.419136	151.713468	80.841287	161.457324	65.706649	0.093218	0.042969	1.549365	1.407625
3547771366.518355	32.525614	72.386163	337.681702	41.518590	72.741647	23.532637	72.030678	0.322472	0.133495	1.876833	1.510264
3547771367.193830	18.547049	79.434522	319.324982	26.638003	75.492889	10.456096	83.376155	0.316794	0.149361	1.867058	1.529814
3547771367.887326	17.436640	82.833633	243.031250	25.571026	86.684836	9.302254	78.982431	0.322472	0.176172	1.876833	1.564027
3547771368.557794	22.315770	84.903483	194.540710	24.437903	76.157253	20.193637	93.649714	0.293470	0.133495	1.827957	1.510264
3547771369.238272	36.742959	88.279919	190.849930	30.367401	94.632262	43.118517	81.927576	0.305255	0.153264	1.847507	1.534702
3547771370.545194	72.189500	89.894193	172.639694	70.863232	98.795935	73.515768	80.992450	0.284465	0.153264	1.813294	1.534702
3547771371.210666	90.766946	85.688591	159.530289	85.031612	92.624436	96.502279	78.752745	0.296440	0.153264	1.832845	1.534702
3547771371.865126	107.096345	77.617208	145.139526	101.821246	70.325203	112.371444	84.909212	0.269128	0.129464	1.788856	1.505376
3547771373.179054	131.997211	48.766443	115.317303	124.827944	54.207178	139.166479	43.325708	0.278380	0.121324	1.803519	1.495601
3547771373.883552	137.173781	31.428040	99.272636	145.737982	28.661369	128.609581	34.194711	0.296440	0.164826	1.832845	1.549365
3547771376.592461	126.149124	17.131080	314.375641	124.216904	8.340942	128.081344	25.921218	0.386277	0.335366	1.994135	1.803519
3547771377.328980	115.580761	28.840034	312.777252	124.420861	27.151060	106.740661	30.529009	0.427112	0.354721	2.077224	1.837732
3547771378.010462	103.524595	42.823396	309.670380	94.748453	44.818220	112.300738	40.828572	0.433982	0.368110	2.091887	1.862170
3547771378.701949	92.637812	57.303553	304.972504	94.759789	66.049822	90.515834	48.557285	0.436250	0.373368	2.096774	1.871945
3547771379.387444	83.049005	73.071620	298.682404	85.110453	81.832352	80.987556	64.310888	0.424801	0.370746	2.072336	1.867058
3547771380.076920	75.004433	89.322322	294.076874	83.495328	86.338248	66.513538	92.306397	0.417801	0.362797	2.057674	1.852395
3547771380.748395	68.544707	105.236011	288.570496	72.508180	97.155734	64.581233	113.316288	0.410700	0.360119	2.043011	1.847507
3547771382.109354	59.101224	139.090236	283.502594	52.905792	132.562095	65.296656	145.618376	0.391257	0.335366	2.003910	1.803519
3547771382.748804	55.354807	157.274425	279.828369	57.377000	166.044301	53.332613	148.504548	0.396189	0.343750	2.013685	1.818182
3547771384.129779	52.989184	193.233489	268.482361	61.920291	194.344944	44.058078	192.122035	0.355342	0.309375	1.935484	1.759531
3547771384.791246	54.430869	212.285518	262.378998	63.416755	211.781681	45.444983	212.789356	0.350002	0.288244	1.925709	1.725318
3547771386.154207	62.394374	246.539764	248.538513	65.503215	254.985776	59.285533	238.093753	0.333655	0.266257	1.896383	1.691105
3547771386.826683	69.133117	262.528984	245.677246	63.808883	255.272778	74.457352	269.785190	0.313932	0.272629	1.862170	1.700880
3547771387.515166	75.833119	278.344524	246.543716	66.855990	277.703306	84.810247	278.985742	0.311055	0.253289	1.857283	1.671554
3547771388.197652	82.571758	294.973610	247.467079	76.645823	301.747331	88.497693	288.199889	0.287483	0.246691	1.818182	1.661779
3547771389.598638	96.618250	327.673112	246.232162	88.269853	324.310931	104.966647	331.035294	0.266010	0.236647	1.783969	1.647116
3547771390.248095	104.566755	344.433021	243.689224	113.358016	342.505917	95.775494	346.360125	0.269128	0.219503	1.788856	1.622678
3547771391.590042	122.689927	374.751678	234.015182	113.694968	374.450502	131.684886	375.052853	0.256553	0.205412	1.769306	1.603128
3547771392.239502	135.437502	390.538489	227.910789	126.532369	391.841789	144.342636	389.235189	0.246938	0.201835	1.754643	1.598240
3547771392.948000	149.982732	405.107465	221.841927	141.558534	408.274938	158.406930	401.939991	0.233865	0.176172	1.735093	1.564027
3547771394.325973	184.949932	428.244342	203.769791	181.167592	436.410976	188.732272	420.077709	0.210264	0.183618	1.700880	1.573803
3547771394.989440	205.533301	435.334205	193.590836	213.881609	431.971802	197.184993	438.696608	0.227217	0.164826	1.725318	1.549365
3547771395.640901	226.295843	438.550043	184.109772	217.771600	441.437477	234.820086	435.662608	0.199856	0.168632	1.686217	1.554252
3547771396.312373	247.349084	438.612512	175.940842	247.244209	429.613123	247.453959	447.611901	0.189266	0.160997	1.671554	1.544477
3547771396.986850	268.577885	435.527257	167.220718	274.487324	442.315374	262.668446	428.739140	0.206815	0.153264	1.695992	1.534702
3547771397.681339	288.197434	429.904786	149.990662	294.689809	423.671884	281.705058	436.137688	0.203346	0.160997	1.691105	1.544477
3547771400.349221	261.825009	408.520829	30.118721	270.490271	406.089115	253.159746	410.952543	0.174853	0.133495	1.652004	1.510264
3547771401.028699	246.738436	400.054350	28.443815	248.256476	408.925402	245.220396	391.183299	0.156350	0.125407	1.627566	1.500489
3547771401.674156	231.984719	392.228925	26.803486	223.029635	393.126963	240.939803	391.330888	0.156350	0.137500	1.627566	1.515152
3547771402.349634	214.859951	383.961258	23.438343	223.791290	385.070845	205.928612	382.851672	0.160095	0.113076	1.632454	1.485826
3547771403.148195	197.955120	377.122237	19.399778	193.249228	369.450563	202.661011	384.793911	0.141143	0.121324	1.608016	1.495601
3547771403.826677	180.461077	371.184186	17.773579	188.381569	366.910334	172.540585	375.458038	0.148793	0.113076	1.617791	1.485826
3547771405.858108	123.436777	358.467328	6.040925	125.595857	349.730145	121.277697	367.204512	0.137283	0.117213	1.603128	1.490714
3547771406.535585	107.429402	357.019827	4.743409	116.425072	356.740695	98.433732	357.298960	0.137283	0.096250	1.603128	1.466276
3547771407.215068	89.946992	356.202322	2.405596	83.905056	362.872780	95.988927	349.531863	0.133400	0.104719	1.598240	1.476051
3547771407.871531	73.093235	356.093524	0.427049	69.365554	347.901797	76.820916	364.285251	0.129493	0.096250	1.593353	1.466276
3547771409.213474	38.475891	358.104746	354.949890	38.025362	367.093462	38.926420	349.116029	0.133400	0.091973	1.598240	1.461388
3547771411.969421	22.563688	374.189379	230.933670	31.560502	373.949917	13.566875	374.428841	0.109591	0.070153	1.568915	1.436950
3547771412.636891	35.135911	388.850882	227.411652	26.693394	385.732564	43.578428	391.969199	0.109591	0.117213	1.568915	1.490714
3547771413.294353	49.592123	403.228915	221.517410	40.597675	403.545004	58.586571	402.912827	0.101456	0.083333	1.559140	1.451613
3547771414.622293	84.660930	426.199918	206.585907	90.856056	419.671486	78.465805	432.728350	0.105536	0.091973	1.564027	1.461388
3547771415.302773	106.076165	436.088594	202.381577	97.358519	433.851935	114.793812	438.325253	0.089060	0.087668	1.544477	1.456500
3547771416.008269	125.830346	444.039296	199.820351	134.347007	441.129575	117.313684	446.949017	0.109591	0.096250	1.568915	1.466276
3547771416.685746	146.209342	450.587360	194.891556	145.196192	441.644568	147.222491	459.530151	0.101456	0.083333	1.559140	1.451613
3547771417.363225	167.338361	455.228267	187.072693	176.240065	453.901748	158.436656	456.554787	0.101456	0.100498	1.559140	1.471163
3547771418.726188	211.535294	455.558394	172.236252	206.820800	463.224785	216.249788	447.892004	0.097350	0.052155	1.554252	1.417400
3547771419.381649	232.903820	451.745260	166.598343	233.747968	460.705584	232.059672	442.784936	0.097350	0.074576	1.554252	1.441838
3547771420.080142	253.698448	446.383194	164.276199	246.574277	440.883540	260.822618	451.882848	0.089060	0.074576	1.544477	1.441838
3547771420.789645	275.772826	440.259299	163.979996	270.564203	432.919664	280.981449	447.598934	0.080665	0.065700	1.534702	1.432063
3547771422.804064	291.529578	436.569395	188.712357	289.593651	427.780073	293.465506	445.358717	0.072162	0.052155	1.524927	1.417400
3547771428.848328	285.617870	403.550096	82.508972	278.991308	397.460048	292.244431	409.640143	0.059201	0.042969	1.510264	1.407625
3547771429.552833	283.062210	385.662243	82.556572	276.153379	379.894397	289.971042	391.430089	0.054824	0.038328	1.505376	1.402737
3547771430.901779	277.754338	348.007019	81.405472	280.206378	339.347486	275.302299	356.666551	0.050419	0.052155	1.500489	1.417400
3547771431.543231	274.485121	328.952405	80.698830	281.972503	323.958498	266.997739	333.946312	0.059201	0.052155	1.510264	1.417400
3547771432.902188	267.863119	287.435952	79.981895	276.788665	288.591211	258.937572	286.280693	0.063549	0.038328	1.515152	1.402737
3547771433.552648	263.098774	265.465436	76.840031	254.173543	264.307749	272.024006	266.623124	0.050419	0.038328	1.500489	1.402737
3547771434.246135	258.540820	248.100587	75.559669	257.094112	239.217624	259.987528	256.983550	0.027957	0.028947	1.476051	1.392962
3547771434.915609	257.430073	238.149886	92.040337	264.666918	243.500408	250.193229	232.799365	0.050419	0.052155	1.500489	1.417400
3547771435.633114	257.650103	222.050174	86.511551	266.587779	220.992845	248.712427	223.107503	0.054824	0.033654	1.505376	1.397849
3547771436.290579	256.160740	203.100452	82.635376	248.819290	197.894386	263.502190	208.306517	0.041523	0.047578	1.490714	1.412512
3547771436.999078	253.292233	183.280319	79.348740	259.804132	189.492820	246.780334	177.067818	0.027957	0.038328	1.476051	1.402737
3547771437.683562	249.707774	164.233445	77.431175	241.651931	168.246350	257.763616	160.220541	0.054824	0.038328	1.505376	1.402737
3547771438.372050	244.634120	143.559086	73.273582	252.288697	148.292737	236.979543	138.825435	0.050419	0.038328	1.500489	1.402737
3547771439.059532	238.952819	125.183274	70.666611	229.954482	125.010268	247.951156	125.356279	0.050419	0.019435	1.500489	1.383187
3547771439.728003	232.498471	107.387381	67.181709	240.913485	110.579172	224.083457	104.195589	0.050419	0.038328	1.500489	1.402737
3547771440.428497	224.569468	89.583043	62.946159	223.542951	80.641776	225.595986	98.524311	0.059201	0.038328	1.510264	1.402737
3547771441.117983	214.637789	71.476030	57.342072	208.223085	65.163219	221.052493	77.788840	0.067869	0.019435	1.520039	1.383187
3547771441.765440	202.948083	54.532241	52.333801	195.039175	58.827490	210.856992	50.236992	0.023375	0.047578	1.471163	1.412512
3547771442.429910	190.751779	39.377876	48.337320	199.183172	42.526145	182.320385	36.229607	0.063549	0.052155	1.515152	1.417400
3547771443.146415	177.096864	24.932975	44.766779	170.738737	18.563184	183.454990	31.302765	0.041523	0.061216	1.490714	1.427175
3547771447.977824	161.165406	18.499636	293.096436	168.370930	23.892263	153.959883	13.107008	0.113621	0.117213	1.573803	1.490714
3547771448.664308	154.232372	32.559115	298.307480	152.942429	41.466194	155.522314	23.652036	0.113621	0.141479	1.573803	1.520039
3547771449.353797	145.535840	47.384170	302.500000	138.446325	41.839913	152.625354	52.928428	0.152583	0.153264	1.622678	1.534702
3547771450.757786	124.069979	77.279681	309.172791	115.405922	74.843678	132.734036	79.715684	0.189266	0.222973	1.671554	1.627566
3547771451.419252	112.589634	90.967393	312.776428	121.431122	89.285703	103.748145	92.649083	0.217104	0.246691	1.710655	1.661779
3547771452.135756	99.172326	104.099645	317.051178	96.948481	112.820569	101.396172	95.378721	0.196347	0.253289	1.681329	1.671554
3547771453.508725	71.513599	125.156764	330.289978	75.206024	133.364443	67.821175	116.949084	0.217104	0.403797	1.710655	1.930596
3547771454.169192	55.901693	132.864738	337.134552	63.396850	137.846968	48.406535	127.882508	0.220494	0.263043	1.715543	1.686217
3547771454.889699	40.778083	138.757050	341.800812	35.455530	146.014489	46.100637	131.499611	0.213694	0.259811	1.705767	1.681329
3547771455.573183	24.271598	143.750129	346.143097	19.430794	136.162862	29.112402	151.337395	0.210264	0.246691	1.700880	1.661779
3547771456.254662	15.238436	144.867374	29.852333	24.238202	144.802548	6.238669	144.932199	0.213694	0.275788	1.705767	1.705767
3547771456.914129	14.740779	144.206559	98.466713	22.667091	148.469608	6.814468	139.943511	0.199856	0.233259	1.686217	1.642229
3547771457.607617	14.836446	144.159513	145.771393	6.272793	141.391149	23.400099	146.927878	0.199856	0.250000	1.686217	1.666667
3547771458.251072	17.059342	144.522570	201.083237	16.867595	135.524613	17.251089	153.520527	0.203346	0.222973	1.691105	1.627566
3547771458.893525	27.641363	150.239851	212.975388	33.108888	143.090993	22.173839	157.388710	0.196347	0.208967	1.681329	1.608016
3547771459.550991	40.438094	159.844772	218.756943	48.669586	156.205743	32.206602	163.483801	0.178488	0.208967	1.656891	1.608016
3547771460.923964	66.743300	185.202992	226.770355	61.843621	177.653611	71.642980	192.752372	0.185695	0.198236	1.666667	1.593353
3547771461.572415	79.335369	199.274881	229.471695	80.550528	208.192470	78.120211	190.357292	0.178488	0.183618	1.656891	1.573803
3547771462.259905	91.614882	215.303507	235.234299	88.233596	223.644185	94.996168	206.962829	0.167518	0.205412	1.642229	1.603128
3547771463.634870	107.509945	246.143635	250.074158	116.059997	243.333545	98.959892	248.953724	0.133400	0.164826	1.598240	1.549365
3547771464.283329	114.135284	264.224856	249.778931	123.133044	264.024041	105.137525	264.425672	0.152583	0.160997	1.622678	1.544477
3547771464.953805	119.886370	279.197165	248.954132	126.140675	285.668924	113.632065	272.725405	0.148793	0.176172	1.617791	1.564027
3547771465.620269	127.506389	297.223473	247.854942	124.582533	305.735293	130.430245	288.711654	0.121606	0.145433	1.583578	1.524927
3547771466.308756	134.805879	313.064794	249.880707	143.736675	311.950840	125.875084	314.178747	0.141143	0.145433	1.608016	1.524927
3547771467.020257	139.434954	329.748714	254.490189	139.625592	338.746694	139.244315	320.750733	0.137283	0.129464	1.603128	1.505376
3547771467.678724	143.498883	348.238243	260.373322	140.170056	356.599996	146.827710	339.876490	0.133400	0.125407	1.598240	1.500489
3547771469.013663	146.300526	385.636056	269.631653	150.968715	377.941382	141.632336	393.330730	0.125561	0.117213	1.588465	1.490714
3547771469.720162	145.830682	404.805291	272.032898	137.194065	407.336860	154.467299	402.273722	0.129493	0.117213	1.593353	1.490714
3547771471.059107	143.842943	443.306153	271.948242	135.023199	445.098390	152.662687	441.513916	0.101456	0.117213	1.559140	1.490714
3547771471.718572	143.666467	462.032550	269.657852	148.131482	454.218227	139.201452	469.846873	0.101456	0.100498	1.559140	1.471163
3547771472.376036	144.104994	481.218659	267.253326	146.051059	490.005742	142.158929	472.431576	0.101456	0.104719	1.559140	1.476051
3547771473.062520	144.903299	498.470764	265.434021	135.907501	498.195783	153.899097	498.745746	0.105536	0.104719	1.564027	1.476051
3547771473.746003	146.307172	517.085376	264.317383	142.607768	508.880840	150.006576	525.289912	0.101456	0.125407	1.559140	1.500489
3547771475.086949	148.188675	552.046319	269.189713	155.699329	547.087480	140.678022	557.005158	0.093218	0.091973	1.549365	1.461388
3547771475.778436	147.984981	569.427206	272.730179	142.989838	576.913763	152.980124	561.940648	0.076427	0.083333	1.529814	1.451613
3547771478.498355	130.792566	578.302731	32.052295	125.444060	571.064397	136.141072	585.541065	0.072162	0.070153	1.524927	1.436950
3547771479.224867	117.243344	568.757495	33.153889	108.368802	570.254990	126.117887	567.259999	0.067869	0.070153	1.520039	1.436950
3547771479.891337	102.858784	558.914694	32.946487	93.866068	558.552673	111.851500	559.276716	0.067869	0.056701	1.520039	1.422287
3547771480.580824	87.428057	548.427659	32.903542	78.459175	547.679891	96.396939	549.175428	0.063549	0.052155	1.515152	1.417400
3547771481.241289	72.231412	538.263338	31.846050	68.478562	530.083110	75.984261	546.443565	0.059201	0.052155	1.510264	1.417400
3547771482.595246	40.374834	518.944201	27.667337	35.241207	526.336485	45.508462	511.551916	0.063549	0.042969	1.515152	1.407625
3547771483.310755	23.957640	510.578241	25.719423	18.975231	503.083202	28.940048	518.073280	0.089060	0.042969	1.544477	1.407625
3547771484.017252	14.308865	507.592162	330.911926	22.091820	512.111633	6.525910	503.072691	0.050419	0.042969	1.500489	1.407625
3547771484.741759	13.656452	508.333598	260.875763	14.765778	517.264969	12.547126	499.402227	0.054824	0.056701	1.505376	1.422287
3547771485.443258	13.302135	508.051738	186.610748	21.862046	510.831652	4.742224	505.271823	0.063549	0.038328	1.515152	1.402737
3547771486.149753	15.936753	505.079144	127.104027	7.013252	503.908191	24.860254	506.250096	0.050419	0.038328	1.500489	1.402737
3547771486.802214	25.089946	492.468190	124.546654	33.179257	488.523187	17.000635	496.413193	0.063549	0.042969	1.515152	1.407625
3547771488.118143	46.320849	455.200738	114.151703	38.494556	450.756736	54.147141	459.644739	0.045985	0.009786	1.495601	1.373412
3547771488.771602	55.021603	435.457492	112.907898	56.716362	426.618500	53.326844	444.296485	0.032508	0.047578	1.480938	1.412512
3547771490.094537	69.683238	394.480993	106.411865	73.206935	386.199474	66.159541	402.762512	0.050419	0.047578	1.500489	1.412512
3547771490.781022	76.079931	374.226775	106.520393	78.685883	365.612309	73.473980	382.841240	0.050419	0.065700	1.500489	1.432063
3547771491.433481	81.512136	353.953413	102.370567	72.835338	356.343639	90.188934	351.563188	0.018762	0.009786	1.466276	1.373412
3547771492.098949	85.898929	332.954485	99.415230	93.983036	328.998829	77.814821	336.910141	0.037030	0.038328	1.485826	1.402737
3547771494.807860	94.023461	243.091812	87.320564	99.427269	235.894669	88.619654	250.288955	0.041523	0.070153	1.490714	1.436950
3547771495.481339	92.276673	220.395101	84.642868	90.664223	229.249479	93.889122	211.540723	0.037030	0.028947	1.485826	1.392962
3547771497.526779	80.745023	156.111871	69.455711	77.737929	147.629101	83.752116	164.594641	0.027957	0.019435	1.476051	1.383187
3547771498.193248	72.264298	136.905234	61.582039	80.804632	134.065745	63.723964	139.744722	0.045985	0.061216	1.495601	1.427175
3547771499.573227	48.602754	104.583361	45.059006	40.679139	100.315303	56.526370	108.851419	0.032508	0.009786	1.480938	1.373412
3547771500.227688	34.345244	90.968412	42.145889	43.029633	93.330907	25.660855	88.605918	0.037030	0.009786	1.485826	1.373412
3547771500.902166	20.211277	79.067516	37.064968	25.543669	71.817303	14.878886	86.317730	0.027957	0.056701	1.476051	1.422287
3547771501.558624	14.862288	77.107060	332.297089	20.740609	70.291978	8.983967	83.922142	0.045985	0.024208	1.495601	1.388074
3547771502.247110	14.550102	77.674156	280.249359	19.979662	84.851891	9.120543	70.496420	0.023375	0.019435	1.471163	1.383187
3547771502.906575	14.602421	77.446069	324.341125	20.783653	83.987657	8.421189	70.904482	0.023375	0.028947	1.471163	1.392962
3547771503.585054	13.324599	77.505236	20.514231	4.364229	78.348902	22.284969	76.661570	0.037030	0.028947	1.485826	1.392962
3547771504.318571	13.425830	77.937648	78.419304	12.343842	86.872373	14.507819	69.002924	0.009444	0.009786	1.456500	1.373412
3547771504.958022	13.422155	78.717938	76.953712	4.423209	78.580175	22.421100	78.855700	0.014119	0.033654	1.461388	1.397849
3547771505.610482	13.380129	78.641258	11.282934	22.011088	76.090466	4.749170	81.192050	0.041523	0.033654	1.490714	1.397849
3547771506.944427	12.533993	78.918228	73.350060	20.527859	83.053214	4.540127	74.783242	0.032508	0.033654	1.480938	1.397849
3547771507.630908	13.580692	80.870858	47.686924	18.384483	88.481613	8.776902	73.260102	0.054824	0.009786	1.505376	1.373412
3547771508.306391	14.861699	81.336300	344.699127	21.775729	75.574686	7.947670	87.097914	0.045985	0.038328	1.495601	1.402737
3547771508.975863	15.680167	80.746953	277.557709	7.669305	76.644990	23.691028	84.848915	0.032508	0.019435	1.480938	1.383187
3547771509.646331	17.910458	84.413664	237.056244	26.829775	85.616071	8.991141	83.211257	0.045985	0.042969	1.495601	1.407625
3547771510.311799	27.432774	97.202211	231.732956	33.533861	90.585812	21.331686	103.818609	0.027957	0.019435	1.476051	1.383187
3547771510.967261	38.661959	110.817870	230.151062	45.210244	116.992007	32.113674	104.643734	0.054824	0.024208	1.505376	1.388074
3547771511.624726	51.333943	126.145414	229.064041	48.914087	134.813996	53.753798	117.476833	0.037030	0.056701	1.485826	1.422287
3547771512.338230	65.626196	141.925914	225.738876	69.587780	133.844710	61.664611	150.007117	0.050419	0.028947	1.500489	1.392962
3547771513.011709	81.158041	157.196804	222.306107	75.043261	163.800551	87.272820	150.593058	0.050419	0.014628	1.500489	1.378299
3547771514.343644	116.744908	185.628259	216.451096	113.924084	194.174776	119.565732	177.081742	0.045985	0.019435	1.495601	1.383187
3547771515.025124	134.260150	197.325203	214.562378	127.023692	191.974159	141.496608	202.676246	0.050419	0.033654	1.500489	1.397849
3547771515.718614	152.078417	209.501073	214.010406	148.722538	201.150140	155.434297	217.852005	0.059201	0.019435	1.510264	1.383187
3547771516.372075	171.855173	222.075765	210.008430	167.712919	230.065867	175.997428	214.085663	0.045985	0.028947	1.495601	1.392962
3547771517.713021	209.066205	240.857466	200.358688	214.886447	233.992716	203.245963	247.722215	0.050419	0.033654	1.500489	1.397849
3547771518.368483	230.734349	247.616942	194.531616	232.935934	238.890372	228.532764	256.343512	0.037030	0.028947	1.485826	1.392962
3547771519.032953	252.168881	252.532257	188.976776	248.003157	244.554366	256.334605	260.510148	0.050419	0.014628	1.500489	1.378299
3547771519.715434	273.479801	254.559750	181.447739	279.710266	248.065036	267.249336	261.054464	0.050419	0.024208	1.500489	1.388074
3547771522.390321	290.967352	253.350883	17.825640	298.654712	248.670658	283.279993	258.031107	0.054824	0.033654	1.505376	1.397849
3547771523.065796	283.001714	251.042262	17.341089	291.984237	250.481658	274.019190	251.602866	0.023375	0.028947	1.471163	1.392962
3547771523.727264	270.832641	246.479865	25.087778	271.237173	237.488961	270.428110	255.470769	0.032508	0.024208	1.480938	1.388074
3547771524.404746	270.717945	246.405103	24.702120	274.474865	238.226744	266.961025	254.583461	0.050419	0.004911	1.500489	1.368524
3547771525.073213	270.726766	246.405246	24.698553	274.512832	238.240339	266.940700	254.570153	0.067869	0.028947	1.520039	1.392962
3547771525.733681	270.725614	246.406280	24.713234	274.391408	238.186673	267.059819	254.625888	0.032508	0.024208	1.480938	1.388074
3547771526.431171	270.716600	246.405591	24.807375	273.593503	237.877788	267.839698	254.933394	0.045985	0.047578	1.495601	1.412512
3547771527.085635	270.723797	246.403638	24.716919	274.359278	238.170578	267.088317	254.636698	0.072162	0.009786	1.524927	1.373412
3547771527.771118	270.716653	246.406395	24.711922	274.393230	238.191605	267.040075	254.621185	0.050419	0.009786	1.500489	1.373412
3547771528.427580	270.722050	246.410531	24.708635	274.425605	238.207868	267.018496	254.613194	0.045985	0.000000	1.495601	1.363636
3547771529.083044	270.718609	246.403595	24.721378	274.317339	238.154404	267.119879	254.652785	0.032508	0.028947	1.480938	1.392962
3547771529.755517	270.731256	246.413202	24.845455	273.281411	237.782055	268.181101	255.044350	0.037030	0.014628	1.485826	1.378299
3547771530.409980	270.714924	246.404284	24.710447	274.403609	238.194924	267.026239	254.613645	0.076427	0.033654	1.529814	1.397849
3547771531.092460	270.716164	246.410028	24.835096	273.355589	237.805760	268.076739	255.014297	0.037030	0.024208	1.485826	1.388074
3547771531.764937	270.717613	246.408205	24.763121	273.968968	238.016024	267.466258	254.800385	0.037030	0.033654	1.485826	1.397849
3547771532.438409	264.773800	243.353452	23.436993	273.703632	244.475098	255.843967	242.231806	0.027957	0.014628	1.476051	1.378299
3547771534.468843	219.720565	219.902065	30.410112	227.321949	215.083458	212.119182	224.720672	0.041523	0.028947	1.490714	1.392962
3547771535.107295	202.942827	209.777900	29.403296	211.078545	213.626288	194.807109	205.929511	0.037030	0.019435	1.485826	1.383187
3547771535.780766	187.226938	201.633082	25.560883	183.490313	193.445431	190.963564	209.820733	0.032508	-0.014946	1.480938	1.348974
3547771536.450239	169.437985	193.939871	21.290085	163.632707	200.817279	175.243263	187.062462	0.023375	0.014628	1.471163	1.378299
3547771537.100698	151.115293	187.562478	16.802052	159.111889	191.692181	143.118697	183.432775	0.067869	0.004911	1.520039	1.368524
3547771537.785181	132.230834	182.671060	12.249952	135.031316	174.117856	129.430352	191.224264	0.117626	0.014628	1.578690	1.378299
3547771541.784003	22.667265	185.953346	331.983459	30.361383	181.284239	14.973148	190.622452	0.210264	0.004911	1.700880	1.368524
3547771542.483496	16.871457	190.953863	273.376007	17.388189	199.939017	16.354726	181.968710	0.206815	0.065700	1.695992	1.432063
3547771543.160975	18.194605	192.556132	204.248749	18.601503	201.546929	17.787707	183.565334	0.206815	0.028947	1.695992	1.392962
3547771543.831446	28.903195	196.590236	202.361923	20.231187	194.182689	37.575203	198.997783	0.189266	0.028947	1.671554	1.392962
3547771544.478903	45.380551	202.754614	198.785812	52.233181	208.589119	38.527920	196.920109	0.189266	0.019435	1.671554	1.383187
3547771545.165390	62.749119	208.051496	193.992752	69.116861	201.691318	56.381377	214.411674	0.196347	0.004911	1.681329	1.368524
3547771545.814848	82.438030	211.401896	184.544769	75.924429	217.612612	88.951631	205.191179	0.182102	0.024208	1.661779	1.388074
3547771546.483319	103.908540	210.883067	170.995789	95.127453	208.910121	112.689626	212.856013	0.199856	0.033654	1.686217	1.397849
3547771547.172804	122.410807	205.454165	156.024490	130.240541	201.016230	114.581073	209.892101	0.171197	0.019435	1.647116	1.383187
3547771547.844279	139.239816	195.094375	142.652580	147.864305	197.666957	130.615326	192.521792	0.167518	0.033654	1.642229	1.397849
3547771548.516754	152.712994	181.744211	127.048874	143.867610	180.083132	161.558378	183.405290	0.240438	0.074576	1.744868	1.441838
3547771549.193230	162.113689	163.515748	106.610050	163.937862	154.702554	160.289515	172.328942	0.365860	0.160997	1.955034	1.544477
3547771549.861701	164.394514	143.833070	87.489464	168.511604	135.829972	160.277424	151.836167	0.440755	0.190972	2.106549	1.583578
3547771550.561195	160.597155	124.336835	72.268890	160.707486	133.336158	160.486824	115.337511	0.485654	0.219503	2.209189	1.622678
3547771551.205650	151.823426	107.099862	55.386526	160.082333	103.523486	143.564520	110.676238	0.509486	0.263043	2.267840	1.686217
3547771551.902144	139.888667	93.874728	40.374609	135.844052	101.914696	143.933283	85.834760	0.533951	0.312327	2.331378	1.764418
3547771552.593631	125.362204	83.871402	26.986297	116.719600	86.382458	134.004807	81.360346	0.533951	0.352000	2.331378	1.832845
3547771553.275109	108.957367	77.591473	15.475693	106.885678	86.349789	111.029056	68.833157	0.530274	0.362797	2.321603	1.852395
3547771553.973603	93.309849	73.953591	10.017404	98.336717	81.418884	88.282981	66.488298	0.532117	0.388817	2.326491	1.901271
3547771555.347573	62.189017	70.634233	5.167258	70.273884	66.680129	54.104151	74.588337	0.515253	0.388817	2.282502	1.901271
3547771556.671506	32.666016	67.919043	4.130794	40.186304	72.863259	25.145728	62.974827	0.489714	0.362797	2.218964	1.852395
3547771558.717950	14.678456	70.618077	238.064529	20.452371	63.714317	8.904540	77.521837	0.469051	0.346515	2.170088	1.823069
3547771559.384419	21.078353	81.353073	239.821854	13.223583	76.959601	28.933122	85.746546	0.440755	0.335366	2.106549	1.803519
3547771560.030880	29.758414	95.424051	238.072723	35.475567	88.473212	24.041260	102.374889	0.431703	0.329700	2.086999	1.793744
3547771560.732374	39.876312	110.048883	234.700714	32.722801	115.510319	47.029823	104.587447	0.408310	0.323973	2.038123	1.783969
3547771562.085325	63.656893	139.308664	226.125793	64.276301	130.330004	63.037485	148.287324	0.371040	0.291314	1.964809	1.730205
3547771562.746792	77.762864	152.455026	219.795563	78.803836	143.515430	76.721892	161.394622	0.373611	0.278929	1.969697	1.710655
3547771563.381240	93.333588	164.001288	212.695038	100.565683	158.644349	86.101492	169.358227	0.350002	0.269452	1.925709	1.695992
3547771564.810250	126.932922	180.960626	198.242310	129.780866	189.498144	124.084978	172.423108	0.341891	0.256560	1.911046	1.676442
3547771565.485724	145.758368	186.163610	195.766899	138.243260	181.211524	153.273476	191.115696	0.322472	0.250000	1.876833	1.666667
3547771566.138185	164.887349	191.138443	191.828766	166.601342	199.973727	163.173357	182.303160	0.305255	0.272629	1.847507	1.700880
3547771566.829673	183.994707	194.592578	187.333839	192.252104	191.012718	175.737310	198.172438	0.305255	0.300420	1.847507	1.744868
3547771567.512154	202.709528	196.056803	182.475311	200.370266	187.366127	205.048791	204.747479	0.290485	0.329700	1.823069	1.793744
3547771568.263684	221.731364	196.286318	177.979568	213.746679	200.439005	229.716048	192.133630	0.281431	0.360119	1.808407	1.847507
3547771568.921153	240.445805	195.971399	180.572952	249.424621	196.588542	231.466989	195.354256	0.272228	0.346515	1.793744	1.823069
3547771569.569606	259.702961	197.022584	183.194122	252.219731	192.022457	267.186191	202.022711	0.266010	0.340970	1.783969	1.813294
3547771570.924564	290.113247	197.909438	196.054871	281.501165	195.295619	298.725328	200.523257	0.240438	0.340970	1.744868	1.813294
3547771572.966003	291.362936	199.535789	6.576361	288.761994	190.919810	293.963878	208.151768	0.256553	0.332541	1.769306	1.798631
3547771573.635474	284.546825	197.195029	23.767956	293.356517	195.354018	275.737132	199.036040	0.256553	0.312327	1.769306	1.764418
3547771574.298941	272.376565	190.692439	28.531898	274.669101	199.395557	270.084029	181.989320	0.250160	0.303422	1.759531	1.749756
3547771574.965415	258.821431	182.052237	33.627724	251.607952	187.434218	266.034910	176.670256	0.266010	0.323973	1.783969	1.783969
3547771576.316366	232.201840	161.331349	43.358727	237.457278	154.025161	226.946403	168.637536	0.259722	0.285156	1.774194	1.720430
3547771576.956820	220.518633	149.604442	48.001694	227.442673	155.354021	213.594593	143.854862	0.269128	0.306407	1.788856	1.754643
3547771577.644302	210.814422	137.415517	53.804092	214.294447	145.715483	207.334398	129.115552	0.272228	0.349265	1.793744	1.827957
3547771579.005263	194.268756	109.039416	61.199631	203.251782	109.591903	185.285730	108.486930	0.281431	0.386276	1.808407	1.896383
3547771579.668730	186.951993	94.154872	62.260189	191.821283	86.585855	182.082703	101.723889	0.290485	0.401332	1.823069	1.925709
3547771580.336203	179.260070	79.099599	64.104908	170.656056	76.459343	187.864083	81.739854	0.290485	0.415938	1.823069	1.955034
3547771581.639128	164.152548	49.597530	60.892225	172.547292	52.842262	155.757805	46.352798	0.287483	0.388817	1.818182	1.901271
3547771582.321602	155.975283	35.484646	58.332586	147.178905	37.388258	164.771660	33.581034	0.293470	0.413534	1.827957	1.950147
3547771583.010087	147.500906	22.050320	56.216299	150.437453	13.542871	144.564358	30.557769	0.275312	0.391346	1.798631	1.906158
3547771586.387471	146.919763	20.843483	263.912750	146.749067	11.845102	147.090458	29.841864	0.259722	0.338176	1.774194	1.808407
3547771587.050939	147.234088	35.412348	270.002258	148.798491	26.549355	145.669686	44.275341	0.266010	0.326844	1.783969	1.788856
3547771587.708402	147.433919	51.606363	269.111023	155.311138	47.253269	139.556701	55.959456	0.275312	0.329700	1.798631	1.793744
3547771588.405898	148.965278	69.858568	264.571655	143.321043	62.848389	154.609513	76.868747	0.293470	0.312327	1.827957	1.764418
3547771589.079369	150.640674	85.482850	260.408981	147.612079	93.957967	153.669270	77.007733	0.278380	0.309375	1.803519	1.759531
3547771589.750844	154.406583	103.262192	254.659599	156.111566	112.099219	152.701600	94.425166	0.269128	0.312327	1.788856	1.764418
3547771591.060767	164.357485	136.704182	253.188805	155.734825	139.282891	172.980144	134.125472	0.272228	0.332541	1.793744	1.798631
3547771591.736244	168.702789	153.508502	257.916321	165.993942	144.925836	171.411635	162.091167	0.330881	0.415938	1.891496	1.955034
3547771593.093202	173.981426	187.785129	262.326492	182.981370	187.753577	164.981481	187.816680	0.440755	0.524390	2.106549	2.204301
3547771593.778686	176.701427	204.904755	260.524750	174.672065	213.672976	178.730789	196.136535	0.464806	0.541033	2.160313	2.248289
3547771594.462167	180.195906	221.845690	258.040588	176.444144	213.664964	183.947668	230.026416	0.466933	0.541033	2.165200	2.248289
3547771595.171673	183.466296	237.381646	256.817749	189.877494	231.065275	177.055098	243.698017	0.471159	0.548222	2.174976	2.267840
3547771595.828131	187.233739	253.869252	257.386597	189.232930	245.094103	185.234548	262.644400	0.462669	0.524390	2.155425	2.204301
3547771596.504610	189.387384	268.653343	261.733963	196.870735	273.653287	181.904032	263.653398	0.464806	0.514854	2.160313	2.179863
3547771597.184087	190.244725	283.402250	269.120514	198.080275	278.974591	182.409176	287.829909	0.445219	0.509029	2.116325	2.165200
3547771597.874574	190.474207	300.409360	274.353800	198.214069	305.002240	182.734345	295.816481	0.436250	0.486979	2.096774	2.111437
3547771598.537043	188.840245	315.506256	276.472153	188.732255	306.506904	188.948236	324.505609	0.422478	0.465936	2.067449	2.062561
3547771599.239538	186.282719	330.623232	278.769867	179.629934	336.684622	192.935504	324.561841	0.408310	0.455036	2.038123	2.038123
3547771599.913015	182.948698	345.994821	284.033600	174.300532	343.502990	191.596865	348.486651	0.388773	0.446126	1.999022	2.018573
3547771601.323007	171.913754	375.614420	296.970520	162.950191	376.423455	180.877317	374.805385	0.371040	0.413534	1.964809	1.950147
3547771601.983474	163.837747	390.367774	302.625214	156.111333	385.752309	171.564161	394.983240	0.360627	0.415938	1.945259	1.955034
3547771602.659951	154.179797	404.317230	308.376892	149.858554	396.422494	158.501039	412.211967	0.352679	0.388817	1.930596	1.901271
3547771604.688381	120.285287	434.728579	326.495148	122.341363	425.966584	118.229211	443.490574	0.322472	0.349265	1.876833	1.827957
3547771605.371865	106.314721	442.797851	333.477081	102.252712	434.766657	110.376729	450.829046	0.308163	0.349265	1.852395	1.827957
3547771606.069355	92.470795	448.870377	339.388977	91.599428	439.912659	93.342162	457.828095	0.302333	0.326844	1.842620	1.788856
3547771606.721816	77.596623	453.550318	346.198883	72.340305	446.244764	82.852941	460.855872	0.293470	0.315262	1.827957	1.769306
3547771607.395295	62.441330	456.418063	352.621124	56.223140	449.911596	68.659520	462.924530	0.290485	0.309375	1.823069	1.759531
3547771608.069767	48.101324	457.382839	356.661346	57.064428	456.568731	39.138220	458.196947	0.269128	0.297402	1.788856	1.739980
3547771609.437736	16.956941	456.889889	5.757967	21.469555	449.102956	12.444328	464.676821	0.237161	0.269452	1.739980	1.695992
3547771610.158241	13.796493	455.167578	73.962738	22.714228	453.953495	4.878758	456.381662	0.243697	0.272629	1.749756	1.700880
3547771610.839724	15.163302	452.094056	123.465874	22.451233	457.374781	7.875371	446.813331	0.240438	0.263043	1.744868	1.686217
3547771611.498186	24.067980	440.278313	129.021301	25.996920	449.069171	22.139039	431.487455	0.240438	0.253289	1.744868	1.671554
3547771612.208690	34.775725	428.226621	132.979477	27.048080	423.613215	42.503369	432.840026	0.227217	0.233259	1.725318	1.642229
3547771613.530620	63.521036	404.691639	147.867279	65.418509	413.489343	61.623563	395.893935	0.217104	0.233259	1.710655	1.642229
3547771614.196090	79.648185	396.019240	154.949280	87.275600	400.796534	72.020769	391.241946	0.199856	0.229851	1.686217	1.637341
3547771614.840544	97.024231	389.126093	160.773193	101.743507	396.789541	92.304955	381.462645	0.199856	0.219503	1.686217	1.622678
3547771615.535033	115.683484	383.352316	162.903793	119.671149	375.283950	111.695818	391.420681	0.189266	0.194615	1.671554	1.588465
3547771616.246537	134.158633	377.640728	164.235420	127.264594	371.855209	141.052672	383.426246	0.189266	0.208967	1.671554	1.608016
3547771616.958038	154.794031	372.279100	165.986397	150.337632	380.098339	159.250431	364.459861	0.185695	0.208967	1.666667	1.608016
3547771619.654940	233.593622	370.305934	192.190475	238.323282	377.962978	228.863962	362.648891	0.167518	0.179907	1.642229	1.568915
3547771620.346428	251.590186	375.513248	200.304291	257.775060	368.975103	245.405312	382.051392	0.163818	0.179907	1.637341	1.568915
3547771621.009898	268.971503	383.631390	207.626404	266.473158	374.985103	271.469848	392.277676	0.163818	0.168632	1.637341	1.554252
3547771621.689375	286.053653	392.998695	212.796494	292.706000	386.936824	279.401307	399.060567	0.167518	0.149361	1.642229	1.529814
3547771623.024318	285.764911	400.786567	319.387634	293.593198	396.346080	277.936625	405.227054	0.144979	0.160997	1.612903	1.544477
3547771623.689787	276.557190	407.533507	327.521790	270.125151	401.238359	282.989228	413.828654	0.137283	0.157143	1.603128	1.539589
3547771625.720221	233.313097	430.789400	335.968750	231.687100	439.641300	234.939094	421.937500	0.148793	0.149361	1.617791	1.529814
3547771626.359671	217.169728	436.920575	340.927338	208.188462	437.500985	226.150993	436.340166	0.137283	0.149361	1.603128	1.529814
3547771627.034148	200.802344	441.399349	348.275513	196.958535	449.537232	204.646152	433.261466	0.141143	0.125407	1.608016	1.500489
3547771627.733644	183.429966	444.202844	354.313965	177.728907	451.166890	189.131025	437.238799	0.152583	0.133495	1.622678	1.510264
3547771628.416121	165.744135	445.441582	359.065918	158.560040	440.020439	172.928229	450.862725	0.113621	0.141479	1.573803	1.520039
3547771629.125621	146.604226	445.109014	3.809488	152.178238	452.175158	141.030215	438.042869	0.141143	0.121324	1.608016	1.495601
3547771629.799097	127.894182	443.144651	9.504773	128.613371	452.115870	127.174993	434.173432	0.137283	0.104719	1.603128	1.476051
3547771630.454561	110.053200	439.421028	14.639998	102.167206	443.758204	117.939194	435.083852	0.121606	0.129464	1.583578	1.505376
3547771631.098013	94.040479	434.874600	17.206362	103.016902	435.525612	85.064055	434.223589	0.141143	0.125407	1.608016	1.500489
3547771631.764485	77.563830	429.232713	19.276213	73.839364	421.039524	81.288296	437.425902	0.121606	0.117213	1.583578	1.490714
3547771633.810930	29.123262	408.962324	23.574108	38.122597	408.852858	20.123928	409.071791	0.117626	0.113076	1.578690	1.485826
3547771634.481400	16.862099	403.178523	48.206593	24.811156	407.399010	8.913043	398.958037	0.121606	0.117213	1.583578	1.490714
3547771635.173891	16.437027	400.922995	110.733612	22.752894	407.334689	10.121160	394.511300	0.125561	0.108911	1.588465	1.480938
3547771635.836357	21.342444	395.968748	138.121185	22.320531	387.022053	20.364357	404.915442	0.101456	0.100498	1.559140	1.471163
3547771636.536852	34.251552	386.798329	147.058853	29.199511	394.246610	39.303593	379.350049	0.105536	0.113076	1.564027	1.485826
3547771637.192314	49.539580	377.856851	150.952454	48.141213	368.966150	50.937948	386.747553	0.125561	0.100498	1.588465	1.471163
3547771638.553276	85.554074	358.119193	151.171722	82.255318	349.745531	88.852830	366.492854	0.125561	0.091973	1.588465	1.461388
3547771639.239760	105.272935	347.649391	152.170898	96.445860	345.893616	114.100010	349.405166	0.113621	0.117213	1.573803	1.490714
3547771639.926242	123.737084	337.841135	150.887398	122.919658	328.878334	124.554509	346.803937	0.117626	0.100498	1.578690	1.471163
3547771640.602718	144.540087	326.486519	150.087997	150.396005	319.652177	138.684170	333.320861	0.113621	0.096250	1.573803	1.466276
3547771641.306216	164.506783	315.470670	150.320274	168.632214	307.471869	160.381351	323.469471	0.097350	0.087668	1.554252	1.456500
3547771642.011718	184.792642	305.211035	151.027870	182.728379	296.450966	186.856906	313.971104	0.080665	0.100498	1.568915	1.456500
3547771642.705207	202.694873	293.361433	150.338211	206.676177	285.289926	198.713570	301.432940	0.113621	0.096250	1.573803	1.466276
3547771643.403701	223.432219	281.402732	151.282211	219.230262	273.443865	227.634175	289.361599	0.101456	0.087668	1.559140	1.456500
3547771644.065164	242.772156	271.810919	152.558022	233.935442	273.517523	251.608869	270.104315	0.109591	0.104719	1.568915	1.476051
3547771644.749647	262.179641	262.528529	154.226021	264.735791	271.157903	259.623490	253.899155	0.113621	0.129464	1.573803	1.505376
3547771645.563220	281.672334	254.351460	154.692841	287.838625	260.907134	275.506043	247.795786	0.109591	0.121324	1.568915	1.495601
3547771646.240696	287.714152	249.473670	94.210289	288.051488	240.479995	287.376815	258.467346	0.113621	0.104719	1.573803	1.476051
3547771646.929182	287.516674	248.333764	75.731171	284.575208	239.828014	290.458140	256.839514	0.097350	0.096250	1.554252	1.466276
3547771648.290143	281.386835	224.453461	78.281799	279.090361	233.155542	283.683308	215.751381	0.113621	0.100498	1.573803	1.471163
3547771648.960620	278.813111	206.792093	85.868622	286.600232	211.304382	271.025991	202.279805	0.093218	0.108911	1.549365	1.480938
3547771649.617079	278.794349	188.826778	93.260269	286.306266	183.869853	271.282432	193.783704	0.097350	0.091973	1.554252	1.461388
3547771650.918996	285.851295	152.743406	107.270103	281.888429	144.662831	289.814160	160.823981	0.113621	0.074576	1.573803	1.441838
3547771651.636503	289.252311	141.166082	79.501770	296.635105	146.313348	281.869517	136.018815	0.105536	0.100498	1.564027	1.471163
3547771652.983454	280.122174	139.346721	352.631836	273.834647	132.907233	286.409701	145.786208	0.089060	0.091973	1.544477	1.461388
3547771654.316392	247.721425	144.269876	352.844910	240.214360	139.305607	255.228490	149.234146	0.093218	0.096250	1.549365	1.466276
3547771655.632325	212.033751	147.826181	355.225922	214.050058	156.597413	210.017445	139.054949	0.080665	0.091973	1.534702	1.461388
3547771656.312802	193.606477	148.803006	357.092255	201.410184	144.319464	185.802769	153.286548	0.089060	0.091973	1.544477	1.461388
3547771656.983278	176.050246	149.866139	358.108124	176.351138	140.871170	175.749354	158.861108	0.089060	0.108911	1.544477	1.480938
3547771658.371255	138.184478	150.393053	358.851532	132.318182	143.567617	144.050773	157.218489	0.141143	0.219503	1.608016	1.622678
3547771659.740223	101.056950	149.163908	1.485858	92.089396	148.400382	110.024504	149.927435	0.156350	0.288244	1.627566	1.725318
3547771661.118193	66.186545	147.923620	2.832698	63.450494	156.497652	68.922596	139.349588	0.171197	0.306407	1.647116	1.754643
3547771661.761648	49.772571	146.740430	7.534537	41.227880	143.914078	58.317261	149.566781	0.163818	0.291314	1.637341	1.730205
3547771662.457139	32.787331	143.741053	14.369527	24.029200	145.813525	41.545462	141.668581	0.182102	0.315262	1.661779	1.769306
3547771663.122609	18.333357	139.143831	23.677025	27.273828	138.110396	9.392887	140.177265	0.171197	0.306407	1.647116	1.754643
3547771663.828105	15.876850	136.292945	83.292892	6.884299	136.659028	24.869402	135.926861	0.182102	0.272629	1.661779	1.700880
3547771664.508584	17.959309	133.577783	134.481506	12.825820	140.970163	23.092798	126.185402	0.189266	0.288244	1.671554	1.725318
3547771666.523005	61.338651	111.875331	162.036743	70.070494	109.694756	52.606807	114.055906	0.243697	0.610807	1.749756	2.453568
3547771667.235517	79.446924	105.882501	156.938049	80.716922	96.972556	78.176927	114.792445	0.262875	0.297402	1.779081	1.739980
3547771667.901979	96.092062	98.020556	150.541016	98.366030	89.312567	93.818093	106.728545	0.299394	0.312327	1.837732	1.764418
3547771668.609480	113.755476	88.621678	151.678848	106.805078	82.903989	120.705873	94.339368	0.322472	0.306407	1.876833	1.754643
3547771669.296964	128.868422	81.150334	155.489235	137.866693	81.326736	119.870150	80.973933	0.341891	0.315262	1.911046	1.769306
3547771670.014469	146.089658	73.498037	155.674934	154.965795	72.010018	137.213522	74.986055	0.373611	0.326844	1.969697	1.788856
3547771672.027890	196.372038	50.200572	154.843689	203.453470	55.755148	189.290605	44.645996	0.447436	0.354721	2.121212	1.837732
3547771672.701365	213.145446	41.780706	152.291382	204.171331	41.098603	222.119561	42.462808	0.454024	0.383721	2.135875	1.891496
3547771673.384846	230.704335	31.775857	148.421249	236.946216	38.259600	224.462453	25.292115	0.447436	0.391346	2.121212	1.906158
3547771674.032305	247.263210	20.770294	144.745712	245.189947	12.012350	249.336473	29.528238	0.454024	0.411118	2.135875	1.945259
3547771682.896557	245.229495	17.434197	352.816254	237.867749	12.256872	252.591242	22.611521	0.393729	0.396365	2.008798	1.915934
3547771683.626074	230.939659	19.009640	356.952087	239.293223	15.660316	222.586095	22.358964	0.381248	0.383721	1.984360	1.891496
3547771685.024057	199.530576	18.916022	2.643666	195.232133	26.823195	203.829019	11.008848	0.381248	0.357427	1.984360	1.842620
3547771685.718554	182.412411	18.284368	4.350519	190.829541	21.470578	173.995282	15.098158	0.391257	0.352000	2.003910	1.832845
3547771686.410037	166.484017	16.809040	7.183797	159.430652	11.218866	173.537382	22.399214	0.386277	0.346515	1.994135	1.823069