Time	X	Y	Theta	LS_X	LS_Y	RS_X	RS_Y	RsRoL	RsRoR	VL	VR
3547940759.430266	42.420461	549.794650	179.846268	48.721033	556.221375	36.119890	543.367925	-0.046691	-0.008631	1.529814	1.744868
3547940760.136766	42.419352	549.797214	179.865433	48.841927	556.102015	35.996776	543.492412	-0.046691	-0.004304	1.529814	1.749756
3547940760.818248	42.424974	549.788396	179.996811	49.618134	555.197504	35.231814	544.379288	-0.056390	-0.017360	1.520039	1.735093
3547940761.500726	42.422497	549.791031	180.027283	49.777118	554.978473	35.067876	544.603589	-0.041888	-0.057886	1.534702	1.691105
3547940762.169199	42.427017	549.788748	179.924942	49.213196	555.700412	35.640838	543.877084	-0.041888	-0.017360	1.534702	1.735093
3547940762.845683	42.432826	549.791505	179.899963	49.069238	555.870817	35.796414	543.712194	-0.066214	-0.017360	1.510264	1.735093
3547940763.503140	42.427344	549.795684	179.880112	48.941772	556.005533	35.912916	543.585835	-0.066214	-0.017360	1.510264	1.735093
3547940764.193625	42.431483	549.798653	179.947205	49.347579	555.557787	35.515388	544.039520	-0.056390	-0.026187	1.520039	1.725318
3547940764.966173	42.425297	549.797756	179.851242	48.757760	556.193060	36.092835	543.402451	-0.032373	-0.035115	1.544477	1.715543
3547940765.633641	42.427085	549.791243	179.921143	49.190755	555.728648	35.663416	543.853838	-0.071173	-0.035115	1.505376	1.715543
3547940766.359156	42.429911	549.795472	179.932465	49.260369	555.655920	35.599453	543.935025	-0.071173	-0.035115	1.505376	1.715543
3547940766.993607	42.431541	549.796790	180.015594	49.725028	555.069838	35.138053	544.523742	-0.071173	-0.035115	1.505376	1.715543
3547940767.690093	42.438534	549.794000	179.965088	49.456511	555.428537	35.420558	544.159464	-0.076166	-0.030638	1.500489	1.720430
3547940768.322538	42.429896	549.791085	179.949753	49.360645	555.532576	35.499148	544.049594	-0.071173	-0.030638	1.505376	1.720430
3547940768.962991	42.416806	549.797264	179.902435	49.068226	555.860152	35.765387	543.734376	-0.076166	-0.035115	1.500489	1.715543
3547940769.649474	42.438649	549.798021	179.968735	49.477128	555.406927	35.400171	544.189116	-0.076166	-0.062520	1.500489	1.686217
3547940770.321949	42.424633	549.789294	179.923248	49.200790	555.712443	35.648476	543.866144	-0.081190	-0.062520	1.495601	1.686217
3547940771.000429	42.431749	549.798495	179.932541	49.262654	555.658422	35.600844	543.938569	-0.081190	-0.035115	1.495601	1.715543
3547940771.709929	42.436531	549.797196	179.976181	49.516579	555.353536	35.356483	544.240855	-0.086248	-0.071868	1.490714	1.676442
3547940772.400416	42.435479	549.798897	180.056580	49.938898	554.768677	34.932060	544.829118	-0.096464	-0.071868	1.480938	1.676442
3547940773.088903	42.426023	549.796880	179.960464	49.417873	555.463803	35.434172	544.129956	-0.101623	-0.076583	1.476051	1.671554
3547940773.758379	42.434740	549.799479	180.000580	49.648235	555.181438	35.221244	544.417520	-0.091339	-0.053279	1.485826	1.695992
3547940774.433852	42.429185	549.805661	179.890350	49.006852	555.948487	35.851519	543.662836	0.013983	0.004355	1.485826	1.695992
3547940775.055288	42.434086	549.803762	179.936554	49.288452	555.636229	35.579720	543.971296	0.027692	-0.022157	1.500489	1.666667
3547940775.753782	42.426040	549.802516	179.932297	49.255515	555.664110	35.596566	543.940923	-0.000000	-0.000000	1.471163	1.691105
3547940776.420252	42.435443	549.799371	179.924957	49.221713	555.710932	35.649174	543.887811	-0.000000	-0.004380	1.471163	1.686217
3547940777.112741	42.424087	549.799461	180.000626	49.637829	555.181090	35.210345	544.417832	0.004692	0.021525	1.476051	1.715543
3547940777.793222	42.436843	549.799213	180.050369	49.909254	554.815495	34.964433	544.782932	0.004692	-0.008785	1.476051	1.681329
3547940778.474700	42.423832	549.803712	180.036316	49.825012	554.924507	35.022653	544.682916	0.009352	-0.004380	1.480938	1.686217
3547940779.142172	42.427372	549.794823	180.088272	50.084502	554.524344	34.770243	545.065301	0.004692	-0.004380	1.476051	1.686217
3547940779.782632	42.509272	549.800689	180.108505	50.260521	554.374325	34.758024	545.227053	0.023152	-0.004380	1.495601	1.686217
3547940780.435084	50.910179	549.931121	182.909637	45.131078	543.031702	56.689280	556.830541	0.004692	-0.008785	1.476051	1.681329
3547940781.075537	65.432163	550.558586	180.264206	73.798890	553.874891	57.065436	547.242281	-0.004723	-0.031202	1.466276	1.656891
3547940781.730003	85.201573	549.924411	174.708191	93.656549	546.840033	76.746597	553.008789	-0.000000	-0.017673	1.471163	1.671554
3547940782.370450	103.872336	547.371197	169.705399	103.338093	538.387067	104.406579	556.355326	0.027692	-0.031202	1.500489	1.656891
3547940783.049931	124.621830	542.796379	164.530022	116.344926	539.261856	132.898734	546.330903	-0.019083	-0.022157	1.451613	1.666667
3547940784.409888	166.763912	522.590125	139.256454	159.065056	517.928837	174.462769	527.251412	0.009352	-0.022157	1.480938	1.666667
3547940785.050341	182.478912	503.453632	119.054359	185.362595	494.928119	179.595230	511.979146	-0.000000	-0.017673	1.471163	1.671554
3547940786.351260	194.097194	461.707808	93.128616	202.194814	457.779889	185.999574	465.635727	-0.009478	-0.026666	1.461388	1.661779
3547940786.982705	193.067378	440.706754	81.177330	197.414388	432.826177	188.720367	448.587332	-0.004723	-0.040355	1.466276	1.647116
3547940788.279619	180.406650	403.449125	61.071220	189.244966	405.147408	171.568333	401.750841	-0.019083	-0.022157	1.451613	1.666667
3547940788.978116	168.823703	386.347298	49.737339	173.359078	378.573601	164.288327	394.120995	-0.019083	-0.040355	1.451613	1.647116
3547940789.660594	153.387602	371.348072	38.608053	146.287920	365.816841	160.487284	376.879303	-0.014264	-0.031202	1.456500	1.656891
3547940791.075591	118.073164	354.589857	10.778808	126.862546	356.525515	109.283783	352.654200	-0.028818	-0.035765	1.441838	1.652004
3547940791.728057	101.043357	353.139814	358.849365	95.191865	346.301684	106.894850	359.977945	-0.033736	-0.040355	1.436950	1.647116
3547940792.400525	82.243534	355.099021	349.055115	85.230745	363.588813	79.256322	346.609229	-0.038687	-0.026666	1.432063	1.661779
3547940794.416957	32.209548	372.791839	335.502625	26.778722	379.968616	37.640374	365.615062	-0.033736	-0.040355	1.436950	1.647116
3547940795.095428	16.825430	380.073160	328.574188	8.170371	382.540945	25.480489	377.605376	-0.023934	-0.022157	1.446725	1.666667
3547940795.828945	15.047636	383.037397	259.488281	6.468129	385.756232	23.627143	380.318561	-0.033736	-0.035765	1.436950	1.652004
3547940796.463392	19.046544	385.928536	206.239838	27.088844	381.888558	11.004245	389.968514	-0.033736	-0.054290	1.436950	1.632454
3547940797.119855	33.845817	392.595960	200.052658	41.463815	387.803664	26.227818	397.388255	-0.033736	-0.031202	1.436950	1.656891
3547940797.756304	52.194014	397.854958	190.135590	43.215575	398.477567	61.172452	397.232350	-0.048691	-0.044973	1.422287	1.642229
3547940798.429780	70.659790	399.337227	178.352997	64.740333	406.116610	76.579246	392.557844	-0.033736	-0.035765	1.436950	1.652004
3547940799.134275	91.929284	396.737484	167.722183	100.374268	399.849114	83.484300	393.625854	-0.019083	-0.058991	1.451613	1.627566
3547940799.817762	114.529755	389.770090	157.381439	111.854545	381.176881	117.204965	398.363300	-0.038687	-0.058991	1.432063	1.627566
3547940800.496237	135.387376	379.439179	150.289017	139.760775	371.573216	131.013977	387.305143	-0.033736	-0.058991	1.436950	1.627566
3547940801.863201	174.916477	352.462183	139.690475	165.971266	351.470622	183.861689	353.453745	-0.043671	-0.063720	1.427175	1.622678
3547940802.527670	193.215158	335.704213	134.841904	191.018355	344.431988	195.411961	326.976438	-0.074313	-0.022157	1.397849	1.666667
3547940803.170124	210.174026	318.481134	130.857971	218.149169	314.310152	202.198882	322.652116	-0.043671	-0.058991	1.427175	1.627566
3547940803.854607	224.630861	300.204217	125.484348	226.236441	291.348591	223.025281	309.059843	-0.058833	-0.058991	1.412512	1.627566
3547940804.505067	238.835850	278.736594	120.490253	230.775632	274.732485	246.896068	282.740703	-0.053744	-0.044973	1.417400	1.642229
3547940805.139513	249.834332	258.556679	115.327724	242.722155	264.071833	256.946510	253.041524	-0.053744	-0.022157	1.417400	1.666667
3547940805.829005	254.528027	248.922042	111.839272	263.091495	246.153105	245.964558	251.690978	-0.043671	-0.054290	1.427175	1.632454
3547940806.506484	254.530339	248.908399	111.808487	263.174977	246.404356	245.885701	251.412442	-0.069117	-0.058991	1.402737	1.627566
3547940807.182954	254.520103	248.905986	111.885864	262.945313	245.741204	246.094894	252.070768	-0.058833	-0.058991	1.412512	1.627566
3547940807.880446	254.518506	248.907781	111.849968	263.051867	246.047407	245.985144	251.768156	-0.063957	-0.063720	1.407625	1.622678
3547940808.568932	254.519823	248.906833	111.992737	262.559378	244.861397	246.480268	252.952270	-0.033736	-0.073264	1.436950	1.612903
3547940809.233402	254.530569	248.898605	111.956535	262.711275	245.146799	246.349863	252.650410	-0.063957	-0.102604	1.407625	1.583578
3547940809.919887	254.538360	248.908241	111.834953	263.113705	246.176309	245.963014	251.640172	-0.069117	-0.068478	1.402737	1.617791
3547940810.600366	256.096274	244.464192	111.837158	264.665575	241.713359	247.526973	247.215024	-0.058833	-0.068478	1.412512	1.617791
3547940811.231811	268.570812	222.059925	123.712372	276.926997	225.402705	260.214628	218.717145	-0.063957	-0.073264	1.407625	1.612903
3547940811.899283	282.623057	202.330854	126.735420	274.720857	198.023275	290.525256	206.638434	-0.053744	-0.068478	1.417400	1.617791
3547940812.630798	288.715375	190.792361	71.404495	281.941180	196.717755	295.489569	184.866968	-0.038687	-0.063720	1.432063	1.622678
3547940813.357311	286.608505	189.084182	350.025360	295.300855	191.417216	277.916155	186.751148	-0.063957	-0.082925	1.407625	1.603128
3547940814.691253	259.928167	197.921587	339.127899	261.398514	189.042506	258.457821	206.800668	-0.033736	-0.068478	1.436950	1.617791
3547940815.335707	243.392535	204.725209	335.812775	240.411190	213.217063	246.373880	196.233355	-0.090121	-0.082925	1.383187	1.603128
3547940815.989169	226.644395	212.834232	330.623322	232.819153	219.381931	220.469637	206.286532	-0.079545	-0.078080	1.392962	1.608016
3547940816.683659	209.677302	223.526110	323.635712	210.142110	232.514099	209.212494	214.538120	-0.069117	-0.107600	1.402737	1.578690
3547940818.010593	181.371918	253.284277	305.701797	188.782177	258.391924	173.961659	248.176630	-0.063957	-0.068478	1.407625	1.617791
3547940818.711087	169.761258	270.311435	297.724467	163.780687	277.036966	175.741829	263.585904	-0.058833	-0.102604	1.412512	1.583578
3547940819.441602	160.035610	290.464855	288.636459	163.457845	282.140895	156.613375	298.788815	-0.069117	-0.073264	1.402737	1.612903
3547940820.122086	155.780610	311.561414	280.492462	162.778310	317.221114	148.782910	305.901715	-0.079545	-0.068478	1.392962	1.617791
3547940820.784554	151.738041	334.084568	273.807159	155.962541	342.031492	147.513541	326.137645	-0.074313	-0.082925	1.397849	1.603128
3547940821.418999	151.573167	355.259338	267.479279	155.438374	363.387079	147.707960	347.131597	-0.079545	-0.078080	1.392962	1.608016
3547940822.086472	153.816697	375.601043	261.271240	158.281196	383.415660	149.352198	367.786425	-0.069117	-0.073264	1.402737	1.612903
3547940822.771955	157.649036	397.808343	259.149658	148.653568	397.522770	166.644504	398.093917	-0.069117	-0.078080	1.402737	1.608016
3547940824.789377	174.302637	460.696805	250.987732	177.301309	452.211054	171.303966	469.182556	-0.063957	-0.068478	1.407625	1.617791
3547940826.216383	191.864470	502.550271	245.338043	189.258007	493.935960	194.470933	511.164581	-0.079545	-0.122775	1.392962	1.564027
3547940826.860838	201.945223	523.543663	244.521378	206.439381	515.746065	197.451065	531.341262	-0.090121	-0.058991	1.383187	1.627566
3547940827.525307	212.955244	543.928073	239.223206	208.942269	535.872266	216.968218	551.983881	-0.095465	-0.068478	1.378299	1.617791
3547940828.176766	224.751672	561.409661	233.173447	218.984123	554.500581	230.519220	568.318741	-0.079545	-0.073264	1.392962	1.612903
3547940828.858247	238.988477	578.697822	228.001358	230.237718	580.801204	247.739236	576.594441	-0.074313	-0.058991	1.397849	1.627566
3547940832.882086	232.887829	557.129022	82.195496	228.462172	549.292342	237.313487	564.965702	-0.063957	-0.063720	1.407625	1.622678
3547940834.211022	230.794765	518.312683	88.993889	223.082345	513.673871	238.507185	522.951494	-0.079545	-0.058991	1.392962	1.627566
3547940834.915521	231.011750	496.922708	91.493721	234.412909	505.255302	227.610592	488.590114	-0.090121	-0.068478	1.383187	1.617791
3547940836.225444	232.484483	452.119934	94.515182	230.106436	443.439791	234.862531	460.800078	-0.053744	-0.078080	1.417400	1.608016
3547940838.321923	236.638925	383.217453	89.333046	227.822542	381.408752	245.455307	385.026153	-0.053744	-0.026666	1.417400	1.661779
3547940839.612834	235.001193	338.194585	87.720963	237.172251	329.460370	232.830134	346.928799	0.143805	0.062787	1.637341	1.764418
3547940840.282307	234.157489	316.231982	86.901314	242.023080	311.857913	226.291899	320.606051	0.242005	0.197427	1.774194	1.945259
3547940840.977798	232.624785	292.850115	84.694489	231.471348	301.775897	233.778222	283.924333	0.353341	0.317395	1.959922	2.140762
3547940841.609242	229.792518	269.177959	80.237087	238.720633	268.042720	220.864403	270.313198	0.403866	0.384283	2.057674	2.267840
3547940842.248693	225.729659	249.042946	75.226776	227.265139	240.174896	224.194180	257.910995	0.447611	0.417285	2.150538	2.336266
3547940843.637672	214.166983	215.457211	67.660385	223.106350	214.414272	205.227616	216.500151	0.469151	0.437499	2.199413	2.380254
3547940844.282129	206.291216	197.744934	63.632610	199.830265	191.479465	212.752167	204.010404	0.460651	0.433072	2.179863	2.370479
3547940844.984623	198.460973	183.166150	59.379776	195.711294	191.735821	201.210653	174.596479	0.458502	0.428608	2.174976	2.360704
3547940845.630080	189.966944	169.049304	55.427113	198.073936	165.140765	181.859952	172.957843	0.440957	0.414992	2.135875	2.331378
3547940846.304555	179.613224	155.137696	51.889927	170.626173	155.620298	188.600276	154.655095	0.431941	0.410377	2.116325	2.321603
3547940846.932003	169.616921	142.851011	49.201981	177.483480	138.478683	161.750362	147.223339	0.415756	0.401029	2.082111	2.302053
3547940847.582460	158.890778	130.344719	47.825508	164.699869	137.218907	153.081687	123.470531	0.391690	0.384283	2.033236	2.267840
3547940848.945417	136.995410	109.025985	39.929636	129.883978	114.542102	144.106841	103.509869	0.374144	0.356921	1.999022	2.214076
3547940849.640913	124.676728	99.496693	34.370127	123.000049	108.339133	126.353407	90.654253	0.355987	0.349227	1.964809	2.199413
3547940850.329395	110.257002	90.312826	31.764324	107.184473	81.853537	113.329532	98.772114	0.345324	0.333526	1.945259	2.170088
3547940850.975852	95.563180	81.538802	30.291286	103.682192	77.655291	87.444169	85.422313	0.314866	0.320115	1.891496	2.145650
3547940851.647325	81.959009	73.827489	29.687454	90.847363	75.240700	73.070656	72.414278	0.314866	0.309163	1.891496	2.126100
3547940853.761815	41.444150	54.458412	24.057444	49.361735	50.179178	33.526565	58.737646	0.276560	0.266238	1.827957	2.052786
3547940854.456308	23.377595	46.673894	21.978182	23.260898	55.673137	23.494293	37.674650	0.248442	0.260281	1.783969	2.043011
3547940855.166807	16.635116	43.180295	66.365318	20.072394	51.498055	13.197839	34.862536	0.238759	0.260281	1.769306	2.043011
3547940855.828275	16.627565	42.931781	124.287254	25.458136	41.193670	7.796995	44.669892	0.235495	0.223312	1.764418	1.984360
3547940857.168220	19.584363	44.105475	225.705536	23.813127	36.160819	15.355600	52.050131	0.218903	0.223312	1.739980	1.984360
3547940857.844697	26.991540	53.037758	234.187866	18.078611	54.286637	35.904469	51.788880	0.201837	0.200720	1.715543	1.950147
3547940859.226674	46.087880	82.794127	238.415359	49.137427	74.326526	43.038333	91.261727	0.180706	0.180714	1.686217	1.920821
3547940859.889141	56.300016	99.467978	237.654449	64.347619	95.438577	48.252412	103.497380	0.173498	0.177320	1.676442	1.915934
3547940861.199064	77.837835	133.105670	236.721390	85.866609	137.172461	69.809061	129.038879	0.155104	0.156588	1.652004	1.886608
3547940861.878541	87.855708	149.302361	239.727600	80.449291	144.189145	95.262126	154.415577	0.139993	0.145979	1.632454	1.871945
3547940862.557021	97.582811	167.686137	242.696854	104.002661	173.993714	91.162960	161.378560	0.136158	0.149534	1.627566	1.876833
3547940863.235503	106.537953	185.506767	243.060150	114.780227	189.121309	98.295679	181.892224	0.132301	0.131571	1.622678	1.852395
3547940863.936996	116.005274	204.197549	242.392303	120.238280	212.139945	111.772269	196.255152	0.132301	0.149534	1.622678	1.876833
3547940864.619476	124.937033	219.994886	242.299141	128.412818	228.296628	121.461248	211.693144	0.120587	0.135202	1.608016	1.857283
3547940865.271939	132.902235	236.156113	248.945190	139.098422	242.683537	126.706047	229.628689	0.108658	0.116857	1.593353	1.832845
3547940865.922396	138.404654	253.798381	255.450668	145.887459	258.799144	130.921849	248.797618	0.108658	0.124253	1.593353	1.842620
3547940866.596870	141.346557	270.864442	261.746429	148.891657	275.770710	133.801457	265.958174	0.088280	0.098016	1.568915	1.808407
3547940867.419454	142.461657	288.914631	263.717789	144.037440	280.053654	140.885873	297.775607	0.084128	0.109381	1.564027	1.823069
3547940868.098934	145.428682	307.276914	263.732269	146.875992	298.394049	143.981371	316.159779	0.088280	0.105613	1.568915	1.818182
3547940868.717374	146.629159	330.178620	263.714569	148.233464	321.322763	145.024855	339.034477	0.088280	0.094186	1.568915	1.803519
3547940869.403852	148.008956	346.615949	265.478851	139.009873	346.744393	157.008040	346.487504	0.075746	0.090336	1.573803	1.832845
3547940870.751804	147.804171	382.532268	275.639633	154.387677	376.395702	141.220664	388.668834	0.067258	0.082573	1.544477	1.788856
3547940871.417272	144.736156	401.126129	282.533173	146.613758	392.324163	142.858554	409.928095	0.045559	0.082573	1.520039	1.788856
3547940872.739206	133.551048	436.402687	290.220871	125.181266	433.094099	141.920829	439.711275	0.054322	0.062787	1.529814	1.764418
3547940873.415683	127.178380	453.151546	290.085953	119.329696	448.747212	135.027064	457.555880	0.045559	0.074724	1.520039	1.779081
3547940874.702590	115.706296	487.878673	288.897552	116.863826	478.953420	114.548767	496.803925	0.041136	0.042446	1.515152	1.739980
3547940875.354048	110.307028	502.242626	291.965027	108.491758	511.057658	112.122298	493.427593	0.041136	0.094186	1.515152	1.803519
3547940876.047538	104.561161	515.238407	295.469360	103.130399	506.352861	105.991923	524.123952	0.036683	0.058764	1.510264	1.759531
3547940877.350461	89.447278	541.339456	301.810242	87.506520	532.551199	91.388035	550.127713	0.009352	0.034149	1.480938	1.730205
3547940878.031938	82.079626	552.521796	303.325073	73.196571	553.967939	90.962681	551.075653	0.018582	0.042446	1.490714	1.739980
3547940878.727428	73.546255	565.213885	303.971558	67.326876	571.719215	79.765634	558.708554	0.036683	0.058764	1.510264	1.759531
3547940879.405908	65.190186	577.262581	303.967651	58.945443	583.743567	71.434929	570.781594	-0.000000	0.066788	1.471163	1.769306
3547940881.395313	54.716618	571.691905	54.067165	60.235311	578.801337	49.197924	564.582473	0.027692	0.025757	1.500489	1.720430
3547940882.082797	45.233966	558.548041	53.642292	47.331451	567.300215	43.136481	549.795866	0.009352	0.012989	1.480938	1.705767
3547940882.720246	34.242429	543.523417	53.297054	33.254238	552.469001	35.230620	534.577833	0.018582	0.004355	1.490714	1.695992
3547940884.090214	15.981369	516.664862	78.893822	19.101287	525.106788	12.861450	508.222936	-0.004723	0.008684	1.466276	1.700880
3547940884.786705	18.127527	510.578083	138.355194	17.004406	501.648436	19.250647	519.507730	-0.000000	0.008684	1.471163	1.700880
3547940885.506211	27.082454	506.041076	159.621841	22.005249	513.472226	32.159658	498.609926	-0.009478	-0.004380	1.461388	1.686217
3547940886.172682	45.352339	500.197103	164.749100	36.505110	498.545878	54.199568	501.848327	-0.004723	0.012989	1.466276	1.705767
3547940886.894191	64.917495	495.924170	171.910675	57.998535	501.679862	71.836455	490.168478	-0.004723	-0.004380	1.466276	1.686217
3547940887.519636	86.677128	494.765975	181.741058	90.763658	486.747230	82.590599	502.784721	-0.009478	-0.017673	1.461388	1.671554
3547940888.162091	107.613027	497.428986	192.009476	110.887056	505.812346	104.338998	489.045625	-0.019083	0.004355	1.451613	1.695992
3547940888.766514	126.244724	503.357799	201.013680	126.678809	494.368273	125.810640	512.347325	-0.009478	-0.000000	1.461388	1.691105
3547940889.445994	144.262873	511.756081	207.390648	143.853220	502.765409	144.672526	520.746754	-0.004723	0.021525	1.466276	1.715543
3547940890.084441	160.727317	522.150597	215.446716	152.001830	524.356468	169.452805	519.944725	-0.000000	0.046560	1.471163	1.744868
3547940891.436396	187.571806	551.533350	238.166260	192.614759	544.078913	182.528853	558.987786	0.067258	0.082573	1.544477	1.788856
3547940892.102866	196.472987	568.418184	246.497833	187.534717	567.365886	205.411257	569.470482	0.092406	0.127922	1.573803	1.847507
3547940892.856397	201.193770	582.783612	270.597321	197.521031	574.567106	204.866509	591.000119	0.147593	0.187450	1.642229	1.930596
3547940895.664378	203.077051	574.059569	107.648529	196.409136	568.014827	209.744966	580.104312	0.312011	0.391521	1.886608	2.282502
3547940896.341857	208.737363	559.573008	111.654831	217.663400	558.421547	199.811326	560.724469	0.337186	0.414992	1.930596	2.331378
3547940897.088382	215.062116	544.327883	111.703690	223.921265	542.741855	206.202967	545.913910	0.345324	0.417285	1.945259	2.336266
3547940898.389303	226.642205	512.175619	105.855469	234.008117	507.004223	219.276293	517.347016	0.355987	0.414992	1.964809	2.331378
3547940900.436745	232.040511	461.808420	86.826759	240.210056	458.032374	223.870965	465.584467	0.361239	0.410377	1.974585	2.321603
3547940901.146246	230.714215	444.843797	82.613922	223.486136	439.481440	237.942294	450.206155	0.353341	0.405723	1.959922	2.311828
3547940901.789699	228.033469	428.732352	78.131348	224.458629	436.991924	231.608309	420.472781	0.366439	0.403381	1.984360	2.306940
3547940902.480186	224.038706	412.134319	75.399132	224.030533	403.134323	224.046879	421.134315	0.363845	0.408055	1.979472	2.316716
3547940903.160666	220.163798	397.427493	74.090256	228.854729	395.089178	211.472868	399.765809	0.381737	0.403381	2.013685	2.306940
3547940903.795115	215.103734	379.860792	72.450745	216.839805	388.691764	213.367662	371.029821	0.401454	0.412689	2.052786	2.326491
3547940905.162077	206.012228	348.994758	75.862305	201.983817	340.946658	210.040639	357.042857	0.415756	0.419569	2.082111	2.341153
3547940905.823546	201.562743	331.627773	74.559647	208.255977	325.611077	194.869510	337.644468	0.422757	0.421843	2.096774	2.346041
3547940906.486013	196.954496	315.888370	71.447285	190.439969	322.098115	203.469022	309.678624	0.422757	0.421843	2.096774	2.346041
3547940907.191514	190.943549	299.497161	66.947826	198.389737	304.552286	183.497361	294.442036	0.429661	0.426362	2.111437	2.355816
3547940907.815951	183.365838	282.808773	63.502922	177.769426	275.760357	188.962250	289.857190	0.436470	0.421843	2.126100	2.346041
3547940908.554474	176.145735	268.675189	59.786835	177.013553	277.633252	175.277917	259.717126	0.449809	0.461213	2.155425	2.434018
3547940909.312006	167.795844	254.902730	57.111376	162.994536	247.290408	172.597152	262.515052	0.483667	0.483901	2.233627	2.487781
3547940909.953458	158.367928	240.753651	55.672003	165.285416	234.996189	151.450441	246.511113	0.574040	0.499796	2.473118	2.526882
3547940911.295405	137.864643	213.665703	50.311878	137.447231	204.675388	138.282055	222.656018	0.736696	0.503693	3.064516	2.536657
3547940911.964878	127.617398	201.832117	47.219332	128.475072	210.791156	126.759724	192.873077	0.735610	0.499796	3.059629	2.526882
3547940912.595323	117.669818	192.140845	41.963196	125.780466	196.041793	109.559171	188.239897	0.731228	0.491910	3.040078	2.507331
3547940913.262794	106.962998	183.101943	37.998245	104.310768	174.501613	109.615228	191.702273	0.716592	0.489920	2.976540	2.502444
3547940914.670787	81.437711	168.066757	23.342615	90.222102	170.024936	72.653319	166.108577	0.694040	0.461213	2.883675	2.434018
3547940915.361273	66.679958	162.251908	17.122408	75.570176	163.653346	57.789741	160.850469	0.684103	0.452712	2.844575	2.414467
3547940915.991720	51.852750	158.278147	12.583303	51.700361	149.279437	52.005138	167.276857	0.667361	0.426362	2.781036	2.355816
3547940917.332665	23.314945	154.749329	0.633932	17.984093	147.497983	28.645798	162.000674	0.632916	0.398667	2.658847	2.297165
3547940917.980122	14.651974	155.654751	319.524384	21.801836	150.188540	7.502111	161.120963	0.624172	0.403381	2.629521	2.306940
3547940918.620574	14.114557	156.734385	264.722229	7.482621	150.650191	20.746493	162.818580	0.612207	0.389119	2.590420	2.277615
3547940919.251023	15.323346	157.971658	201.110016	14.890738	148.982061	15.755953	166.961255	0.601436	0.386706	2.556207	2.272727
3547940919.971527	16.361262	157.900759	146.609741	8.576429	162.416992	24.146096	153.384525	0.585540	0.384283	2.507331	2.267840
3547940920.662014	22.620951	152.465739	134.106949	15.138787	157.467461	30.103115	147.464017	0.567324	0.376950	2.453568	2.253177
3547940921.317476	32.592776	140.309888	126.431046	26.344771	133.832046	38.840780	146.787730	0.558776	0.364514	2.429130	2.228739
3547940922.156069	40.670729	127.401809	117.634995	49.533690	128.966389	31.807767	125.837228	0.539354	0.351803	2.375367	2.204301
3547940922.858562	47.432600	112.915250	111.043159	55.401463	117.098219	39.463738	108.732281	0.520918	0.351803	2.326491	2.204301
3547940923.509025	53.563392	94.667988	102.361626	44.865568	96.980534	62.261215	92.355443	0.507545	0.333526	2.292278	2.170088
3547940924.189506	56.030635	77.994173	93.397842	62.791786	72.053900	49.269485	83.934446	0.489754	0.322821	2.248289	2.150538
3547940925.532462	53.165460	46.289684	76.252045	46.381290	40.375714	59.949630	52.203653	0.447611	0.303612	2.150538	2.116325
3547940926.225940	49.191675	31.793575	71.838905	45.540530	40.019701	52.842819	23.567450	0.443185	0.311920	2.140762	2.130987
3547940926.927435	44.218270	17.363880	70.590652	35.259008	16.508533	53.177532	18.219227	0.420435	0.300817	2.091887	2.111437
3547940930.225762	52.826332	17.762542	201.441620	49.490639	9.403526	56.162026	26.121558	0.353341	0.257282	1.959922	2.038123
3547940931.039335	68.118696	23.533866	197.793198	66.977520	32.461224	69.259872	14.606508	0.328923	0.229625	1.915934	1.994135
3547940931.694797	86.120847	27.599939	185.767944	89.741135	35.839691	82.500558	19.360188	0.328923	0.207255	1.915934	1.959922
3547940932.359266	109.171121	27.314283	170.936783	100.521664	24.826937	117.820578	29.801629	0.306256	0.200720	1.876833	1.950147
3547940933.070768	126.595369	21.303852	152.283699	117.626760	20.552824	135.563979	22.054880	0.297511	0.187450	1.862170	1.930596
3547940936.493183	137.158395	19.390581	282.118988	142.419531	12.088496	131.897259	26.692666	0.242005	0.149534	1.774194	1.876833
3547940937.160653	133.812271	34.007403	278.859116	127.726218	40.637634	139.898325	27.377173	0.225595	0.131571	1.749756	1.852395
3547940937.823121	131.863533	51.613132	271.431808	123.309036	48.816604	140.418031	54.409660	0.215528	0.135202	1.735093	1.857283
3547940938.536623	132.854637	70.797925	262.598083	141.516227	68.353163	124.193047	73.242687	0.208721	0.131571	1.725318	1.852395
3547940939.209097	136.306578	88.943896	252.200943	129.407170	83.164781	143.205985	94.723011	0.191363	0.127922	1.700880	1.847507
3547940939.885576	144.718090	108.916638	240.982460	137.556725	114.367771	151.879455	103.465505	0.177112	0.113129	1.681329	1.827957
3547940940.561051	156.023291	125.636294	228.957375	152.694293	133.997979	159.352289	117.274609	0.198366	0.116857	1.710655	1.832845
3547940941.186493	171.024255	139.380993	215.906143	164.181701	145.227312	177.866809	133.534673	0.169862	0.131571	1.671554	1.852395
3547940941.871977	189.196370	149.867468	203.996506	187.346499	158.675304	191.046241	141.059632	0.158826	0.101825	1.656891	1.813294
3547940942.539448	206.933325	156.235087	195.111191	203.996118	147.727866	209.870532	164.742309	0.158826	0.101825	1.656891	1.813294
3547940943.223932	228.684920	160.143592	184.650131	222.860603	167.004884	234.509237	153.282300	0.158826	0.090336	1.656891	1.798631
3547940943.902411	250.079996	159.915341	173.663712	256.994319	165.676602	243.165673	154.154079	0.158826	0.094186	1.656891	1.803519
3547940945.264370	289.302357	149.650569	137.768066	293.314094	141.594145	285.290620	157.706992	0.158826	0.074724	1.656891	1.779081
3547940946.035920	290.545601	145.228908	62.294281	295.154069	137.498318	285.937133	152.959498	0.162526	0.074724	1.661779	1.779081
3547940946.676366	286.169215	142.521357	26.489510	277.374565	140.609778	294.963865	144.432937	0.162526	0.094186	1.661779	1.803519
3547940947.342836	271.403937	136.461598	20.579144	262.517165	137.884722	280.290710	135.038475	0.158826	0.098016	1.656891	1.808407
3547940947.962274	255.420963	130.906537	15.331085	252.108788	139.274900	258.733138	122.538174	0.155104	0.090336	1.652004	1.798631
3547940948.634748	239.364028	126.987197	9.509191	240.122839	135.955151	238.605216	118.019242	0.162526	0.078659	1.661779	1.783969
3547940950.649169	185.426508	125.238746	351.655090	187.243515	116.424071	183.609502	134.053421	0.166205	0.105613	1.666667	1.818182
3547940951.362671	166.864227	129.845033	341.642853	160.466321	136.174867	173.262134	123.515200	0.162526	0.127922	1.661779	1.847507
3547940952.020137	149.442937	137.031695	333.722580	143.550820	130.228537	155.335053	143.834854	0.151360	0.094186	1.647116	1.803519
3547940952.808693	132.277880	146.986481	325.528610	140.656495	143.700327	123.899265	150.272636	0.158826	0.131571	1.656891	1.852395
3547940953.516195	119.576594	158.146530	315.524414	110.766233	156.308719	128.386954	159.984341	0.143805	0.109381	1.637341	1.823069
3547940954.859141	92.939627	196.136304	293.656769	101.909279	196.874772	83.969974	195.397837	0.155104	0.094186	1.652004	1.803519
3547940955.511600	87.010501	213.361734	283.933838	78.653512	210.020966	95.367490	216.702503	0.139993	0.109381	1.632454	1.823069
3547940956.876564	83.387863	251.612675	268.681244	92.362514	250.937661	74.413212	252.287689	0.132301	0.113129	1.622678	1.827957
3547940957.540032	84.605225	271.145548	263.577240	87.406773	262.592693	81.803677	279.698403	0.151360	0.101825	1.647116	1.813294
3547940958.231519	86.417901	288.978537	257.852112	84.265342	280.239744	88.570459	297.717329	0.128420	0.109381	1.617791	1.823069
3547940959.561457	98.508525	325.264368	244.180786	105.349272	319.415934	91.667778	331.112802	0.120587	0.098016	1.608016	1.808407
3547940960.238935	107.188923	341.690588	237.922104	113.884326	335.676308	100.493519	347.704869	0.116635	0.127922	1.603128	1.847507
3547940960.916414	117.491464	356.960732	232.160553	120.299515	348.410010	114.683413	365.511454	0.120587	0.090336	1.608016	1.798631
3547940961.567873	130.562980	371.284970	223.109726	131.072535	380.270534	130.053424	362.299407	0.116635	0.105613	1.603128	1.818182
3547940962.256359	147.072170	384.589947	214.847359	138.623192	381.489178	155.521148	387.690717	0.100582	0.086465	1.583578	1.793744
3547940962.941845	165.189447	395.406908	207.041794	167.877671	386.817761	162.501223	403.996056	0.092406	0.094186	1.573803	1.803519
3547940963.629326	186.140999	404.124845	196.568680	177.356234	406.081349	194.925764	402.168342	0.096507	0.082573	1.578690	1.788856
3547940964.281788	207.217728	408.913009	186.814758	216.163328	409.901055	198.272127	407.924963	0.120587	0.078659	1.608016	1.783969
3547940964.960267	228.411877	410.481472	180.062759	235.945865	415.404787	220.877890	405.558157	0.128420	0.109381	1.617791	1.823069
3547940965.606723	250.150576	409.331800	171.836563	242.824433	414.559384	257.476719	404.104216	0.143805	0.116857	1.637341	1.832845
3547940966.265187	271.559869	405.742767	168.221725	280.463437	404.428813	262.656301	407.056720	0.166205	0.127922	1.666667	1.847507
3547940966.940663	290.291703	401.581554	151.288757	286.037738	393.650364	294.545668	409.512745	0.177112	0.149534	1.681329	1.876833
3547940969.649574	285.415745	402.455440	352.394867	280.815647	394.719867	290.015844	410.191014	0.242005	0.197427	1.774194	1.945259
3547940970.945489	255.899990	406.738576	348.849609	257.091902	415.659302	254.708079	397.817851	0.261108	0.229625	1.803519	1.994135
3547940971.592945	241.094140	410.021322	345.869415	238.484169	401.408073	243.704110	418.634570	0.270429	0.238978	1.818182	2.008798
3547940972.217386	226.316882	414.438732	341.777710	220.828103	421.571285	231.805660	407.306178	0.288627	0.245139	1.847507	2.018573
3547940973.525308	197.101396	427.224622	329.348602	192.640208	435.041130	201.562584	419.408114	0.279601	0.260281	1.832845	2.043011
3547940974.192780	182.611491	436.439975	325.272156	191.549629	435.386550	173.673354	437.493400	0.297511	0.257282	1.862170	2.038123
3547940975.000349	168.985391	447.142753	319.955292	173.198446	439.189756	164.772337	455.095751	0.306256	0.266238	1.876833	2.052786
3547940975.682830	155.355375	460.311762	313.514236	160.766369	453.120020	149.944381	467.503503	0.297511	0.272137	1.862170	2.062561
3547940976.981748	132.689828	488.950394	304.481812	130.439866	497.664616	134.939790	480.236171	0.303357	0.269194	1.871945	2.057674
3547940977.656224	124.035793	502.414963	301.200821	127.474744	494.097895	120.596842	510.732031	0.297511	0.263267	1.862170	2.047898
3547940978.336703	115.872832	516.056766	299.177612	121.849872	522.785436	109.895791	509.328097	0.291604	0.251240	1.852395	2.028348
3547940979.631616	101.541169	540.766573	299.721802	110.138408	543.428805	92.943930	538.104341	0.279601	0.245139	1.832845	2.018573
3547940980.315101	94.720027	553.025801	297.943420	90.343080	560.889791	99.096973	545.161811	0.270429	0.248196	1.818182	2.023460
3547940981.025601	87.846525	565.074743	297.120911	79.105350	567.217605	96.587700	562.931880	0.264232	0.238978	1.808407	2.008798
3547940981.686066	80.557757	577.782584	301.325195	82.938379	569.103146	78.177136	586.462022	0.251635	0.210498	1.788856	1.964809
3547940984.344942	80.286194	578.433317	70.836594	71.388277	579.785013	89.184110	577.081621	0.225595	0.203996	1.749756	1.955034
3547940985.010410	75.243032	566.254558	66.448799	79.361906	574.256737	71.124157	558.252378	0.222258	0.210498	1.744868	1.964809
3547940985.670876	68.193117	551.248937	61.449223	77.034258	549.565420	59.351977	552.932454	0.215528	0.210498	1.735093	1.964809
3547940987.199956	46.381031	519.016256	45.596638	37.389562	519.408031	55.372500	518.624482	0.201837	0.220132	1.715543	1.979472
3547940987.857419	31.208871	505.797997	34.805634	33.419060	514.522392	28.998683	497.073602	0.173498	0.177320	1.676442	1.915934
3547940988.535901	15.680423	496.620894	5.977997	18.384675	488.036779	12.976170	505.205008	0.184279	0.170481	1.691105	1.906158
3547940990.626373	12.544497	498.310813	193.000000	21.350606	500.168888	3.738388	496.452739	0.155104	0.160088	1.652004	1.891496
3547940991.315859	23.284939	500.297342	191.167679	19.213192	508.323603	27.356687	492.271080	0.143805	0.138813	1.637341	1.862170
3547940991.996341	40.121728	503.238112	188.850662	36.992546	494.799616	43.250911	511.676608	0.128420	0.153070	1.617791	1.881720
3547940992.707841	58.641454	505.312012	182.887482	53.016621	498.286255	64.266288	512.337768	0.143805	0.135202	1.637341	1.857283
3547940993.445362	79.767961	504.547232	171.855484	72.542034	509.912489	86.993888	499.181975	0.143805	0.138813	1.637341	1.862170
3547940994.134847	102.489789	498.421155	157.760422	96.825131	491.427468	108.154446	505.414842	0.136158	0.145979	1.627566	1.871945
3547940994.827336	121.182976	488.039507	144.256424	123.469189	479.334725	118.896763	496.744289	0.124515	0.138813	1.612903	1.862170
3547940996.167283	151.653171	450.181299	115.315536	144.474305	455.609364	158.832037	444.753235	0.112659	0.131571	1.598240	1.852395
3547940996.805735	159.379940	429.241645	104.581619	166.480288	434.772022	152.279592	423.711269	0.128420	0.135202	1.617791	1.857283
3547940997.481209	163.794693	407.011547	96.564697	157.185748	413.120708	170.403638	400.902386	0.136158	0.127922	1.627566	1.847507
3547940998.182706	165.366689	384.710090	90.636497	161.293204	392.735470	169.440173	376.684710	0.132301	0.109381	1.622678	1.823069
3547940999.614719	163.863798	341.320653	80.908463	170.148025	334.877945	157.579570	347.763361	0.132301	0.116857	1.622678	1.832845
3547941000.273178	158.904924	318.372778	73.424700	167.184885	321.900135	150.624964	314.845421	0.132301	0.101825	1.622678	1.813294
3547941000.951657	151.580969	298.633830	65.026400	144.275725	303.890580	158.886212	293.377081	0.139993	0.131571	1.632454	1.852395
3547941001.631137	141.021554	279.342295	56.932354	137.652483	270.996676	144.390625	287.687915	0.218903	0.216937	1.739980	1.974585
3547941002.295608	128.985782	263.558746	48.665577	137.981969	263.820692	119.989594	263.296800	0.276560	0.336172	1.827957	2.174976
3547941002.966078	115.037102	250.903106	41.037647	116.798151	259.729130	113.276053	242.077081	0.323343	0.398667	1.906158	2.297165
3547941003.627545	100.704312	239.761503	35.537891	108.180654	244.771924	93.227971	234.751083	0.331691	0.421843	1.920821	2.346041
3547941005.010522	73.682726	221.131597	32.444946	65.971581	216.490666	81.393871	225.772528	0.353341	0.444072	1.959922	2.394917
3547941005.722033	59.293753	212.135807	28.548344	61.729097	220.800049	56.858409	203.471564	0.353341	0.446245	1.959922	2.399804
3547941006.379487	44.584048	204.692782	23.887684	53.110779	201.812701	36.057317	207.572863	0.350682	0.433072	1.955034	2.370479
3547941007.048962	29.787421	198.399430	21.886465	28.846989	207.350161	30.727852	189.448698	0.334445	0.421843	1.925709	2.346041
3547941007.712429	18.205792	193.611740	38.356804	12.704165	186.489093	23.707420	200.734386	0.345324	0.424107	1.945259	2.350929
3547941008.365895	17.168525	191.405871	98.664726	25.778586	194.026338	8.558464	188.785404	0.337186	0.417285	1.930596	2.336266
3547941009.031360	19.962103	187.392144	129.157135	23.063702	195.840818	16.860504	178.943471	0.323343	0.398667	1.906158	2.297165
3547941010.377306	40.106814	168.201648	140.124802	31.574884	171.066287	48.638745	165.337009	0.314866	0.386706	1.891496	2.272727
3547941011.071797	53.338257	157.263640	141.598862	55.365443	166.032364	51.311071	148.494916	0.317706	0.369521	1.896383	2.238514
3547941011.789303	66.509280	147.197263	146.126541	57.517400	147.579492	75.501159	146.815033	0.297511	0.354368	1.862170	2.209189
3547941012.428755	81.769159	138.112837	152.073425	73.154854	135.506355	90.383464	140.719319	0.291604	0.338807	1.852395	2.179863
3547941013.065203	97.453865	130.049869	152.806717	89.309081	133.879034	105.598648	126.220704	0.282626	0.344040	1.837732	2.189638
3547941015.045599	142.679834	109.914397	164.116547	136.520574	103.352117	148.839094	116.476677	0.248442	0.295187	1.783969	2.101662
3547941015.707069	158.641261	105.708727	169.312714	161.585642	97.203986	155.696880	114.213468	0.242005	0.275066	1.774194	2.067449
3547941016.406569	177.784835	103.682692	173.050751	180.125987	112.372859	175.443683	94.992525	0.238759	0.275066	1.769306	2.067449
3547941017.751508	211.093547	102.222704	186.283600	218.306153	107.605855	203.880941	96.839553	0.232214	0.257282	1.759531	2.038123
3547941018.432998	227.474947	105.340099	193.722748	235.308470	100.908855	219.641425	109.771343	0.212134	0.235876	1.730205	2.003910
3547941019.072445	245.485643	111.068173	200.307281	251.650935	104.511560	239.320350	117.624785	0.194874	0.245139	1.705767	2.018573
3547941020.498447	277.009942	126.429364	211.842209	285.802163	128.352087	268.217722	124.506641	0.184279	0.216937	1.691105	1.974585
3547941021.129894	286.035706	134.416815	263.138916	292.202431	127.861550	279.868980	140.972080	0.184279	0.210498	1.691105	1.964809
3547941021.801365	285.615090	136.025661	319.281158	293.870956	132.442270	277.359225	139.609051	0.177112	0.210498	1.681329	1.964809
3547941022.482849	278.511959	140.735989	329.692719	276.949328	149.599294	280.074591	131.872683	0.169862	0.177320	1.671554	1.915934
3547941023.154324	265.225570	147.027374	336.075378	264.550884	156.002049	265.900256	138.052698	0.158826	0.197427	1.656891	1.945259
3547941023.860819	250.058028	152.823597	342.433533	250.057429	161.823597	250.058626	143.823597	0.155104	0.194118	1.652004	1.940371
3547941024.562314	232.387418	157.587764	348.119751	227.327693	165.030826	237.447144	150.144701	0.158826	0.167034	1.656891	1.901271
3547941025.896255	197.205419	161.745501	358.015808	198.334228	152.816571	196.076610	170.674431	0.132301	0.170481	1.622678	1.906158
3547941026.579739	180.108401	162.316438	0.256671	177.823646	153.611273	182.393156	171.021603	0.143805	0.149534	1.637341	1.876833
3547941027.250212	162.606567	162.059357	0.293151	160.005839	153.443313	165.207295	170.675401	0.151360	0.156588	1.647116	1.886608
3547941027.918682	144.446950	161.947529	359.546524	135.570422	160.461848	153.323478	163.433211	0.112659	0.149534	1.598240	1.876833
3547941028.583154	127.576283	161.614667	1.543576	118.579617	161.369712	136.572949	161.859621	0.120587	0.145979	1.608016	1.871945
3547941029.339684	109.194644	161.201512	6.266610	109.343818	152.202749	109.045470	170.200276	0.124515	0.149534	1.612903	1.876833
3547941030.030171	92.043266	158.512574	11.330688	100.542621	155.552680	83.543911	161.472467	0.116635	0.124253	1.603128	1.842620
3547941030.681633	72.895694	153.416628	17.601444	81.431182	150.562604	64.360207	156.270652	0.124515	0.138813	1.612903	1.862170
3547941031.347102	57.639699	147.604780	22.540188	62.336511	155.282017	52.942888	139.927544	0.120587	0.109381	1.608016	1.823069
3547941031.971541	43.764791	141.037451	27.106968	35.487313	144.570632	52.042268	137.504271	0.116635	0.138813	1.603128	1.862170
3547941032.632008	30.035546	132.718085	33.301369	21.477391	135.503403	38.593700	129.932768	0.124515	0.116857	1.612903	1.832845
3547941035.373942	32.208621	111.367740	148.608337	39.547549	116.577360	24.869694	106.158120	0.079950	0.098016	1.559140	1.808407
3547941036.045415	48.077790	102.744082	150.248077	52.769462	95.063703	43.386118	110.424460	0.075746	0.098016	1.554252	1.808407
3547941036.736903	65.813777	92.332276	147.759155	66.750781	101.283367	64.876773	83.381185	0.071515	0.098016	1.549365	1.808407
3547941037.386363	82.491912	82.842803	151.941101	74.296809	79.122549	90.687015	86.563056	0.071515	0.078659	1.549365	1.783969
3547941038.059837	100.398972	75.016768	159.293839	93.198477	80.416108	107.599467	69.617427	0.062973	0.098016	1.539589	1.808407
3547941038.741319	119.324611	69.224623	165.141327	110.518064	71.080623	128.131158	67.368623	0.075746	0.082573	1.554252	1.788856
3547941042.770160	243.025023	56.656942	170.804337	234.779797	53.049139	251.270249	60.264746	0.062973	0.074724	1.539589	1.779081
3547941043.447641	264.847044	52.453272	165.669800	258.177726	58.496467	271.516361	46.410077	0.041136	0.066788	1.515152	1.769306
3547941044.109105	286.702675	46.279904	161.775314	295.701419	46.430263	277.703931	46.129545	0.054322	0.066788	1.529814	1.769306
3547941046.857045	291.747078	45.502670	251.258041	292.370916	36.524317	291.123241	54.481023	0.054322	0.050651	1.529814	1.749756
3547941048.434156	285.578180	49.997718	328.107880	276.737691	48.310782	294.418669	51.684655	0.041136	0.034149	1.515152	1.730205
3547941049.115637	271.731779	58.173300	330.479675	276.905620	65.537496	266.557939	50.809104	0.036683	0.029965	1.510264	1.725318
3547941050.455583	241.541146	75.630938	328.249237	232.551167	75.206338	250.531125	76.055537	0.045559	0.042446	1.520039	1.739980
3547941051.107043	228.086446	84.004861	327.045471	225.256755	75.461276	230.916138	92.548446	0.049955	0.038309	1.524927	1.735093
3547941051.787523	213.914871	93.415500	326.239990	218.115887	85.456137	209.713855	101.374864	0.041136	0.012989	1.515152	1.705767
3547941052.425972	199.468946	103.149345	326.661377	200.046880	94.167920	198.891013	112.130770	0.049955	0.042446	1.524927	1.739980
3547941053.081434	185.668733	113.396877	327.105148	182.334525	105.037268	189.002941	121.756485	0.041136	0.038309	1.515152	1.735093
3547941054.471415	155.670352	132.726328	330.014786	156.993552	141.628527	154.347151	123.824130	0.049955	0.021525	1.524927	1.715543
3547941055.151895	138.748050	141.415996	334.913116	130.243925	144.362156	147.252175	138.469836	0.032202	0.038309	1.505376	1.735093
3547941055.821367	120.341495	150.201522	336.157501	120.405280	159.201296	120.277710	141.201748	0.045559	0.017269	1.520039	1.710655
3547941056.478832	103.133600	157.300001	338.085846	111.541883	154.090521	94.725316	160.509482	0.032202	0.042446	1.505376	1.739980
3547941057.168321	86.055289	163.815100	339.436554	84.758889	154.908959	87.351690	172.721241	0.027692	0.042446	1.500489	1.739980
3547941059.130704	35.130401	181.691521	341.673950	28.932398	188.217221	41.328405	175.165822	0.054322	0.046560	1.529814	1.744868
3547941059.812184	19.388613	187.091945	339.345337	18.908868	178.104741	19.868359	196.079150	0.067258	0.038309	1.544477	1.735093
3547941060.517682	16.757225	190.164046	269.132141	24.540765	185.645583	8.973685	194.682509	0.045559	0.054719	1.520039	1.754643
3547941061.226180	18.765534	193.053304	225.373993	25.350009	186.917777	12.181059	199.188831	0.045559	0.054719	1.520039	1.754643
3547941061.864633	29.809283	202.052469	219.140228	36.082620	195.599157	23.535946	208.505782	0.045559	0.034149	1.520039	1.730205
3547941062.548113	43.030043	212.897376	219.534409	46.343884	204.529673	39.716202	221.265080	0.036683	0.038309	1.510264	1.735093
3547941063.168551	56.594718	224.497549	220.080795	55.078202	215.626237	58.111234	233.368861	0.027692	0.025757	1.500489	1.720430
3547941064.637588	84.168870	248.086413	219.304230	89.304416	240.695461	79.033325	255.477365	0.023152	0.034149	1.495601	1.730205
3547941065.311062	100.859589	261.215082	214.987854	92.059649	259.328005	109.659529	263.102159	0.049955	0.042446	1.524927	1.739980
3547941066.029569	120.281812	273.692731	209.466827	112.613403	278.403942	127.950220	268.981520	0.054322	0.042446	1.529814	1.739980
3547941066.724059	137.300344	279.885624	200.930023	138.484064	270.963807	136.116623	288.807440	0.062973	0.038309	1.539589	1.735093
3547941067.431568	159.171188	287.446809	191.805313	160.677516	296.319857	157.664860	278.573761	0.071515	0.054719	1.549365	1.754643
3547941068.066006	182.707461	291.515230	184.307958	174.918588	296.024494	190.496333	287.005966	0.084128	0.163570	1.564027	1.896383
3547941068.762497	202.883452	290.732110	176.440247	198.481550	282.882063	207.285355	298.582158	0.158826	0.328198	1.656891	2.160313
3547941070.711874	265.217607	275.183994	153.691002	263.016809	283.910762	267.418405	266.457225	0.479565	0.600219	2.223851	2.805474
3547941071.395361	282.479272	265.627499	149.012566	291.275719	267.530788	273.682824	263.724210	0.528385	0.624921	2.346041	2.883675
3547941072.076836	289.599861	263.618962	194.435577	292.628102	255.143719	286.571620	272.094206	0.550056	0.623416	2.404692	2.878788
3547941073.452806	290.959859	264.891716	250.068649	299.525261	262.128767	282.394457	267.654666	0.616736	0.635311	2.605083	2.917889
3547941074.112276	290.846298	264.627506	285.644287	288.701342	273.368167	292.991254	255.886844	0.645675	0.645461	2.702835	2.952102
3547941074.747722	290.590372	264.877758	343.267090	297.252916	270.928420	283.927829	258.827095	0.662055	0.646891	2.761486	2.956989
3547941075.393176	286.908159	263.054007	13.513868	279.600542	257.800557	294.215776	268.307457	0.672594	0.651155	2.800587	2.971652
3547941076.052645	276.339110	260.759273	12.904317	273.355157	252.268335	279.323062	269.250211	0.669987	0.655378	2.790811	2.986315
3547941076.728119	262.649996	257.999517	14.407418	253.976662	260.402279	271.323331	255.596754	0.671292	0.651155	2.795699	2.971652
3547941077.425610	249.683163	254.265582	16.763651	257.515315	258.699247	241.851010	249.831917	0.673890	0.666437	2.805474	3.025415
3547941078.087077	235.072652	250.091086	15.029793	229.426328	257.099582	240.718977	243.082590	0.666042	0.656776	2.776149	2.991202
3547941078.813589	220.239839	246.269622	12.262261	222.934830	237.682596	217.544849	254.856649	0.667361	0.642585	2.781036	2.942326
3547941080.201569	190.836289	239.752995	11.847792	196.761129	232.978317	184.911448	246.527673	0.644278	0.623416	2.697947	2.878788
3547941080.840021	175.442627	237.062943	7.966798	166.499841	238.076140	184.385414	236.049745	0.631472	0.620392	2.653959	2.869013
3547941085.643411	70.484013	238.803434	351.469513	73.896253	230.475372	67.071774	247.131496	0.588769	0.562198	2.517107	2.693060
3547941086.304874	55.229763	241.713329	347.253967	46.282180	242.683253	64.177346	240.743405	0.582287	0.548218	2.497556	2.653959
3547941087.113449	41.943351	244.878990	346.091431	37.500838	237.051853	46.385864	252.706127	0.563925	0.542869	2.443793	2.639296
3547941087.790922	29.015621	247.768880	348.538177	27.416690	256.625709	30.614551	238.912051	0.539354	0.517099	2.375367	2.570870
3547941088.439387	17.330010	250.111708	323.289062	14.713516	258.722978	19.946503	241.500439	0.528385	0.509482	2.346041	2.551320
3547941089.112855	17.460528	249.747230	284.595093	8.813415	252.242713	26.107642	247.251747	0.511407	0.513305	2.302053	2.561095
3547941089.785330	17.476591	249.338133	226.331787	16.246410	240.422604	18.706772	258.253661	0.493767	0.513305	2.258065	2.561095
3547941090.463807	19.041457	249.717302	166.009125	14.763908	257.635798	23.319006	241.798806	0.501691	0.535643	2.277615	2.619746
3547941091.137282	25.581541	246.322083	148.427338	31.862781	252.767703	19.300300	239.876463	0.497746	0.574101	2.267840	2.727273
3547941091.829771	35.384475	239.377207	144.888504	32.085996	231.003436	38.682954	247.750978	0.489754	0.553509	2.248289	2.668622
3547941093.224756	58.779369	220.351918	138.836273	53.651657	212.955529	63.907080	227.748307	0.515235	0.592215	2.311828	2.781036
3547941093.895229	71.990186	208.608410	139.966827	63.113835	210.095152	80.866536	207.121668	0.517138	0.590597	2.316716	2.776149
3547941094.558696	83.562520	198.129144	137.187820	91.334418	193.590686	75.790622	202.667602	0.519032	0.588974	2.321603	2.771261
3547941095.216160	94.666532	186.791315	132.118256	93.131792	177.923138	96.201273	195.659493	0.501691	0.580770	2.277615	2.746823
3547941096.538094	114.394376	161.993585	123.728607	122.803728	165.200265	105.985023	158.786905	0.481621	0.560473	2.228739	2.688172
3547941097.401705	122.895643	148.794634	124.057526	131.890010	149.113025	113.901277	148.476242	0.481621	0.528309	2.228739	2.600196
3547941098.061169	131.179117	135.817471	127.127853	122.230252	134.859448	140.127983	136.775495	0.440957	0.524601	2.135875	2.590420
3547941099.383106	152.341817	107.710166	124.022339	161.319415	108.344777	143.364219	107.075554	0.425069	0.501748	2.101662	2.531769
3547941100.017548	161.439340	95.339702	125.427750	163.543297	86.589082	159.335382	104.090323	0.408656	0.497836	2.067449	2.521994
3547941100.680015	170.796348	82.374065	124.086987	179.796191	82.427374	161.796506	82.320756	0.406267	0.477811	2.062561	2.473118
3547941101.328473	178.836174	69.683656	121.560444	171.454842	74.833020	186.217505	64.534293	0.374144	0.454850	1.999022	2.419355
3547941101.983937	186.844843	56.179744	119.757469	183.532080	47.811614	190.157606	64.547874	0.361239	0.450565	1.974585	2.409580
3547941102.695436	194.025189	42.052833	116.223061	193.882386	51.051700	194.167991	33.053966	0.345324	0.419569	1.945259	2.341153
3547941103.399935	200.969963	27.204298	109.985832	201.240727	36.200224	200.699200	18.208372	0.342625	0.405723	1.940371	2.311828
3547941105.361319	211.883989	14.289662	221.515289	202.888892	14.586673	220.879087	13.992651	0.306256	0.393914	1.876833	2.287390
3547941106.023784	220.933037	23.240030	228.793472	216.284283	30.946462	225.581791	15.533599	0.282626	0.376950	1.837732	2.253177
3547941106.719275	230.294584	35.147258	232.387894	231.103156	26.183653	229.486011	44.110862	0.291604	0.346639	1.852395	2.194526
3547941107.343718	239.685179	47.785595	231.262589	248.122343	44.652823	231.248015	50.918368	0.279601	0.349227	1.832845	2.199413
3547941108.717685	260.240473	71.678137	227.954819	251.401334	73.372134	269.079611	69.984140	0.245232	0.325516	1.779081	2.155425
3547941109.426188	272.589536	85.160600	227.281418	264.623477	80.972294	280.555595	89.348906	0.245232	0.311920	1.779081	2.130987
3547941110.074644	283.907892	97.046295	224.311295	292.471782	99.813928	275.344002	94.278662	0.235495	0.300817	1.764418	2.111437
3547941110.717103	287.216554	102.616263	266.521210	282.790276	110.452593	291.642832	94.779934	0.228914	0.295187	1.754643	2.101662
3547941111.393574	286.133283	106.640071	298.186157	283.774842	115.325562	288.491725	97.954580	0.225595	0.280883	1.749756	2.077224
3547941112.696498	271.825846	127.746871	307.542786	274.770268	119.242144	268.881425	136.251598	0.198366	0.260281	1.710655	2.043011
3547941113.342949	262.143141	140.996882	305.250244	266.581880	148.826160	257.704401	133.167604	0.205289	0.232758	1.720430	1.999022
3547941114.010420	253.057354	155.129532	301.480042	254.070879	146.186783	252.043830	164.072282	0.177112	0.251240	1.681329	2.028348
3547941114.662879	244.605937	168.706619	300.562012	252.325716	164.080064	236.886157	173.333173	0.177112	0.229625	1.681329	1.994135
3547941115.399403	235.821495	182.991896	300.936279	241.315451	175.863330	230.327539	190.120461	0.166205	0.223312	1.666667	1.984360
3547941116.059865	226.333791	197.603193	302.708038	218.252026	193.642756	234.415557	201.563630	0.169862	0.223312	1.671554	1.984360
3547941116.681304	216.700315	212.180526	303.713470	209.026556	216.883018	224.374073	207.478034	0.155104	0.226476	1.652004	1.989247
3547941117.376800	207.914451	225.410971	304.623749	206.919839	234.355843	208.909063	216.466098	0.162526	0.226476	1.661779	1.989247
3547941118.050273	199.361994	239.396609	301.367523	201.373211	230.624208	197.350777	248.169009	0.155104	0.210498	1.652004	1.964809
3547941118.693724	190.981961	255.335350	299.620789	199.266913	258.850970	182.697010	251.819730	0.180706	0.220132	1.686217	1.979472
3547941119.383211	182.688299	268.005122	300.208282	191.532758	266.339129	173.843839	269.671114	0.225595	0.266238	1.749756	2.052786
3547941120.044676	173.265497	280.648213	302.253571	167.742642	273.542014	178.788353	287.754412	0.273503	0.272137	1.823069	2.062561
3547941120.687132	164.766293	295.548205	305.032735	167.410906	304.150881	162.121681	286.945530	0.306256	0.286645	1.876833	2.086999
3547941121.602781	155.964974	308.406222	304.317261	152.317935	316.634169	159.612014	300.178276	0.339912	0.295187	1.935484	2.101662
3547941122.265243	145.063475	323.239791	302.697662	137.023237	319.195712	153.103714	327.283869	0.342625	0.317395	1.940371	2.140762
3547941122.887683	134.688714	341.248547	298.330261	133.602004	350.182699	135.775423	332.314396	0.334445	0.298008	1.925709	2.106549
3547941123.603188	128.080880	355.550820	296.238190	120.874486	350.159356	135.287274	360.942284	0.334445	0.289506	1.925709	2.091887
3547941124.945135	113.582715	386.776257	290.230042	105.182944	383.544562	121.982486	390.007951	0.314866	0.280883	1.891496	2.077224
3547941125.616608	108.174199	403.584088	283.391144	102.743261	396.407395	113.605136	410.760780	0.314866	0.266238	1.891496	2.052786
3547941127.010594	104.461332	439.120829	266.768188	102.085157	447.801485	106.837506	430.440172	0.291604	0.248196	1.852395	2.023460
3547941127.690072	106.871340	457.379134	258.208405	101.805860	449.939987	111.936820	464.818281	0.282626	0.248196	1.837732	2.023460
3547941129.026013	118.089198	490.861061	246.464767	109.190603	489.513841	126.987793	492.208281	0.267339	0.238978	1.813294	2.008798
3547941129.671469	124.519757	505.791998	243.266068	133.326952	507.644920	115.712562	503.939076	0.251635	0.207255	1.788856	1.959922
3547941130.353950	132.739164	520.818187	238.862671	131.826075	511.864625	133.652254	529.771749	0.235495	0.223312	1.764418	1.984360
3547941131.705908	155.227327	550.129236	225.739113	159.187000	542.047096	151.267654	558.211377	0.212134	0.207255	1.730205	1.959922
3547941132.371374	168.032377	561.959035	220.312241	164.521356	553.672134	171.543399	570.245936	0.198366	0.190793	1.710655	1.935484
3547941133.069866	183.658375	572.996668	212.922989	189.492815	566.143981	177.823936	579.849354	0.208721	0.184091	1.725318	1.925709
3547941137.115720	198.553055	575.953506	50.459801	196.815176	567.122890	200.290934	584.784122	0.166205	0.153070	1.666667	1.881720
3547941137.806208	189.512703	564.517091	52.620335	183.140205	570.872504	195.885200	558.161678	0.132301	0.145979	1.622678	1.871945
3547941138.448660	179.532196	551.431097	52.931755	175.413589	559.433414	183.650804	543.428780	0.136158	0.135202	1.627566	1.857283
3547941139.829636	156.980075	521.844294	50.765665	152.663803	513.946839	161.296347	529.741749	0.139993	0.138813	1.632454	1.862170
3547941140.492103	144.486916	506.530077	49.811163	148.436575	498.443038	140.537258	514.617116	0.104632	0.127922	1.588465	1.847507
3547941141.173583	132.352061	492.239389	48.381056	140.913039	495.016014	123.791082	489.462765	0.100582	0.116857	1.583578	1.832845
3547941142.509525	111.525373	463.389722	58.681721	103.910885	468.187593	119.139862	458.591850	0.084128	0.116857	1.564027	1.832845
3547941143.179002	102.318004	447.483981	60.060429	105.573955	455.874380	99.062054	439.093583	0.108658	0.109381	1.593353	1.823069
3547941143.846469	93.462613	432.163775	59.104004	88.483394	439.660934	98.441831	424.666617	0.104632	0.101825	1.588465	1.813294
3547941145.183414	73.446670	400.060669	56.064041	77.639572	392.097028	69.253767	408.024310	0.096507	0.094186	1.578690	1.803519
3547941145.896919	63.067495	384.980189	54.302479	70.091649	390.607023	56.043342	379.353355	0.088280	0.090336	1.568915	1.798631
3547941146.549378	52.492346	370.443956	53.409004	52.509708	379.443939	52.474984	361.443973	0.096507	0.078659	1.578690	1.783969
3547941147.181822	41.041091	355.745848	50.529171	38.695301	347.056931	43.386882	364.434764	0.071515	0.098016	1.549365	1.808407
3547941147.846295	30.074858	343.179607	47.157726	30.379329	352.174455	29.770388	334.184758	0.084128	0.078659	1.564027	1.783969
3547941148.534779	17.865968	331.299254	37.752636	17.384481	322.312143	18.347455	340.286365	0.075746	0.082573	1.554252	1.788856
3547941149.204249	13.458102	330.259385	334.327332	4.743003	328.012821	22.173201	332.505950	0.071515	0.082573	1.549365	1.788856
3547941150.546196	13.428452	329.650399	201.152405	12.615288	320.687210	14.241616	338.613589	0.079950	0.082573	1.559140	1.788856
3547941151.227676	19.680677	328.089462	162.823837	24.300030	320.365371	15.061324	335.813553	0.067258	0.105613	1.544477	1.818182
3547941151.945183	34.578857	322.979816	159.109985	26.512613	326.971771	42.645101	318.987861	0.088280	0.086465	1.568915	1.793744
3547941152.602645	52.974615	316.060819	158.247696	44.694676	312.533411	61.254554	319.588227	0.079950	0.082573	1.559140	1.788856
3547941153.957610	92.156282	300.228746	154.024773	92.935897	309.194915	91.376667	291.262576	0.079950	0.098016	1.559140	1.808407
3547941154.690118	111.566618	289.904093	153.848846	110.764939	298.868317	112.368296	280.939869	0.088280	0.113129	1.568915	1.827957
3547941155.345589	130.698664	279.389543	155.034164	138.703648	283.502963	122.693679	275.276123	0.276560	0.238978	1.827957	2.008798
3547941156.013053	152.256219	271.088823	152.832726	144.213770	275.128503	160.298668	267.049142	0.550056	0.384283	2.404692	2.267840
3547941156.685529	170.610980	260.834838	153.087229	163.844643	266.769204	177.377316	254.900473	0.648454	0.487922	2.712610	2.497556
3547941157.371010	189.140768	251.295602	146.106117	180.142958	251.494115	198.138579	251.097088	0.672594	0.524601	2.800587	2.590420
3547941158.103528	202.927059	239.136103	136.320663	211.415994	242.125749	194.438124	236.146457	0.663388	0.544659	2.766373	2.644184
3547941158.739977	215.296212	224.393017	126.255035	210.279026	216.921213	220.313398	231.864820	0.659373	0.549988	2.751711	2.658847
3547941159.406446	223.856819	210.267073	118.466148	230.986437	204.774483	216.727201	215.759663	0.651213	0.544659	2.722385	2.644184
3547941160.101943	230.152239	196.280990	111.167404	238.578050	199.444171	221.726429	193.117809	0.642875	0.520864	2.693060	2.580645
3547941160.747394	235.635213	179.655742	104.989990	244.347886	181.911697	226.922540	177.399788	0.630023	0.517099	2.649071	2.570870
3547941161.418865	239.075289	163.031917	97.972130	244.028245	170.546451	234.122333	155.517382	0.606087	0.509482	2.570870	2.551320
3547941162.064322	240.663293	147.369952	91.535942	244.413127	155.551562	236.913459	139.188341	0.598306	0.487922	2.546432	2.497556
3547941162.699771	240.114504	131.349755	85.683319	246.936951	137.219527	233.292057	125.479984	0.591973	0.481879	2.526882	2.482893
3547941164.120772	236.128210	99.940967	78.923759	239.499425	108.285721	232.756995	91.596214	0.550056	0.450565	2.404692	2.409580
3547941164.851294	232.528485	83.221139	75.555679	231.117233	74.332474	233.939737	92.109804	0.533903	0.441890	2.360704	2.390029
3547941166.182226	222.299558	49.839070	69.317383	220.490859	41.022687	224.108256	58.655454	0.499723	0.408055	2.272727	2.316716
3547941166.841692	215.754481	34.834967	64.364929	206.760883	34.495565	224.748079	35.174368	0.481621	0.398667	2.228739	2.297165
3547941167.499157	208.219404	20.074733	61.183987	217.192688	20.767678	199.246119	19.381789	0.473344	0.381849	2.209189	2.262952
3547941169.535594	198.948445	20.370399	299.822510	207.769779	22.154794	190.127111	18.586003	0.420435	0.341429	2.091887	2.184751
3547941170.231082	192.144995	32.391697	300.328308	200.726342	29.678676	183.563648	35.104718	0.406267	0.338807	2.062561	2.179863
3547941170.906559	184.212357	47.501890	297.630432	177.626705	53.636154	190.798008	41.367626	0.379218	0.309163	2.008798	2.126100
3547941172.208478	169.896110	78.206498	290.622070	160.898867	78.429224	178.893354	77.983772	0.358619	0.289506	1.969697	2.091887
3547941172.878951	164.298821	94.633185	287.304932	173.196687	95.985213	155.400954	93.281157	0.345324	0.269194	1.945259	2.057674
3547941173.541418	159.914146	110.842488	283.713211	152.490825	105.753844	167.337468	115.931133	0.320532	0.254268	1.901271	2.033236
3547941174.185879	156.417238	128.466744	278.954514	150.990408	135.646544	161.844067	121.286944	0.312011	0.238978	1.886608	2.008798
3547941174.849340	154.682086	147.521057	274.602264	163.313726	150.069543	146.050445	144.972570	0.303357	0.248196	1.871945	2.023460
3547941175.575853	153.490526	165.723182	268.626511	162.488665	165.540146	144.492388	165.906218	0.282626	0.242066	1.837732	2.013685
3547941176.242324	155.058056	185.773419	261.992493	163.570995	188.694011	146.545116	182.852827	0.276560	0.223312	1.827957	1.984360
3547941176.902791	158.856614	205.682489	256.048393	167.856281	205.605162	149.856946	205.759815	0.261108	0.220132	1.803519	1.979472
3547941177.595279	164.286269	224.216464	250.436226	171.286631	218.560057	157.285908	229.872871	0.248442	0.210498	1.783969	1.964809
3547941178.247739	170.661737	240.375853	245.205284	169.218481	231.492328	172.104993	249.259378	0.235495	0.194118	1.764418	1.940371
3547941178.925219	179.602867	257.740131	239.332649	174.734004	250.170839	184.471729	265.309423	0.222258	0.197427	1.744868	1.945259
3547941179.603696	189.264605	272.525427	234.833028	182.894139	278.882876	195.635071	266.167978	0.215528	0.184091	1.735093	1.925709
3547941180.270166	200.944229	287.440347	229.907089	205.807171	295.013443	196.081287	279.867250	0.222258	0.173909	1.744868	1.911046
3547941180.961654	214.249008	302.340996	225.021507	222.546832	298.855866	205.951185	305.826126	0.225595	0.194118	1.749756	1.940371
3547941181.648139	229.923033	316.021796	216.760597	229.839371	325.021407	230.006695	307.022185	0.225595	0.207255	1.749756	1.959922
3547941182.312612	247.776219	326.626867	205.692505	256.746115	327.362372	238.806323	325.891363	0.242005	0.242066	1.774194	2.013685
3547941182.990085	266.699564	334.516916	198.434296	271.124217	342.354163	262.274910	326.679669	0.267339	0.263267	1.813294	2.047898
3547941183.664560	284.810437	339.815091	192.982880	293.583446	341.823650	276.037427	337.806532	0.276560	0.292353	1.827957	2.096774
3547941189.048361	284.928322	342.444676	9.401633	284.720039	351.442266	285.136606	333.447087	0.406267	0.408055	2.062561	2.316716
3547941189.720833	272.546676	340.031739	13.537775	265.115567	334.954474	279.977786	345.109003	0.422757	0.426362	2.096774	2.355816
3547941190.388304	257.031072	335.945676	15.112268	251.981315	343.395506	262.080828	328.495847	0.440957	0.437499	2.135875	2.380254
3547941191.034760	241.537933	331.279810	17.385893	250.486333	330.317453	232.589532	332.242166	0.445403	0.452712	2.145650	2.414467
3547941191.729249	225.023673	325.671067	19.551403	219.213009	318.798209	230.834337	332.543925	0.436470	0.456979	2.126100	2.424242
3547941192.475776	209.632055	320.320959	22.182802	211.346397	329.156174	207.917712	311.485744	0.422757	0.477811	2.096774	2.473118
3547941193.156257	195.392664	314.121091	26.701225	186.392688	314.100281	204.392640	314.141902	0.425069	0.531990	2.101662	2.609971
3547941193.933805	180.306332	305.252638	32.814724	171.439130	303.712270	189.173533	306.793007	0.418101	0.542869	2.086999	2.639296
3547941194.616287	165.733822	295.826940	33.407363	157.518371	299.502040	173.949273	292.151839	0.408656	0.544659	2.067449	2.644184
3547941195.267747	150.157145	285.021923	35.925158	158.972053	286.837793	141.342236	283.206053	0.431941	0.542869	2.116325	2.639296
3547941195.920207	137.965756	275.128339	38.724378	130.272086	270.458497	145.659427	279.798182	0.418101	0.544659	2.086999	2.644184
3547941196.616700	125.839742	264.036148	43.186460	132.269789	257.738967	119.409695	270.333329	0.418101	0.522736	2.086999	2.585533
3547941197.298179	114.428806	253.335373	48.549698	123.334374	254.635700	105.523237	252.035046	0.396596	0.515206	2.043011	2.565982
3547941197.954641	103.254913	240.089089	50.467743	101.446955	231.272554	105.062871	248.905624	0.394149	0.517099	2.038123	2.570870
3547941199.317604	82.919815	214.954582	51.205502	75.651690	209.646628	90.187939	220.262535	0.361239	0.487922	1.974585	2.497556
3547941200.024101	73.452794	202.341007	53.487625	74.176961	211.311826	72.728628	193.370189	0.353341	0.467499	1.959922	2.448680
3547941200.693573	64.024067	188.130665	56.274761	66.458517	179.466171	61.589618	196.795159	0.331691	0.446245	1.920821	2.399804
3547941202.034521	45.755085	160.339632	57.618923	37.859177	156.020530	53.650993	164.658733	0.323343	0.433072	1.906158	2.370479
3547941202.682981	37.663304	146.551700	62.243698	42.656747	139.064008	32.669862	154.039392	0.303357	0.414992	1.871945	2.331378
3547941203.510565	30.828070	133.367038	62.526588	33.532981	124.783130	28.123160	141.950945	0.294566	0.391521	1.857283	2.282502
3547941204.837498	16.444033	102.709666	79.502205	23.829065	107.853721	9.059001	97.565611	0.273503	0.369521	1.823069	2.238514
3547941205.466942	17.083689	99.723587	138.351608	15.992596	90.789970	18.174782	108.657204	0.251635	0.359464	1.788856	2.218964
3547941206.207463	21.507208	98.865318	174.775238	29.736543	95.221413	13.277873	102.509223	0.261108	0.341429	1.803519	2.184751
3547941206.879938	35.355644	99.266740	186.302567	42.669047	104.512132	28.042241	94.021348	0.242005	0.325516	1.774194	2.155425
3547941207.514388	52.969858	103.226563	195.403290	47.707302	95.925501	58.232414	110.527625	0.218903	0.320115	1.739980	2.145650
3547941208.152836	68.580218	108.522074	200.014679	76.374686	104.022490	60.785749	113.021658	0.205289	0.309163	1.720430	2.126100
3547941213.532633	210.755019	110.958061	167.233170	216.748517	117.672074	204.761520	104.244048	0.143805	0.213726	1.637341	1.969697
3547941214.205108	228.412193	106.999760	165.049667	219.472733	108.041894	237.351654	105.957625	0.139993	0.207255	1.632454	1.959922
3547941214.859570	245.932189	101.683419	159.282394	238.670377	107.000004	253.194002	96.366833	0.128420	0.210498	1.617791	1.964809
3547941215.524037	263.127139	94.065091	153.347412	258.115195	101.540412	268.139083	86.589771	0.116635	0.194118	1.603128	1.940371
3547941216.197513	279.979950	85.312193	152.369431	270.979971	85.331875	288.979928	85.292511	0.116635	0.200720	1.603128	1.950147
3547941216.856978	290.335057	81.392451	191.373764	287.991880	90.082072	292.678235	72.702830	0.116635	0.163570	1.603128	1.896383
3547941218.896416	290.631527	84.474432	353.583618	281.738653	85.858914	299.524401	83.089949	0.084128	0.153070	1.564027	1.881720
3547941219.547878	280.147661	84.101473	8.557500	273.284523	89.923615	287.010800	78.279332	0.092406	0.149534	1.573803	1.876833
3547941220.203338	265.445198	81.066295	14.977065	259.437350	87.767471	271.453046	74.365118	0.084128	0.135202	1.564027	1.857283
3547941220.814771	250.020176	75.446229	22.454121	254.039659	83.498791	246.000693	67.393667	0.092406	0.142405	1.573803	1.867058
3547941222.798169	209.385597	49.133016	41.327438	213.595271	57.087804	205.175923	41.178228	0.067258	0.105613	1.544477	1.818182
3547941223.442624	196.664877	37.444364	44.486538	192.316591	29.564491	201.013162	45.324238	0.071515	0.120565	1.549365	1.837732
3547941224.134113	185.405958	25.978247	46.690170	181.623719	34.144928	189.188197	17.811567	0.058661	0.098016	1.534702	1.808407
3547941224.804585	175.737355	14.802774	66.530426	180.494983	22.442472	170.979727	7.163077	0.058661	0.078659	1.534702	1.783969
3547941227.486476	180.343018	21.043068	269.371979	186.830428	14.804999	173.855608	27.281138	0.045559	0.098016	1.520039	1.808407
3547941228.156951	178.981725	35.609804	277.627197	170.705386	32.073957	187.258064	39.145652	0.045559	0.082573	1.520039	1.788856
3547941228.803405	174.461107	51.444142	287.395172	183.444610	51.988811	165.477603	50.899474	0.058661	0.066788	1.534702	1.769306
3547941230.149358	158.078794	83.328153	306.483749	166.935849	81.730474	149.221739	84.925831	0.027692	0.070767	1.500489	1.774194
3547941230.868862	145.720879	97.532424	314.783020	140.464097	90.227204	150.977661	104.837644	0.036683	0.070767	1.510264	1.774194
3547941231.519324	131.669317	110.093308	320.311325	132.846069	101.170570	130.492566	119.016046	0.023152	0.062787	1.495601	1.764418
3547941232.794221	99.967579	130.316880	334.090820	92.021495	126.090801	107.913664	134.542960	0.023152	0.029965	1.495601	1.725318
3547941233.458689	83.400853	137.074505	340.516998	74.933625	134.023921	91.868080	140.125089	0.023152	0.050651	1.495601	1.749756
3547941234.147175	66.711222	141.686131	347.890564	60.092843	147.785070	73.329601	135.587192	0.027692	0.038309	1.500489	1.735093
3547941235.478121	30.237269	143.739301	6.230935	30.707311	134.751583	29.767227	152.727018	0.018582	0.078659	1.490714	1.783969
3547941236.180613	15.556383	140.990520	31.890028	11.447530	132.983191	19.665236	148.997850	0.023152	0.034149	1.495601	1.730205
3547941236.864092	14.206568	138.448407	93.884964	17.400740	130.034296	11.012396	146.862518	0.013983	0.034149	1.485826	1.730205
3547941237.538568	17.832137	133.349589	131.507004	21.664677	125.206394	13.999596	141.492785	0.032202	0.029965	1.505376	1.725318
3547941239.555991	60.538332	105.736006	160.464417	62.705542	114.471176	58.371122	97.000835	0.009352	0.034149	1.480938	1.730205
3547941240.209452	80.699930	100.307930	169.909012	78.360048	91.617420	83.039811	108.998439	0.004692	0.042446	1.476051	1.739980
3547941240.874925	100.114871	98.394972	178.938843	98.930867	107.316751	101.298876	89.473193	-0.004723	0.025757	1.466276	1.720430
3547941241.514372	120.869867	100.267439	190.819443	114.303637	106.422489	127.436096	94.112390	0.009352	0.021525	1.480938	1.715543
3547941242.220872	139.796507	105.361051	201.484077	136.109022	97.151151	143.483991	113.570951	-0.000000	0.025757	1.471163	1.720430
3547941243.563819	176.038609	126.114108	215.079292	167.103121	125.038445	184.974098	127.189770	0.013983	0.012989	1.485826	1.705767
3547941244.248302	193.158361	139.339526	216.528000	191.002490	148.077502	195.314231	130.601550	0.004692	0.008684	1.476051	1.700880
3547941244.919777	211.152807	152.311576	214.711121	203.203255	148.092022	219.102359	156.531129	-0.004723	0.029965	1.466276	1.725318
3547941245.542215	229.586925	164.789799	213.778458	228.240583	155.891071	230.933267	173.688527	-0.004723	0.042446	1.466276	1.739980
3547941246.872158	265.054210	188.222000	209.949066	260.445204	195.952269	269.663215	180.491731	0.013983	0.004355	1.485826	1.695992
3547941247.509603	284.225393	198.578064	207.327805	284.381180	189.579413	284.069606	207.576716	0.009352	0.021525	1.480938	1.715543
3547941248.229112	288.669835	203.421359	270.508759	285.738209	194.912213	291.601461	211.930505	0.018582	0.025757	1.490714	1.720430
3547941248.922603	286.963982	206.112739	317.816589	291.402523	213.942130	282.525441	198.283349	0.032202	0.021525	1.505376	1.715543
3547941249.577061	275.862895	213.724245	327.982574	267.302548	210.945672	284.423242	216.502818	0.036683	0.058764	1.510264	1.759531
3547941250.212511	261.877311	222.078996	330.947388	269.815606	226.319689	253.939016	217.838304	0.062973	0.038309	1.539589	1.735093
3547941252.149883	212.624248	243.366750	338.661285	217.931794	236.098328	207.316702	250.635172	0.136158	0.042446	1.627566	1.739980
3547941252.838368	194.563311	250.560370	335.989838	193.124327	259.444587	196.002295	241.676152	0.075746	0.058764	1.554252	1.759531
3547941253.478815	177.694698	258.359945	333.153717	176.395194	249.454256	178.994201	267.265634	0.116635	0.082573	1.603128	1.788856
3547941254.172305	160.167989	267.761715	329.711334	158.770616	276.652572	161.565363	258.870857	0.303357	0.213726	1.871945	1.969697
3547941254.862792	143.162639	278.458255	326.017537	149.016155	271.621856	137.309124	285.294655	0.425069	0.359464	2.101662	2.218964
3547941255.556280	125.346360	290.762599	320.581406	124.099786	281.849347	126.592934	299.675850	0.469151	0.461213	2.199413	2.434018
3547941256.190731	112.695843	304.078543	316.333481	105.285241	309.185693	120.106445	298.971393	0.479565	0.493893	2.223851	2.512219
3547941257.561696	89.567234	325.312391	315.896484	80.691581	326.803290	98.442887	323.821491	0.477501	0.509482	2.218964	2.551320
3547941258.225163	79.192098	335.096376	318.863861	88.191825	335.166515	70.192372	335.026238	0.483667	0.499796	2.233627	2.526882
3547941258.886628	68.110370	344.917097	321.358887	60.969433	339.439231	75.251307	350.394963	0.462790	0.493893	2.184751	2.512219
3547941259.531083	56.630703	353.694329	325.018036	65.546616	354.921726	47.714790	352.466933	0.451997	0.483901	2.160313	2.487781
3547941262.164941	14.891842	372.328745	42.685226	23.556776	369.895863	6.226908	374.761627	0.403866	0.430845	2.057674	2.365591
3547941264.124325	18.830386	372.054338	194.275452	23.171200	364.170346	14.489572	379.938330	0.371588	0.393914	1.994135	2.287390
3547941264.800800	32.532792	377.270958	204.322739	33.603198	386.207077	31.462387	368.334838	0.366439	0.393914	1.984360	2.287390
3547941265.449261	47.309162	385.740610	213.115448	51.725144	377.898474	42.893179	393.582746	0.353341	0.405723	1.959922	2.311828
3547941266.129739	58.228796	394.266557	222.532959	53.755942	402.076395	62.701650	386.456718	0.337186	0.381849	1.930596	2.262952
3547941266.800216	71.748651	409.001056	232.965286	67.533441	401.049200	75.963860	416.952911	0.331691	0.372008	1.920821	2.243402
3547941268.103131	89.756309	439.840523	248.494766	92.492806	448.414412	87.019811	431.266633	0.309141	0.359464	1.881720	2.218964
3547941268.753590	94.857639	455.479467	256.279480	103.600368	453.342952	86.114911	457.615982	0.300442	0.346639	1.867058	2.194526
3547941270.685954	97.147383	500.385783	276.967651	92.773455	492.520113	101.521310	508.251452	0.264232	0.295187	1.808407	2.101662
3547941271.319400	94.221655	515.214819	284.333099	85.223273	515.385487	103.220037	515.044151	0.251635	0.289506	1.788856	2.091887
3547941272.678360	84.737115	541.436539	293.725464	93.736301	541.557578	75.737929	541.315499	0.232214	0.286645	1.759531	2.086999
3547941273.337824	78.273787	554.567021	296.691711	69.433706	552.877948	87.113868	556.256094	0.215528	0.266238	1.735093	2.052786
3547941273.992286	70.444155	567.710428	301.859222	68.075441	559.027732	72.812868	576.393123	0.208721	0.275066	1.725318	2.067449
3547941274.641745	61.920753	579.198412	309.831665	53.578853	582.576681	70.262653	575.820142	0.212134	0.254268	1.730205	2.033236
3547941275.961675	58.282394	579.400794	67.518852	67.279493	579.629277	49.285295	579.172310	0.169862	0.220132	1.671554	1.979472
3547941276.625144	55.286747	568.716873	77.603760	48.039713	574.053585	62.533781	563.380162	0.177112	0.235876	1.681329	2.003910
3547941277.281608	53.316328	551.168681	88.194489	51.265457	542.405467	55.367199	559.931896	0.166205	0.210498	1.666667	1.964809
3547941278.621552	59.078304	514.307637	107.700981	52.102645	508.620794	66.053963	519.994480	0.136158	0.194118	1.627566	1.940371
3547941279.301032	67.845136	494.553212	120.033043	62.380406	487.402218	73.309867	501.704207	0.132301	0.187450	1.622678	1.930596
3547941280.605952	96.288403	465.649056	148.288177	101.614841	472.903645	90.961966	458.394467	0.136158	0.170481	1.627566	1.906158
3547941281.231392	113.858716	457.541972	162.303452	121.707126	453.137150	106.010306	461.946794	0.136158	0.177320	1.627566	1.915934
3547941281.904869	132.664883	453.432408	171.101288	123.724860	452.395112	141.604906	454.469703	0.128420	0.156588	1.617791	1.886608
3547941282.536314	151.079764	451.402574	176.704391	144.781015	444.974063	157.378513	457.831086	0.116635	0.135202	1.603128	1.857283
3547941283.206788	169.119823	451.813402	184.987503	165.894979	460.215805	172.344667	443.410999	0.092406	0.156588	1.573803	1.886608
3547941283.883265	188.110984	455.270603	194.696381	188.851421	446.301113	187.370546	464.240093	0.120587	0.153070	1.608016	1.881720
3547941284.606774	206.415983	462.276799	206.420380	213.602137	456.858387	199.229829	467.695211	0.096507	0.142405	1.578690	1.867058
3547941285.975741	235.677804	488.876091	238.920898	234.245213	479.990840	237.110395	497.761341	0.151360	0.163570	1.647116	1.896383
3547941286.652220	243.292415	506.163811	252.595673	234.701159	503.482333	251.883671	508.845289	0.147593	0.180714	1.642229	1.920821
3547941287.976151	247.323967	541.131902	274.054321	253.364327	547.803787	241.283607	534.460017	0.158826	0.177320	1.656891	1.915934
3547941288.644626	245.309740	555.753438	277.868073	236.428857	554.294015	254.190623	557.212861	0.158826	0.180714	1.656891	1.920821
3547941289.349121	242.539878	570.942700	281.021423	251.437307	572.297602	233.642449	569.587798	0.158826	0.180714	1.656891	1.920821
3547941291.405571	232.675490	581.531966	44.323795	229.661398	573.051680	235.689582	590.012252	0.158826	0.173909	1.656891	1.911046
3547941292.074042	223.421010	570.604606	52.872875	218.838637	578.350693	228.003383	562.858520	0.155104	0.167034	1.652004	1.901271
3547941292.755523	214.429671	556.516329	60.464825	220.724314	562.948862	208.135029	550.083797	0.162526	0.167034	1.661779	1.901271
3547941294.065447	198.416361	522.865882	66.999435	206.113409	527.530156	190.719314	518.201607	0.155104	0.156588	1.652004	1.886608
3547941294.703897	191.372073	505.435522	67.906212	199.788883	502.248469	182.955263	508.622576	0.173498	0.135202	1.676442	1.857283
3547941295.378375	183.940013	486.590735	67.657097	192.882761	485.577196	174.997265	487.604273	0.151360	0.167034	1.647116	1.901271
3547941296.091877	176.578128	468.373832	68.145538	183.999554	463.282425	169.156701	473.465239	0.151360	0.124253	1.647116	1.842620
3547941296.760349	169.595009	449.749433	69.329720	167.677686	440.956034	171.512333	458.542832	0.151360	0.145979	1.647116	1.871945
3547941297.431824	162.210118	429.609053	69.158363	161.820315	420.617499	162.599920	438.600608	0.147593	0.127922	1.642229	1.847507
3547941298.105298	154.604289	409.853228	67.247177	163.210086	412.487663	145.998491	407.218793	0.158826	0.135202	1.656891	1.857283
3547941298.797787	145.501431	390.175770	61.998274	152.164510	384.125698	138.838351	396.225842	0.218903	0.149534	1.739980	1.876833
3547941299.429232	134.783768	372.387294	54.840729	143.699264	373.617713	125.868272	371.156876	0.267339	0.170481	1.813294	1.906158
3547941300.113719	123.326310	357.648933	47.899086	129.625016	364.077486	117.027604	351.220379	0.381737	0.235876	2.013685	2.003910
3547941300.797196	110.338737	344.920888	40.906330	110.928943	353.901515	109.748530	335.940261	0.411034	0.277981	2.072336	2.072336
3547941301.436649	95.424598	333.155163	33.013340	86.427786	333.394689	104.421410	332.915637	0.418101	0.275066	2.086999	2.067449
3547941302.131141	80.447581	324.941766	23.327396	89.201155	327.033401	71.694007	322.850131	0.429661	0.286645	2.111437	2.086999
3547941302.844642	64.106879	319.094662	15.759888	64.573989	328.082532	63.639769	310.106792	0.434211	0.300817	2.121212	2.111437
3547941303.519118	45.550580	315.393298	7.012345	39.554392	308.681687	51.546767	322.104910	0.415756	0.292353	2.082111	2.096774
3547941304.832043	16.141003	315.843855	334.199463	7.783538	312.504278	24.498468	319.183433	0.408656	0.289506	2.067449	2.091887
3547941305.498514	15.377847	316.823208	263.361206	19.947642	309.069694	10.808053	324.576721	0.384243	0.292353	2.018573	2.096774
3547941306.132961	18.207639	320.068931	228.607742	12.215735	326.784367	24.199543	313.353494	0.376687	0.289506	2.003910	2.091887
3547941306.790428	27.019338	329.255649	224.987656	35.430362	326.053356	18.608314	332.457941	0.369020	0.280883	1.989247	2.077224
3547941307.458898	38.216208	340.762074	223.278900	40.231373	349.533568	36.201042	331.990580	0.339912	0.280883	1.935484	2.077224
3547941308.182407	50.576796	352.478497	221.029068	42.485396	348.537781	58.668196	356.419214	0.334445	0.260281	1.925709	2.043011
3547941309.565388	82.860102	377.161255	209.984650	78.529026	385.050601	87.191178	369.271909	0.312011	0.251240	1.886608	2.028348
3547941310.218844	100.501178	386.318706	202.656982	91.503826	386.536991	109.498531	386.100421	0.303357	0.257282	1.871945	2.038123
3547941310.876307	119.004461	392.743546	194.631958	120.320800	383.840331	117.688121	401.646762	0.306256	0.257282	1.876833	2.038123
3547941311.559790	141.085457	396.998657	185.881218	145.613896	404.776397	136.557018	389.220917	0.306256	0.257282	1.876833	2.038123
3547941312.217254	161.502760	397.808530	178.555832	157.070343	405.641389	165.935177	389.975671	0.331691	0.295187	1.920821	2.101662
3547941312.872715	182.341831	396.219948	170.803360	174.100132	392.604094	190.583530	399.835801	0.350682	0.336172	1.955034	2.174976
3547941314.270703	221.669777	382.999398	149.876755	228.828515	377.544816	214.511039	388.453980	0.384243	0.374485	2.018573	2.248289
3547941314.938179	239.470327	370.873561	138.977814	233.350496	364.274495	245.590157	377.472627	0.386738	0.372008	2.023460	2.243402
3547941315.571619	254.051358	356.078560	129.453613	259.485952	363.252484	248.616765	348.904635	0.389220	0.384283	2.028348	2.267840
3547941316.258104	265.603831	341.370571	125.493065	267.132160	332.501287	264.075502	350.239856	0.391690	0.403381	2.033236	2.306940
3547941316.899557	277.113148	324.957391	120.871002	268.142160	324.235333	286.084137	325.679448	0.399031	0.393914	2.047898	2.287390
3547941317.547015	286.674709	308.507351	115.290680	279.363151	313.755315	293.986266	303.259387	0.396596	0.386706	2.043011	2.272727
3547941318.205478	290.432939	296.223420	76.090405	284.688980	289.294716	296.176897	303.152124	0.381737	0.379405	2.013685	2.258065
3547941318.891963	287.600803	291.382800	31.866976	283.677612	283.282888	291.523993	299.482712	0.389220	0.384283	2.028348	2.267840
3547941319.556432	278.621256	288.096580	17.460428	287.473148	286.470541	269.769364	289.722619	0.401454	0.428608	2.052786	2.360704
3547941320.262930	264.507586	283.588969	19.975616	256.383066	279.716995	272.632105	287.460944	0.369020	0.393914	1.989247	2.287390
3547941320.959421	248.995646	278.796981	20.085894	240.494353	275.842661	257.496940	281.751302	0.366439	0.374485	1.984360	2.248289
3547941321.635899	232.226218	271.762269	22.415443	235.931322	279.964232	228.521114	263.560305	0.358619	0.369521	1.969697	2.238514
3547941322.339412	216.513250	265.873988	21.599303	213.076200	274.191841	219.950301	257.556135	0.345324	0.364514	1.945259	2.228739
3547941323.016877	199.974261	259.675255	21.206175	193.613002	266.041916	206.335521	253.308593	0.348010	0.341429	1.950147	2.184751
3547941323.786415	183.910082	253.385894	23.129727	192.082434	257.155863	175.737730	249.615925	0.312011	0.336172	1.886608	2.174976
3547941324.459890	168.974000	245.911865	26.687965	159.975092	245.771721	177.972909	246.052009	0.306256	0.364514	1.876833	2.228739
3547941325.147379	152.476022	235.802750	31.089211	155.364432	227.278838	149.587611	244.326663	0.353341	0.414992	1.959922	2.331378
3547941326.561373	123.934628	217.639313	38.236221	119.329736	209.906592	128.539520	225.372034	0.399031	0.456979	2.047898	2.424242
3547941327.229844	110.305412	207.054437	43.479710	114.640665	199.167385	105.970160	214.941489	0.403866	0.461213	2.057674	2.434018
3547941327.898315	98.858140	195.814751	46.562248	94.064953	203.432188	103.651326	188.197313	0.391690	0.448409	2.033236	2.404692
3547941328.560786	87.841046	183.261951	50.557640	85.248874	174.643329	90.433218	191.880573	0.379218	0.437499	2.008798	2.380254
3547941329.855699	70.949606	157.568535	61.030579	79.711622	159.624522	62.187590	155.512547	0.361239	0.435290	1.974585	2.375367
3547941330.489144	63.967238	144.089045	64.445000	54.975308	144.470083	72.959168	143.708006	0.361239	0.408055	1.974585	2.316716
3547941331.159620	57.745607	129.905069	69.287689	56.199458	121.038873	59.291756	138.771264	0.337186	0.401029	1.930596	2.302053
3547941332.570614	50.502784	100.825301	81.301353	53.841532	92.467504	47.164035	109.183097	0.331691	0.364514	1.920821	2.228739
3547941333.251095	48.560559	83.540395	85.146935	51.425235	92.072314	45.695883	75.008477	0.297511	0.356921	1.862170	2.214076
3547941334.538001	50.131351	51.312626	99.386749	58.324824	47.588783	41.937879	55.036469	0.279601	0.322821	1.832845	2.150538
3547941335.164444	53.298298	36.811010	103.478722	51.564678	45.642463	55.031918	27.979557	0.267339	0.333526	1.813294	2.170088
3547941335.837918	57.216920	22.092063	106.485840	60.118917	13.572767	54.314923	30.611360	0.264232	0.311920	1.808407	2.130987
3547941338.553833	78.503561	26.267077	236.387299	84.754869	32.741731	72.252252	19.792423	0.205289	0.272137	1.720430	2.062561
3547941339.192284	86.996305	41.689274	245.698929	81.516000	34.550208	92.476610	48.828339	0.198366	0.263267	1.710655	2.047898
3547941340.479192	97.465131	78.990205	258.202148	92.446290	71.519513	102.483972	86.460897	0.208721	0.272137	1.725318	2.062561
3547941341.136658	100.386385	96.032434	261.910858	108.632818	99.637478	92.139952	92.427390	0.173498	0.220132	1.676442	1.979472
3547941341.791121	101.532222	113.056072	269.396423	107.865222	106.661300	95.199222	119.450845	0.155104	0.251240	1.652004	2.028348
3547941342.466594	99.994327	131.111911	278.530762	92.095272	135.425255	107.893381	126.798567	0.147593	0.220132	1.642229	1.979472
3547941343.096039	95.822473	148.828755	286.851959	103.231289	153.938494	88.413656	143.719016	0.147593	0.210498	1.642229	1.964809
3547941343.872589	89.827000	165.637031	292.158478	89.740250	174.636613	89.913750	156.637449	0.147593	0.180714	1.642229	1.920821
3547941345.195518	71.661990	199.967548	306.425781	80.596731	198.885692	62.727249	201.049403	0.147593	0.173909	1.642229	1.911046
3547941345.843976	60.686503	212.878090	315.383026	52.223038	209.817086	69.149969	215.939094	0.166205	0.187450	1.666667	1.930596
3547941346.501441	48.069723	223.389869	325.547272	56.385558	219.947938	39.753888	226.831799	0.169862	0.156588	1.671554	1.886608
3547941347.834382	18.977384	238.345495	331.603394	27.854604	236.863952	10.100165	239.827039	0.151360	0.167034	1.647116	1.901271
3547941348.472833	17.582654	239.878817	264.013184	16.510599	230.942895	18.654709	248.814739	0.166205	0.163570	1.666667	1.896383
3547941349.132297	19.052852	240.596141	208.865036	10.064497	240.138460	28.041208	241.053823	0.166205	0.167034	1.666667	1.901271
3547941349.783756	30.280337	245.913474	206.319351	37.976332	241.247461	22.584343	250.579486	0.151360	0.160088	1.647116	1.891496
3547941350.507268	43.965193	252.259631	202.348877	35.325331	249.739155	52.605054	254.780107	0.166205	0.156588	1.666667	1.886608
3547941351.163730	61.607242	259.775522	202.525650	52.658786	258.813677	70.555697	260.737367	0.166205	0.153070	1.666667	1.881720
3547941351.837204	79.650935	266.968811	199.756363	88.336226	264.609635	70.965643	269.327987	0.177112	0.190793	1.681329	1.935484
3547941352.496675	98.549432	273.600707	197.376480	93.892468	281.302180	103.206395	265.899233	0.180706	0.210498	1.686217	1.964809
3547941353.149132	119.358783	279.502726	192.903610	127.945193	282.199681	110.772373	276.805771	0.205289	0.254268	1.720430	2.033236
3547941353.813599	135.752833	280.087681	188.332809	137.211124	271.206611	134.294543	288.968750	0.276560	0.289506	1.827957	2.091887
3547941354.466059	154.380963	284.481065	191.605034	154.091951	293.476423	154.669976	275.485707	0.323343	0.314664	1.906158	2.135875
3547941355.123524	172.178209	288.703412	196.292252	163.192974	288.188090	181.163444	289.218733	0.348010	0.338807	1.950147	2.179863
3547941355.784992	190.616846	295.910070	197.902181	190.453450	304.908586	190.780243	286.911553	0.363845	0.349227	1.979472	2.199413
3547941356.486485	208.250890	300.986438	196.249107	199.296243	300.084055	217.205537	301.888821	0.366439	0.333526	1.984360	2.170088
3547941357.133942	228.295540	306.706272	191.846771	230.168329	315.509263	226.422752	297.903280	0.374144	0.356921	1.999022	2.214076
3547941357.814425	247.312985	309.895183	186.070770	253.225789	316.680368	241.400180	303.109998	0.366439	0.349227	1.984360	2.199413
3547941358.494902	264.769258	311.015932	182.714401	260.438425	303.126453	269.100091	318.905411	0.358619	0.330868	1.969697	2.165200
3547941359.158370	283.006273	311.382478	180.161880	290.990486	315.536073	275.022060	307.228884	0.353341	0.333526	1.959922	2.170088