Time	X	Y	Theta	LS_X	LS_Y	RS_X	RS_Y	RsRoL	RsRoR	VL	VR
3547951734.548329	40.030677	551.967302	179.928268	46.836483	557.856360	33.224870	546.078245	0.004978	-0.013918	1.339198	1.520039
3547951735.235814	40.040726	551.964243	179.893097	46.635239	558.088980	33.446213	545.839507	0.009920	-0.009249	1.344086	1.524927
3547951735.919295	40.045996	551.966193	179.833496	46.263977	558.472860	33.828016	545.459526	0.014826	-0.042577	1.348974	1.490714
3547951736.600779	40.036410	551.968110	179.793320	45.988029	558.719276	34.084792	545.216945	0.014826	-0.013918	1.348974	1.520039
3547951737.284260	40.050448	551.971445	179.886734	46.605857	558.138018	33.495040	545.804873	-0.005015	-0.028108	1.329423	1.505376
3547951737.961737	40.045691	551.964631	179.821594	46.185792	558.544841	33.905591	545.384421	0.004978	-0.028108	1.339198	1.505376
3547951738.634212	40.046653	551.971848	179.820511	46.179621	558.558706	33.913685	545.384989	0.004978	-0.023348	1.339198	1.510264
3547951739.319695	40.052979	551.971865	179.826385	46.224537	558.522581	33.881422	545.421150	-0.010066	-0.009249	1.324536	1.524927
3547951739.979161	40.038231	551.967460	179.855469	46.397667	558.335942	33.678794	545.598978	-0.005015	-0.023348	1.329423	1.510264
3547951740.627623	40.043699	551.969162	179.829239	46.233923	558.502241	33.853475	545.436083	0.009920	-0.018618	1.344086	1.515152
3547951741.295092	40.043853	551.970602	179.806244	46.082225	558.644286	34.005480	545.296918	0.000000	-0.018618	1.334311	1.515152
3547951742.007592	40.046047	551.972325	179.769608	45.835922	558.862705	34.256171	545.081945	0.014826	-0.037722	1.348974	1.495601
3547951742.711089	40.050854	551.974131	179.876343	46.541831	558.208488	33.559876	545.739774	0.024532	-0.032899	1.358749	1.500489
3547951743.369552	40.040744	551.971007	179.774612	45.865033	558.832324	34.216455	545.109691	0.000000	-0.042577	1.334311	1.490714
3547951744.037024	40.037642	551.968670	179.869171	46.483742	558.249418	33.591541	545.687923	0.004978	-0.037722	1.339198	1.495601
3547951744.745526	40.041239	551.968142	179.813843	46.130149	558.595749	33.952329	545.340536	0.024532	-0.028108	1.358749	1.505376
3547951745.405989	40.048527	551.971639	179.855850	46.410393	558.337695	33.686662	545.605584	0.000000	-0.028108	1.334311	1.505376
3547951746.148512	40.051522	551.969198	179.896759	46.668420	558.069744	33.434623	545.868652	-0.010066	-0.023348	1.324536	1.510264
3547951746.813982	40.044801	551.975064	179.794693	46.005685	558.718050	34.083916	545.232079	0.009920	-0.023348	1.344086	1.510264
3547951747.541504	40.052426	551.971937	179.823654	46.206069	558.539485	33.898784	545.404389	0.004978	-0.009249	1.339198	1.524927
3547951748.240991	40.052272	551.967529	179.877151	46.548289	558.196634	33.556255	545.738423	0.000000	-0.032899	1.334311	1.500489
3547951748.930481	40.046840	551.968250	179.776047	45.880964	558.821205	34.212716	545.115295	0.000000	-0.052382	1.334311	1.480938
3547951749.635973	40.049719	551.969636	179.845001	46.342147	558.404336	33.757292	545.534936	0.014826	-0.037722	1.348974	1.495601
3547951750.289435	42.984656	552.004691	182.151245	43.534472	543.021501	42.434839	560.987881	-0.010066	-0.013918	1.324536	1.520039
3547951750.970915	56.798592	552.819378	185.418839	57.382030	561.800447	56.215154	543.838309	0.009920	-0.032899	1.344086	1.500489
3547951751.665405	73.446756	555.245973	191.555725	72.714724	564.216153	74.178787	546.275793	-0.010066	-0.018618	1.324536	1.515152
3547951752.317870	90.741111	560.489772	202.359177	82.075748	558.058416	99.406473	562.921128	0.034100	-0.042577	1.368524	1.490714
3547951753.022362	106.438288	569.443263	216.242722	101.910470	577.221364	110.966107	561.665161	-0.010066	-0.032899	1.324536	1.500489
3547951761.182120	116.115042	556.086865	95.395554	107.908370	552.392200	124.321713	559.781529	-0.020283	-0.042577	1.314761	1.490714
3547951762.571100	121.854503	523.250566	103.004551	116.279702	530.316087	127.429304	516.185044	-0.015156	-0.028108	1.319648	1.505376
3547951763.261591	126.667166	504.043971	102.494305	118.351714	507.486827	134.982618	500.601114	-0.025448	-0.042577	1.309873	1.490714
3547951763.926060	130.963511	485.155189	100.945469	127.338887	476.917343	134.588134	493.393035	-0.010066	-0.023348	1.324536	1.510264
3547951764.550497	134.776042	467.550650	101.871651	126.013271	465.497884	143.538813	469.603417	0.000000	-0.037722	1.334311	1.495601
3547951765.282015	139.116406	449.563553	103.398685	136.682255	458.228131	141.550557	440.898976	-0.020283	-0.052382	1.314761	1.480938
3547951765.951488	143.913682	431.230988	105.059944	152.762729	432.872437	135.064634	429.589540	-0.010066	-0.057333	1.324536	1.476051
3547951766.655981	149.432389	413.015960	108.043301	140.952548	410.000615	157.912229	416.031305	0.004978	-0.000000	1.339198	1.534702
3547951767.312444	156.076993	395.117932	111.934357	164.338891	391.548472	147.815096	398.687393	0.000000	-0.042577	1.334311	1.490714
3547951768.019944	162.801713	379.331136	115.570694	157.225304	386.395388	168.378121	372.266883	-0.005015	-0.052382	1.329423	1.480938
3547951769.371897	181.502605	346.794030	124.585190	189.433922	342.540303	173.571287	351.047758	-0.005015	-0.028108	1.329423	1.505376
3547951770.056380	192.615270	332.142264	129.383865	197.536689	339.677491	187.693850	324.607038	-0.005015	-0.032899	1.329423	1.500489
3547951770.760878	205.606498	317.993167	131.787399	207.035850	309.107394	204.177147	326.878939	-0.010066	-0.023348	1.324536	1.510264
3547951771.416339	218.166521	304.621623	132.853821	211.077982	299.076119	225.255060	310.167127	-0.005015	0.022616	1.329423	1.559140
3547951772.106827	232.719348	288.825852	139.493607	224.140873	286.103763	241.297823	291.547941	-0.010066	0.022616	1.324536	1.559140
3547951772.790310	249.307596	278.343523	152.827454	241.243963	282.340749	257.371230	274.346297	-0.005015	0.048836	1.329423	1.588465
3547951773.490803	267.183368	272.688937	168.517975	275.315491	268.832958	259.051245	276.544915	-0.005015	0.057362	1.329423	1.598240
3547951774.178287	288.403480	272.525194	193.937775	295.111091	266.524531	281.695869	278.525857	-0.010066	0.074105	1.324536	1.617791
3547951776.289782	291.013239	273.038398	1.419466	282.116096	271.681619	299.910382	274.395176	-0.005015	0.053112	1.329423	1.593353
3547951776.953246	284.441687	270.215803	26.603026	275.487110	269.312724	293.396264	271.118881	-0.010066	0.065785	1.324536	1.608016
3547951777.616718	271.703079	262.268224	37.304142	275.166102	253.961151	268.240056	270.575298	0.000000	0.074105	1.334311	1.617791
3547951778.318212	259.518549	252.006535	49.713112	264.240910	244.344988	254.796189	259.668083	0.000000	0.069958	1.334311	1.612903
3547951778.992684	251.884928	236.603080	75.441376	251.496680	227.611458	252.273176	245.594702	-0.005015	0.065785	1.329423	1.608016
3547951779.662158	248.640724	218.870942	84.124924	242.856006	225.765653	254.425441	211.976231	-0.015156	0.061586	1.319648	1.603128
3547951781.034124	251.349947	180.625257	105.724960	259.326215	176.456426	243.373679	184.794089	-0.005015	0.035848	1.329423	1.573803
3547951781.704598	259.284536	161.501209	119.085030	261.905424	152.891276	256.663647	170.111142	-0.005015	0.044533	1.329423	1.583578
3547951782.372068	271.473530	145.322857	134.917938	269.946047	154.192287	273.001013	136.453426	-0.005015	0.022616	1.329423	1.559140
3547951783.057551	286.102120	134.107023	154.890610	293.436288	139.323341	278.767952	128.890705	-0.010066	0.044533	1.324536	1.583578
3547951787.164449	291.062991	135.833871	0.928979	283.853909	130.446002	298.272073	141.221741	-0.015156	0.004581	1.319648	1.539589
3547951787.852934	289.709907	134.686900	48.615810	298.681925	135.396045	280.737888	133.977754	-0.005015	0.004581	1.329423	1.539589
3547951789.201890	279.387726	108.821340	79.978256	288.309009	110.009073	270.466443	107.633607	-0.015156	0.022616	1.319648	1.559140
3547951789.895377	277.541166	90.182429	89.734985	268.719843	91.966878	286.362489	88.397980	-0.020283	0.004581	1.314761	1.539589
3547951790.587864	279.182666	71.160034	100.182747	282.253676	62.700193	276.111656	79.619874	-0.015156	-0.000000	1.319648	1.534702
3547951791.281356	285.076652	51.101841	111.263405	293.766867	53.442816	276.386437	48.760866	-0.051863	-0.009249	1.285435	1.524927
3547951803.459948	287.559454	38.679991	216.307480	283.544471	46.734798	291.574437	30.625184	-0.030652	-0.032899	1.304985	1.500489
3547951804.146431	285.121179	35.405204	252.046051	279.195933	28.630880	291.046424	42.179527	-0.041177	-0.052382	1.295210	1.480938
3547951804.784881	284.732302	33.216681	278.820496	278.394791	39.606982	291.069813	26.826380	-0.035895	-0.047463	1.300098	1.485826
3547951805.483373	282.063324	43.075120	289.986023	274.693188	37.909746	289.433460	48.240494	-0.035895	-0.042577	1.300098	1.490714
3547951806.160851	276.282777	55.758657	299.700836	284.822316	58.600537	267.743239	52.916777	-0.025448	-0.023348	1.309873	1.510264
3547951806.818316	275.466385	57.109021	302.475800	268.513107	51.394835	282.419663	62.823208	-0.068200	-0.028108	1.270772	1.505376
3547951807.457767	275.473355	57.093598	302.543945	268.147120	51.866144	282.799591	62.321052	-0.030652	-0.032899	1.304985	1.500489
3547951808.151256	275.473477	57.105643	302.511322	268.321647	51.642007	282.625308	62.569279	-0.041177	-0.023348	1.295210	1.510264
3547951808.831736	275.483383	57.080131	302.604614	267.853677	52.306497	283.113089	61.853765	-0.041177	-0.052382	1.295210	1.480938
3547951809.525224	275.474822	57.080339	302.631683	267.718709	52.514958	283.230935	61.645721	-0.046500	-0.067334	1.290323	1.466276
3547951810.178685	274.808692	58.121928	300.908600	280.497834	51.148143	269.119551	65.095712	-0.025448	-0.057333	1.309873	1.476051
3547951811.516631	262.426918	80.996156	299.751923	271.100434	83.398264	253.753402	78.594048	-0.046500	-0.047463	1.290323	1.485826
3547951812.203114	253.836287	94.756394	303.882904	247.065367	100.685529	260.607207	88.827259	-0.041177	-0.047463	1.295210	1.485826
3547951812.837567	244.485528	108.887802	304.043091	238.747005	115.821008	250.224051	101.954595	-0.057267	-0.052382	1.280547	1.480938
3547951814.312603	224.900529	139.330292	299.229614	231.219236	145.739188	218.581822	132.921396	-0.041177	-0.057333	1.295210	1.476051
3547951815.014097	215.909750	158.384346	291.233887	208.672476	163.734285	223.147025	153.034406	-0.046500	-0.047463	1.290323	1.485826
3547951818.391479	212.777061	256.027543	253.915649	208.047157	263.684435	217.506966	248.370650	-0.073730	-0.072385	1.265885	1.461388
3547951819.066956	219.319682	274.096763	246.161095	211.231100	270.150266	227.408264	278.043260	-0.035895	-0.067334	1.300098	1.466276
3547951819.735431	228.490575	291.574115	237.786621	235.936964	286.519288	221.044185	296.628943	-0.046500	-0.023348	1.290323	1.510264
3547951820.428917	239.787098	308.293949	229.276031	239.245336	317.277628	240.328860	299.310270	-0.046500	-0.023348	1.290323	1.510264
3547951821.108397	254.426069	321.855046	220.218719	251.704261	313.276482	257.147876	330.433610	-0.062713	-0.082589	1.275660	1.451613
3547951821.807891	270.323377	334.130380	212.194473	279.239087	332.901508	261.407668	335.359251	-0.035895	-0.042577	1.300098	1.490714
3547951822.478364	286.033725	343.394732	211.633713	294.237553	347.095706	277.829897	339.693758	-0.062713	-0.067334	1.275660	1.466276
3547951823.145834	288.962561	348.182020	263.456177	292.776513	340.030102	285.148609	356.333938	-0.046500	-0.077470	1.290323	1.456500
3547951823.848333	288.506565	351.187098	294.771912	293.116778	343.457549	283.896352	358.916648	-0.062713	-0.047463	1.275660	1.485826
3547951824.510797	287.265443	352.390020	346.169861	282.223332	344.935014	292.307554	359.845026	-0.046500	-0.067334	1.290323	1.466276
3547951825.197281	282.009601	351.620710	11.109209	290.951556	350.600196	273.067646	352.641223	-0.046500	-0.082589	1.290323	1.451613
3547951825.904780	270.122264	348.707067	17.352978	279.097488	348.039717	261.147041	349.374417	-0.041177	-0.032899	1.295210	1.500489
3547951826.537229	254.279793	343.664429	17.668303	262.605537	340.246538	245.954048	347.082320	-0.057267	-0.067334	1.280547	1.466276
3547951827.204698	238.350719	338.666424	16.745296	246.100180	343.243089	230.601259	334.089760	-0.051863	-0.052382	1.285435	1.480938
3547951827.874169	222.555920	333.881678	16.470089	228.770066	340.392008	216.341774	327.371349	-0.020283	-0.037722	1.314761	1.495601
3547951828.557653	205.295414	328.597290	16.438824	211.303009	335.298693	199.287819	321.895887	0.029333	-0.004610	1.363636	1.529814
3547951829.235130	187.819854	323.519296	15.250054	183.841193	331.592106	191.798514	315.446486	0.084371	0.027054	1.422287	1.564027
3547951829.874581	170.490429	319.564100	11.994854	175.358604	311.994365	165.622255	327.133834	0.118609	0.061586	1.461388	1.603128
3547951830.557063	152.429136	316.631966	6.631171	149.360094	308.171412	155.498179	325.092520	0.139092	0.044533	1.485826	1.583578
3547951831.218530	135.239455	315.803728	358.744548	130.135523	308.390910	140.343388	323.216547	0.155000	0.065785	1.505376	1.608016
3547951831.918024	117.034114	317.963028	350.204712	126.003229	318.707995	108.064999	317.218060	0.166662	0.061586	1.520039	1.603128
3547951832.586495	100.786521	321.954251	341.786072	95.357575	329.132450	106.215467	314.776052	0.158913	0.053112	1.510264	1.593353
3547951833.255968	85.165585	328.262424	333.863434	78.376735	322.353827	91.954434	334.171021	0.174313	0.065785	1.529814	1.608016
3547951833.942451	72.164095	335.504885	329.671448	70.413302	344.332949	73.914888	326.676820	0.170500	0.053112	1.524927	1.593353
3547951834.610924	58.592807	344.691114	325.526398	66.978672	341.423506	50.206942	347.958723	0.158913	0.044533	1.510264	1.583578
3547951835.243368	45.952213	354.390041	320.656311	44.042108	345.595071	47.862318	363.185011	0.155000	0.078228	1.505376	1.622678
3547951836.586320	20.848599	377.466840	313.611542	25.535306	369.783430	16.161892	385.150249	0.158913	0.065785	1.510264	1.608016
3547951837.259791	16.923199	383.721475	260.055511	11.148133	390.624273	22.698264	376.818677	0.139092	0.069958	1.485826	1.612903
3547951837.968294	18.802460	385.426122	196.132690	10.013241	383.489728	27.591680	387.362516	0.135050	0.086400	1.480938	1.632454
3547951838.640767	31.917583	387.714896	187.099579	40.780410	386.149554	23.054756	389.280238	0.118609	0.035848	1.461388	1.573803
3547951839.312241	50.427831	389.073518	179.617737	55.108635	396.760524	45.747027	381.386511	0.118609	0.048836	1.461388	1.588465
3547951839.995725	69.441524	387.581512	169.939651	66.836508	378.966764	72.046539	396.196261	0.114430	0.022616	1.456500	1.559140
3547951840.666196	87.660868	382.870351	158.371719	79.008167	380.394313	96.313569	385.346389	0.110222	0.027054	1.451613	1.564027
3547951841.354681	107.350389	371.941993	142.537949	115.624022	375.484167	99.076756	368.399819	0.110222	0.022616	1.451613	1.559140
3547951842.011143	122.097080	358.134458	129.628616	128.697726	364.252585	115.496434	352.016332	0.084371	0.035848	1.422287	1.573803
3547951842.697628	133.276913	341.382275	119.800568	129.606685	333.164647	136.947142	349.599904	0.084371	0.018149	1.422287	1.554252
3547951843.412133	142.330413	322.189898	107.998726	133.993359	318.799687	150.667467	325.580109	0.075516	0.013655	1.412512	1.549365
3547951844.073601	147.733684	302.229922	96.828232	142.944315	309.849761	152.523053	294.610083	0.066537	0.018149	1.402737	1.554252
3547951844.756080	147.725627	278.767632	83.740273	139.776459	282.987909	155.674794	274.547355	0.066537	-0.000000	1.402737	1.534702
3547951845.434558	144.405235	260.317915	69.895566	138.072343	253.923036	150.738127	266.712794	0.057432	0.009132	1.392962	1.544477
3547951846.144060	136.344978	243.747169	55.339119	144.764088	240.566195	127.925869	246.928143	0.062000	0.013655	1.397849	1.549365
3547951847.722173	104.112916	217.243715	20.668713	95.389065	219.456049	112.836767	215.031380	0.048198	-0.000000	1.383187	1.534702
3547951848.425670	79.622579	212.739623	358.536835	76.157044	204.433597	83.088114	221.045649	0.019697	-0.018618	1.353861	1.515152
3547951849.165191	57.496123	216.494323	340.572876	48.871740	213.921383	66.120506	219.067263	0.034100	-0.032899	1.368524	1.500489
3547951849.899710	40.125523	224.901721	325.900238	46.738883	218.797339	33.512163	231.006102	0.038833	-0.032899	1.373412	1.500489
3547951850.581189	25.198196	238.135195	308.295471	21.533356	229.915162	28.863036	246.355229	0.019697	-0.009249	1.353861	1.524927
3547951851.285687	16.968910	251.850462	278.399414	8.572976	255.092110	25.364845	248.608813	0.024532	-0.018618	1.358749	1.515152
3547951851.918135	17.929518	254.461895	210.961441	22.043429	262.466627	13.815607	246.457163	0.009920	-0.032899	1.344086	1.500489
3547951852.608621	24.143733	254.167124	173.583008	30.571101	260.467041	17.716365	247.867208	0.024532	-0.009249	1.358749	1.524927
3547951853.296107	39.767023	250.919534	161.467621	48.297599	253.788203	31.236446	248.050866	0.014826	0.018149	1.348974	1.554252
3547951853.997602	56.996718	242.959118	151.466446	51.407854	235.904715	62.585581	250.013521	0.000000	-0.037722	1.334311	1.495601
3547951855.299518	88.733845	220.995284	134.277344	82.208188	227.193332	95.259502	214.797236	0.048198	-0.052382	1.383187	1.480938
3547951855.996010	100.921592	204.361794	117.502548	109.500312	207.083108	92.342871	201.640479	-0.010066	-0.023348	1.324536	1.510264
3547951856.667484	107.728962	184.858963	100.779083	105.518739	176.134577	109.939185	193.583349	0.009920	-0.052382	1.344086	1.480938
3547951857.318943	108.657793	164.424488	85.027679	110.487058	173.236626	106.828528	155.612349	-0.005015	-0.028108	1.329423	1.505376
3547951858.004428	104.576757	145.002796	71.260666	97.023200	149.896034	112.130314	140.109558	-0.015156	-0.067334	1.319648	1.466276
3547951858.683906	95.173614	127.136104	53.404789	95.153039	136.136081	95.194189	118.136128	-0.005015	-0.037722	1.329423	1.495601
3547951859.360384	80.459393	113.075309	33.874126	74.776545	120.054223	86.142240	106.096395	-0.010066	-0.028108	1.324536	1.505376
3547951860.000835	63.405226	105.786671	12.741283	61.839026	96.923995	64.971427	114.649346	-0.005015	-0.062317	1.329423	1.471163
3547951860.686319	44.277028	104.858364	352.910736	36.459677	100.398653	52.094378	109.318076	-0.020283	-0.032899	1.314761	1.500489
3547951861.393817	25.576830	110.791008	331.547333	34.523117	109.809196	16.630544	111.772821	-0.041177	-0.037722	1.295210	1.495601
3547951864.177781	18.474830	112.629663	159.831970	15.059336	120.956391	21.890325	104.302935	-0.025448	-0.067334	1.309873	1.466276
3547951864.942321	31.545710	109.780335	170.219955	26.659114	102.222480	36.432307	117.338190	-0.025448	-0.037722	1.309873	1.495601
3547951865.651822	49.557172	106.904842	170.538620	42.548728	101.258453	56.565617	112.551230	-0.030652	-0.047463	1.304985	1.485826
3547951867.033797	92.684643	94.862535	156.862854	94.620406	86.073176	90.748879	103.651893	-0.025448	-0.052382	1.309873	1.480938
3547951867.734291	111.606842	85.123829	146.514893	103.429283	88.882489	119.784402	81.365169	-0.046500	-0.057333	1.290323	1.476051
3547951868.424778	128.365713	71.847376	137.323944	135.449832	66.296226	121.281594	77.398526	-0.010066	-0.047463	1.324536	1.485826
3547951869.123271	142.858239	56.359543	127.160320	133.882991	55.692516	151.833487	57.026571	-0.041177	-0.057333	1.295210	1.476051
3547951869.830770	154.344616	38.091124	114.720364	145.356890	38.560996	163.332342	37.621252	-0.025448	-0.052382	1.309873	1.480938
3547951870.483230	161.415982	18.297278	101.732018	153.024202	15.044890	169.807762	21.549667	-0.030652	-0.052382	1.304985	1.480938
3547951873.959683	171.530848	19.364774	241.764259	170.289444	28.278747	172.772253	10.450801	-0.057267	-0.032899	1.280547	1.500489
3547951874.682193	179.170350	35.094281	243.478897	188.170216	35.045084	170.170485	35.143479	-0.046500	-0.077470	1.290323	1.456500
3547951875.358670	188.438695	53.313468	240.759827	180.250474	57.048844	196.626917	49.578093	-0.041177	-0.108710	1.295210	1.427175
3547951876.021137	197.751361	70.012452	238.218918	202.394969	62.302918	193.107753	77.721985	-0.041177	-0.062317	1.295210	1.471163
3547951876.714628	208.430135	86.677335	234.565475	200.605593	91.124418	216.254676	82.230251	-0.041177	-0.062317	1.295210	1.471163
3547951877.408121	221.728750	103.608246	226.921524	215.748059	96.882821	227.709441	110.333670	-0.046500	-0.087743	1.290323	1.446725
3547951878.781085	256.288713	129.504401	206.579361	262.526441	123.016663	250.050985	135.992140	-0.073730	-0.077470	1.265885	1.456500
3547951879.511600	276.838614	138.055810	197.045731	269.932992	143.827499	283.744235	132.284121	-0.030652	-0.067334	1.304985	1.466276
3547951880.240116	290.688892	142.600644	222.084259	283.270933	147.697101	298.106852	137.504186	-0.057267	-0.062317	1.280547	1.471163
3547951889.201437	258.936214	184.444897	313.200409	266.303030	179.274789	251.569397	189.615005	-0.051863	-0.082589	1.285435	1.451613
3547951889.900929	246.817176	196.383067	317.807068	251.180970	204.254363	242.453383	188.511770	-0.079302	-0.092931	1.260997	1.441838
3547951890.542382	232.950342	208.613853	318.952911	241.920646	207.883344	223.980038	209.344362	-0.062713	-0.057333	1.275660	1.476051
3547951891.210853	219.269168	221.029922	316.401703	212.223955	226.630366	226.314381	215.429478	-0.041177	-0.077470	1.295210	1.456500
3547951892.610842	194.063022	248.288800	308.361755	189.861771	240.329561	198.264273	256.248039	-0.051863	-0.098155	1.285435	1.436950
3547951893.318340	181.478639	264.977224	304.234578	177.164528	272.875860	185.792750	257.078588	0.004978	-0.072385	1.339198	1.461388
3547951893.973802	169.967472	281.746530	297.728546	164.014385	288.496401	175.920559	274.996660	0.084371	0.069958	1.422287	1.612903
3547951894.638271	163.053145	301.324137	286.613495	169.045331	308.039322	157.060959	294.608952	0.193019	0.231478	1.554252	1.827957
3547951895.327758	159.503218	320.404812	272.193466	151.382442	324.284632	167.623994	316.524992	0.252442	0.324202	1.637341	1.979472
3547951896.008240	160.378116	339.286167	258.670181	152.528749	334.883050	168.227483	343.689284	0.287780	0.384318	1.691105	2.091887
3547951896.672710	165.513227	357.509647	247.934738	163.277162	366.227445	167.749292	348.791848	0.318011	0.408486	1.739980	2.140762
3547951897.331171	174.081308	374.502647	237.948441	180.616012	368.314137	167.546604	380.691156	0.306125	0.413188	1.720430	2.150538
3547951898.056683	185.243174	389.858912	229.821152	189.438157	397.821457	181.048190	381.896368	0.309122	0.410842	1.725318	2.145650
3547951898.764184	198.132950	403.516621	223.993210	205.401670	408.823757	190.864229	398.209484	0.284661	0.408486	1.686217	2.140762
3547951900.091118	230.294483	428.145238	210.952332	234.335306	436.187113	226.253661	420.103363	0.278367	0.391686	1.676442	2.106549
3547951900.802621	247.159079	437.091340	205.255814	254.976128	441.551581	239.342031	432.631099	0.265558	0.374331	1.656891	2.072336
3547951901.438069	264.998629	444.643880	199.390900	273.953457	445.544475	256.043802	443.743285	0.249114	0.366717	1.632454	2.057674
3547951902.110543	284.743766	450.174772	191.581070	284.239293	459.160623	285.248238	441.188922	0.272000	0.358993	1.666667	2.043011
3547951905.597003	283.430702	463.502382	317.537811	285.543381	472.250901	281.318023	454.753863	0.235600	0.315854	1.612903	1.964809
3547951906.958965	258.667066	484.003047	318.399750	266.683403	488.094299	250.650729	479.911795	0.221755	0.310219	1.593353	1.955034
3547951907.612426	246.733137	493.949152	319.092010	255.515514	491.981957	237.950760	495.916347	0.235600	0.313043	1.612903	1.959922
3547951908.283898	233.921178	505.284432	318.617706	242.632531	507.545478	225.209825	503.023386	0.211146	0.298778	1.578690	1.935484
3547951908.984393	220.780798	517.029663	318.776062	229.739709	517.888685	211.821887	516.170642	0.196690	0.287103	1.559140	1.915934
3547951909.709904	208.882085	527.807513	317.732330	212.645962	535.982672	205.118207	519.632354	0.185608	0.272171	1.544477	1.891496
3547951911.094882	183.401927	552.314910	314.152740	183.460650	543.315102	183.343203	561.314719	0.178102	0.253734	1.534702	1.862170
3547951911.818392	172.356757	563.415859	312.372559	181.147793	565.343990	163.565722	561.487727	0.174313	0.250605	1.529814	1.857283
3547951912.466854	160.831036	575.478230	311.056870	161.183717	584.471317	160.478355	566.485143	0.162800	0.241117	1.515152	1.842620
3547951913.141326	154.701464	581.277421	354.940277	154.164548	590.261391	155.238380	572.293450	0.151062	0.228230	1.500489	1.823069
3547951914.493279	149.268510	572.570670	67.817570	157.934412	570.141236	140.602608	575.000104	0.147098	0.198197	1.495601	1.779081
3547951915.147742	144.419054	557.760265	73.965576	153.333308	556.520877	135.504801	558.999653	0.118609	0.194769	1.461388	1.774194
3547951915.835231	140.186475	540.934406	75.607613	138.315716	532.130983	142.057235	549.737829	0.118609	0.198197	1.461388	1.779081
3547951916.516706	135.508790	521.508631	75.830223	131.740603	513.335457	139.276976	529.681805	0.101722	0.180862	1.441838	1.754643
3547951917.219203	130.390513	501.493410	73.638000	139.229524	503.188074	121.551502	499.798745	0.118609	0.144701	1.461388	1.705767
3547951917.901683	123.981994	481.559650	70.060677	116.684158	476.292620	131.279829	486.826679	0.088753	0.155765	1.427175	1.720430
3547951918.589169	116.324387	460.558208	67.112350	124.497967	464.325513	108.150807	456.790903	0.093106	0.144701	1.432063	1.705767
3547951919.243631	107.366365	442.149502	60.324863	112.702086	449.397266	102.030644	434.901738	0.084371	0.144701	1.422287	1.705767
3547951919.945126	96.467576	426.052791	51.394726	88.330774	422.206695	104.604378	429.898887	0.084371	0.159411	1.422287	1.725318
3547951920.656628	82.190054	410.814888	43.025520	89.546103	405.629471	74.834005	416.000304	0.079959	0.118130	1.417400	1.671554
3547951921.359123	66.684870	398.166747	36.476765	75.144000	395.093781	58.225740	401.239712	0.071042	0.118130	1.407625	1.671554
3547951922.017589	50.708470	387.338398	32.282143	43.851519	381.508971	57.565422	393.167824	0.071042	0.114245	1.407625	1.666667
3547951922.689063	35.174060	378.179425	28.837111	39.975890	385.791417	30.372230	370.567432	0.062000	0.102453	1.397849	1.652004
3547951923.421577	19.287128	370.097142	24.434683	25.071711	363.202318	13.502545	376.991966	0.062000	0.110338	1.397849	1.661779
3547951925.443005	27.714647	355.220672	138.555222	24.839633	346.692231	30.589661	363.749112	0.034100	0.074105	1.368524	1.617791
3547951926.110475	41.275267	344.624911	143.746338	47.520581	338.144475	35.029953	351.105347	0.062000	0.048836	1.397849	1.588465
3547951926.787952	57.895294	333.290500	146.138107	48.908436	333.776703	66.882151	332.804297	0.038833	0.094474	1.373412	1.642229
3547951927.451421	76.946522	320.142745	141.760544	80.358846	328.470773	73.534198	311.814718	0.038833	0.053112	1.373412	1.593353
3547951928.759346	108.847385	287.850923	125.387115	111.305082	279.192995	106.389687	296.508851	0.024532	0.048836	1.358749	1.588465
3547951929.468845	121.932446	267.534346	117.954655	130.838090	266.234536	113.026802	268.834156	0.014826	0.044533	1.348974	1.583578
3547951930.192356	131.607164	246.792953	108.476109	122.644535	247.612275	140.569792	245.973631	0.014826	0.031465	1.348974	1.568915
3547951930.881841	136.831040	223.933024	95.968315	127.931750	225.275647	145.730330	222.590402	0.014826	0.035848	1.348974	1.573803
3547951931.541306	136.769547	200.917661	84.054962	130.517009	207.391128	143.022085	194.444194	-0.005015	0.027054	1.329423	1.564027
3547951932.213781	132.611442	179.404700	75.559784	131.163717	170.521903	134.059167	188.287498	-0.005015	0.018149	1.329423	1.554252
3547951932.881251	125.554244	159.694931	65.393143	120.619748	167.221599	130.488740	152.168262	0.000000	0.013655	1.334311	1.549365
3547951933.550724	115.401372	142.436514	54.025917	120.622203	149.767471	110.180542	135.105557	0.009920	0.009132	1.344086	1.544477
3547951934.226200	101.877407	127.368319	43.093163	108.866148	121.697561	94.888666	133.039077	-0.005015	-0.000000	1.329423	1.534702
3547951935.666218	66.754283	106.810872	15.340962	63.524924	115.211541	69.983642	98.410203	-0.005015	-0.013918	1.329423	1.520039
3547951936.375717	46.514946	104.040967	2.094331	38.720429	108.540467	54.309463	99.541466	-0.020283	0.004581	1.314761	1.539589
3547951937.059199	23.546523	106.425520	347.076172	14.568449	105.797683	32.524597	107.053357	0.000000	0.040204	1.334311	1.578690
3547951938.395142	13.786281	107.673125	90.360428	7.679514	114.284283	19.893047	101.061968	-0.041177	-0.000000	1.295210	1.534702
3547951939.095636	14.761619	106.169804	149.476379	23.480206	103.936817	6.043031	108.402790	-0.010066	-0.004610	1.324536	1.529814
3547951939.760106	17.639065	106.177824	189.096878	12.547491	98.756512	22.730639	113.599136	-0.010066	-0.009249	1.324536	1.524927
3547951940.432582	30.674749	109.624843	199.181473	39.246682	112.367463	22.102816	106.882224	-0.015156	-0.018618	1.319648	1.515152
3547951942.560081	88.401959	129.492166	192.299347	93.935604	136.589966	82.868314	122.394365	-0.020283	-0.032899	1.314761	1.500489
3547951943.217548	113.283083	133.493427	185.928329	118.172783	141.049275	108.393383	125.937580	-0.030652	-0.028108	1.304985	1.505376
3547951943.874006	136.543115	134.286512	179.404068	139.487471	142.791262	133.598759	125.781762	-0.010066	-0.018618	1.324536	1.515152
3547951944.537476	159.315852	132.547256	170.967049	150.595086	130.322792	168.036618	134.771720	-0.020283	-0.028108	1.314761	1.505376
3547951945.233967	182.156089	127.729257	161.058762	188.843057	133.752916	175.469121	121.705599	-0.015156	-0.037722	1.319648	1.495601
3547951946.566906	221.774066	105.201394	140.985886	218.387497	113.539929	225.160634	96.862860	-0.025448	-0.013918	1.309873	1.520039
3547951947.301426	238.716598	89.339842	130.955048	246.249924	84.415516	231.183271	94.264169	-0.025448	-0.037722	1.309873	1.495601
3547951948.045951	251.301702	71.225254	118.138115	259.820766	68.322575	242.782638	74.127932	-0.025448	-0.042577	1.309873	1.490714
3547951948.754451	260.369788	45.119501	99.812607	266.293133	38.343515	254.446444	51.895487	-0.035895	-0.042577	1.300098	1.490714
3547951949.454945	261.506837	22.311611	83.520401	252.828582	24.696539	270.185092	19.926682	-0.030652	-0.032899	1.304985	1.500489
3547951957.134365	263.361719	17.079227	309.701813	254.652605	19.348882	272.070834	14.809573	-0.025448	-0.047463	1.309873	1.485826
3547951957.824851	254.481631	25.985876	321.156860	248.585087	19.186555	260.378175	32.785197	-0.041177	-0.042577	1.295210	1.490714
3547951958.532349	241.784297	35.874446	323.645264	242.334936	44.857585	241.233658	26.891306	-0.030652	-0.037722	1.304985	1.495601
3547951959.245852	228.273913	45.959234	322.233795	219.491914	47.928115	237.055912	43.990353	-0.046500	-0.037722	1.290323	1.495601
3547951959.977369	213.569292	57.629110	319.645935	220.003609	51.336292	207.134975	63.921928	-0.030652	-0.047463	1.304985	1.485826
3547951960.653847	199.285803	71.209571	312.108887	207.270492	75.362249	191.301113	67.056894	-0.030652	-0.052382	1.304985	1.480938
3547951961.331326	187.026924	87.463372	304.363800	183.766618	95.852079	190.287230	79.074665	-0.025448	-0.042577	1.309873	1.490714
3547951962.016807	176.421258	106.179896	293.455048	185.061078	108.700513	167.781438	103.659279	-0.030652	-0.028108	1.304985	1.505376
3547951962.681277	169.658352	126.592396	282.333862	173.241515	118.336431	166.075190	134.848360	-0.041177	-0.057333	1.295210	1.476051
3547951963.368762	167.786428	149.303697	270.260101	167.039091	140.334779	168.533764	158.272615	-0.025448	-0.037722	1.309873	1.495601
3547951964.044237	168.975408	169.339616	258.965988	160.183400	167.415921	177.767416	171.263310	-0.035895	-0.062317	1.300098	1.471163
3547951964.687699	176.370582	190.548557	242.089142	178.039435	199.392478	174.701729	181.704637	-0.020283	-0.047463	1.314761	1.485826
3547951965.447228	189.582734	208.244693	223.606384	194.312258	215.901820	184.853210	200.587565	-0.025448	-0.032899	1.309873	1.500489
3547951966.132710	208.020434	220.292306	201.446335	204.645365	211.949111	211.395503	228.635502	-0.020283	-0.047463	1.314761	1.485826
3547951966.839214	233.214380	224.036494	175.595352	236.163411	215.533364	230.265350	232.539624	-0.041177	-0.057333	1.295210	1.476051
3547951968.194164	272.542966	205.618956	135.549835	276.549391	213.678023	268.536541	197.559889	-0.030652	-0.037722	1.304985	1.495601
3547951968.867641	285.450383	186.190932	111.440056	294.416747	186.968312	276.484019	185.413551	-0.041177	-0.047463	1.295210	1.485826
3547951969.545118	288.859190	164.595095	86.960052	296.454436	159.766820	281.263944	169.423369	-0.020283	-0.057333	1.314761	1.476051
3547951970.214592	283.441352	143.614620	64.089897	274.877939	140.845513	292.004765	146.383727	-0.025448	-0.052382	1.309873	1.480938
3547951970.976130	269.609153	125.916100	40.087269	263.451816	132.480184	275.766490	119.352016	-0.025448	-0.052382	1.309873	1.480938
3547951973.731072	193.676658	140.506330	298.900879	197.587918	148.612010	189.765398	132.400650	-0.035895	-0.047463	1.300098	1.485826
3547951974.442573	188.889673	163.509515	269.450317	194.869004	156.782882	182.910341	170.236148	-0.035895	-0.077470	1.300098	1.456500
3547951975.113047	194.039427	184.966756	240.258499	185.063620	184.307298	203.015235	185.626214	-0.030652	-0.062317	1.304985	1.471163
3547951975.781518	210.786476	201.027421	207.255661	211.590490	192.063406	209.982462	209.991436	-0.025448	-0.057333	1.309873	1.476051
3547951976.518038	232.269710	205.385391	175.467514	236.278742	197.327621	228.260678	213.443162	-0.025448	-0.057333	1.309873	1.476051
3547951977.195517	252.747559	197.869141	144.070786	256.601168	189.735895	248.893949	206.002387	-0.041177	-0.072385	1.295210	1.461388
3547951978.695575	269.386190	155.669012	78.882996	272.414534	164.144219	266.357846	147.193805	-0.020283	-0.018618	1.314761	1.515152
3547951979.352036	256.743801	133.258556	40.975739	257.955417	142.176626	255.532185	124.340485	0.000000	-0.052382	1.334311	1.480938
3547951980.760030	217.584598	125.757794	341.851624	212.637519	133.276198	222.531677	118.239389	-0.020283	-0.057333	1.314761	1.476051
3547951981.446515	198.394490	138.004800	312.813812	207.166947	135.993832	189.622032	140.015769	-0.015156	-0.052382	1.319648	1.480938
3547951982.111984	188.743766	157.420036	283.944199	180.352614	154.166030	197.134919	160.674043	-0.015156	-0.057333	1.319648	1.476051
3547951983.499965	199.159248	198.414753	224.025040	206.593183	203.487878	191.725312	193.341627	-0.010066	-0.047463	1.324536	1.485826
3547951984.254495	219.362248	209.197219	190.510040	211.233664	213.060652	227.490832	205.333786	-0.005015	-0.032899	1.329423	1.500489
3547951984.927970	242.272713	207.060814	157.052200	242.519573	198.064200	242.025852	216.057427	0.029333	-0.082589	1.363636	1.451613
3547951985.570424	261.211589	191.574352	124.270607	270.069869	189.983481	252.353309	193.165224	0.009920	-0.037722	1.344086	1.495601
3547951987.072485	265.541274	148.610987	64.526634	256.610360	149.723994	274.472187	147.497980	0.019697	-0.067334	1.353861	1.466276
3547951990.531924	250.865416	131.575939	38.370644	245.265743	124.530113	256.465089	138.621765	0.000000	-0.023348	1.334311	1.510264
3547951991.929913	226.605434	109.817372	41.338623	230.903815	117.724579	222.307053	101.910165	0.024532	-0.037722	1.358749	1.495601
3547951992.588379	211.598273	98.171180	33.815300	205.514948	104.803913	217.681599	91.538447	0.024532	-0.032899	1.358749	1.500489
3547951993.294874	194.409578	88.726139	23.638542	203.383189	88.037437	185.435967	89.414841	0.019697	-0.023348	1.353861	1.510264
3547951994.680851	155.652066	81.075837	357.218109	162.831267	75.648216	148.472865	86.503459	0.014826	-0.032899	1.348974	1.500489
3547951995.348322	135.718451	85.737784	340.129471	129.031917	79.713644	142.404985	91.761924	0.019697	-0.018618	1.353861	1.515152
3547951996.115864	118.930356	95.902231	321.564545	110.821259	91.998061	127.039453	99.806401	0.019697	-0.052382	1.353861	1.480938
3547951996.848385	105.496899	109.718598	307.370544	109.855384	101.844361	101.138414	117.592835	0.019697	-0.028108	1.353861	1.505376
3547951997.539867	93.845782	129.225112	292.763428	98.892678	136.676879	88.798885	121.773344	0.004978	-0.009249	1.339198	1.524927
3547951998.223358	89.256774	150.984806	270.506134	86.347490	142.467995	92.166058	159.501617	0.004978	-0.018618	1.339198	1.515152
3547951999.612330	106.024416	189.620172	222.016022	98.276221	194.198979	113.772611	185.041364	0.014826	-0.042577	1.348974	1.490714
3547952000.257788	124.262429	199.305570	196.640068	115.639592	201.883687	132.885265	196.727454	0.024532	-0.018618	1.358749	1.515152
3547952000.982296	147.704399	200.425256	168.129822	156.690980	199.933967	138.717818	200.916545	0.009920	-0.047463	1.344086	1.485826
3547952001.671783	166.834364	191.355070	140.216530	158.600702	194.989187	175.068026	187.720952	0.000000	-0.018618	1.334311	1.515152
3547952003.204872	181.045248	149.248250	77.412312	172.915145	153.108486	189.175351	145.388013	0.009920	-0.004610	1.344086	1.529814
3547952003.901355	170.039992	128.051727	46.830776	167.439582	136.667867	172.640401	119.435587	-0.010066	-0.018618	1.324536	1.515152
3547952005.241303	130.662905	111.243475	359.918213	121.852924	113.083105	139.472886	109.403846	0.004978	-0.037722	1.339198	1.495601
3547952008.060290	57.478761	132.245154	329.471405	54.008647	140.549268	60.948875	123.941040	-0.020283	-0.047463	1.314761	1.485826
3547952008.778801	40.524794	145.261320	315.012726	33.742756	139.344906	47.306832	151.177735	-0.015156	-0.042577	1.319648	1.490714
3547952009.454280	26.033256	164.418557	298.489716	26.378892	173.411917	25.687619	155.425196	-0.020283	-0.042577	1.314761	1.490714
3547952010.149764	17.880516	185.853667	281.555969	26.227009	182.486762	9.534023	189.220572	0.004978	-0.032899	1.339198	1.500489
3547952010.843256	16.381301	208.183530	265.446259	7.382811	208.018653	25.379791	208.348407	-0.020283	-0.052382	1.314761	1.480938
3547952012.238237	32.131577	249.567116	230.600647	40.712372	252.281883	23.550782	246.852350	-0.035895	-0.047463	1.300098	1.485826
3547952012.944736	49.609927	264.673058	211.685974	57.995884	267.940431	41.223970	261.405685	-0.015156	-0.087743	1.319648	1.446725
3547952013.652236	73.121260	274.186744	192.266052	78.415563	281.464818	67.826957	266.908670	-0.020283	-0.057333	1.314761	1.476051
3547952014.396760	98.559764	275.272366	172.593155	96.820801	284.102769	100.298728	266.441964	-0.025448	-0.047463	1.309873	1.485826
3547952015.159298	122.169210	264.483399	143.864357	127.608039	257.312685	116.730380	271.654112	-0.030652	-0.042577	1.304985	1.490714
3547952015.870801	139.008183	243.712243	109.432384	134.510056	251.507554	143.506309	235.916933	0.114430	-0.047463	1.456500	1.485826
3547952016.597313	140.430287	218.646812	76.580677	132.100447	215.238914	148.760127	222.054710	0.252442	-0.062317	1.637341	1.471163
3547952017.321824	130.225665	197.231024	52.297800	122.167280	201.238821	138.284050	193.223228	0.315065	-0.018618	1.735093	1.515152
3547952018.096388	112.173550	182.139192	28.209072	111.586611	191.120033	112.760489	173.158351	0.352120	-0.052382	1.798631	1.480938
3547952025.191377	42.487429	181.010975	357.149506	50.021805	176.088253	34.953054	185.933697	0.303111	-0.062317	1.715543	1.471163
3547952025.907881	24.636150	182.468730	354.591095	21.057955	190.726849	28.214345	174.210612	0.265558	-0.062317	1.656891	1.471163
3547952026.629390	13.859422	184.532441	312.174774	22.100198	188.150398	5.618647	180.914484	0.242398	-0.047463	1.622678	1.485826
3547952027.389927	13.592893	186.100760	243.177841	22.202568	188.722494	4.983217	183.479026	0.228720	-0.052382	1.603128	1.480938
3547952028.117440	20.594779	194.359782	224.070053	28.249466	199.093255	12.940092	189.626309	0.221755	-0.062317	1.593353	1.471163
3547952028.807927	33.073997	206.633421	223.090881	33.414142	215.626990	32.733851	197.639851	0.211146	-0.057333	1.578690	1.476051
3547952029.477400	47.207573	218.971496	218.274734	56.188005	219.564661	38.227141	218.378332	0.207565	-0.067334	1.573803	1.466276
3547952031.525851	99.436307	241.634775	188.039703	103.398386	233.553814	95.474229	249.715736	0.214704	0.061586	1.583578	1.603128
3547952032.203322	120.594038	242.671757	179.141876	121.233354	251.649021	119.954722	233.694493	0.228720	0.098475	1.603128	1.647116
3547952032.961859	141.298996	239.605085	169.809448	139.834532	230.725032	142.763459	248.485138	0.245766	0.159411	1.627566	1.725318
3547952034.392869	184.386019	225.163627	160.159218	183.828309	234.146330	184.943729	216.180923	0.245766	0.184368	1.627566	1.759531
3547952035.059340	202.702463	219.374088	169.165833	206.859839	211.391844	198.545087	227.356333	0.239009	0.198197	1.617791	1.779081
3547952035.759835	222.067788	217.564852	179.668915	227.135697	225.002344	216.999879	210.127359	0.239009	0.208372	1.617791	1.793744
3547952036.420298	240.701949	218.851655	187.291046	249.104933	215.628326	232.298964	222.074985	0.268788	0.215063	1.661779	1.803519
3547952037.111787	260.218691	222.904673	194.554367	262.221186	214.130278	258.216196	231.679068	0.290882	0.208372	1.695992	1.793744
3547952041.298741	285.869165	226.395191	73.242012	293.370509	231.368102	278.367821	221.422281	0.341000	0.228230	1.779081	1.823069
3547952042.015245	282.197759	210.866897	77.566864	274.758800	215.932652	289.636719	205.801141	0.315065	0.211727	1.735093	1.798631
3547952042.724747	279.278952	194.413520	81.467369	281.190636	185.618893	277.367268	203.208147	0.329633	0.221682	1.759531	1.813294
3547952044.825230	277.700178	138.958490	96.288567	269.676026	143.034391	285.724331	134.882588	0.290882	0.211727	1.695992	1.798631
3547952046.266244	286.632051	102.333024	112.319534	292.947483	95.920901	280.316620	108.745148	0.252442	0.201608	1.637341	1.783969
3547952046.943723	288.537269	92.603588	66.606056	293.858538	99.861970	283.216000	85.345207	0.265558	0.201608	1.656891	1.783969
3547952047.595182	285.608837	89.304443	34.247429	282.862535	97.875197	288.355139	80.733689	0.239009	0.201608	1.617791	1.783969
3547952048.297679	274.882845	82.659300	31.114813	277.552100	74.064239	272.213589	91.254361	0.228720	0.211727	1.603128	1.798631
3547952048.997175	262.501857	74.172364	38.072277	259.220775	65.791762	265.782939	82.552967	0.228720	0.198197	1.603128	1.779081
3547952050.349125	234.728028	49.121456	47.526661	238.255751	57.401261	231.200305	40.841650	0.207565	0.180862	1.573803	1.754643
3547952051.001585	223.868465	36.226665	54.032478	229.137283	43.523209	218.599647	28.930121	0.203963	0.173792	1.568915	1.744868
3547952051.702079	214.008863	20.623486	63.311256	209.857614	12.638054	218.160112	28.608919	0.196690	0.155765	1.559140	1.720430
3547952053.801560	202.950015	17.988377	301.689301	202.083706	9.030168	203.816324	26.946586	0.166662	0.148410	1.520039	1.710655
3547952054.503057	194.564833	30.441755	306.918243	201.926373	25.264137	187.203293	35.619372	0.170500	0.137219	1.524927	1.695992
3547952055.228567	184.896895	43.949532	310.198151	178.319518	50.092667	191.474272	37.806397	0.151062	0.118130	1.500489	1.671554
3547952055.927060	171.773722	57.747300	314.639923	167.612459	49.767081	175.934984	65.727519	0.147098	0.140971	1.495601	1.700880
3547952056.682598	157.889619	71.879243	320.255997	159.557998	63.035233	156.221240	80.723253	0.155000	0.121993	1.505376	1.676442
3547952057.390092	141.683378	83.794668	328.550491	132.972276	86.056681	150.394480	81.532655	0.130980	0.098475	1.476051	1.647116
3547952058.193660	123.192862	94.530038	334.098633	115.214005	90.366166	131.171720	98.693910	0.143108	0.114245	1.490714	1.666667
3547952058.869135	105.152318	103.183775	335.707397	101.294318	111.314939	109.010318	95.052610	0.139092	0.106407	1.485826	1.656891
3547952059.570630	85.566044	111.312271	339.915039	80.314539	104.003256	90.817549	118.621286	0.118609	0.082326	1.461388	1.627566
3547952061.648097	29.335880	125.167556	351.692596	30.821082	116.290947	27.850678	134.044164	0.110222	0.074105	1.451613	1.617791
3547952062.346592	15.370768	128.110243	324.527863	22.659011	133.390539	8.082525	122.829948	0.114430	0.090449	1.456500	1.637341
3547952063.015061	14.237348	130.190792	252.558517	5.751629	127.192029	22.723066	133.189555	0.118609	0.078228	1.461388	1.622678
3547952063.763588	18.715220	136.838082	236.780045	26.968587	140.427223	10.461853	133.248941	0.084371	0.082326	1.422287	1.627566
3547952064.455077	28.795831	152.180016	238.450333	31.547436	143.610963	26.044227	160.749069	0.110222	0.074105	1.451613	1.617791
3547952065.889089	48.987036	189.738003	247.091232	40.988384	193.863722	56.985688	185.612283	0.101722	0.053112	1.441838	1.593353
3547952066.579575	56.828818	210.456636	251.105484	58.809817	201.677363	54.847819	219.235910	0.084371	0.069958	1.422287	1.612903
3547952067.949543	70.776551	254.350311	253.482819	63.271204	259.317179	78.281897	249.383444	0.079959	0.074105	1.417400	1.617791
3547952068.643031	75.468547	273.144865	258.021698	71.871982	264.894730	79.065112	281.394999	0.079959	0.057362	1.417400	1.598240
3547952069.342525	78.548736	293.109328	261.735092	86.037729	298.100820	71.059744	288.117837	0.084371	0.057362	1.422287	1.598240
3547952070.815564	81.112969	331.943051	268.630493	90.110307	331.724181	72.115631	332.161921	0.057432	0.027054	1.392962	1.564027
3547952072.195537	79.249154	372.834563	276.807007	76.189692	364.370539	82.308616	381.298586	0.071042	0.018149	1.407625	1.554252
3547952072.889026	75.988898	393.842567	281.297302	84.918946	392.722640	67.058850	394.962494	0.057432	0.031465	1.392962	1.568915
3547952073.559499	71.022049	414.101324	286.523102	76.383591	421.330007	65.660507	406.872640	0.043532	0.035848	1.378299	1.573803
3547952074.223969	64.156988	435.115446	289.063141	63.827511	426.121479	64.486465	444.109413	0.062000	0.057362	1.397849	1.598240
3547952074.912455	57.050047	454.522460	290.370819	48.279924	452.501334	65.820169	456.543587	0.043532	0.048836	1.378299	1.588465
3547952076.404509	40.426017	492.068643	296.312042	32.841455	487.223602	48.010579	496.913683	0.043532	0.027054	1.378299	1.564027
3547952077.067980	31.845132	508.359153	297.932983	27.386349	516.177033	36.303916	500.541273	0.029333	-0.004610	1.363636	1.529814
3547952077.777475	22.688279	524.375422	301.485352	23.654303	515.427416	21.722255	533.323427	0.038833	0.013655	1.373412	1.549365
3547952082.048489	44.297373	522.633940	173.841187	52.120211	527.084019	36.474536	518.183860	0.019697	0.013655	1.353861	1.549365
3547952082.754987	66.644624	521.912135	182.300568	65.851909	512.947114	67.437338	530.877156	0.009920	0.018149	1.344086	1.554252
3547952083.507518	92.879807	524.566177	188.494598	92.888454	515.566181	92.871159	533.566173	0.019697	0.009132	1.353861	1.544477
3547952084.896499	142.718325	539.043731	203.853363	139.630897	547.497593	145.805754	530.589869	0.024532	0.009132	1.358749	1.544477
3547952085.595990	162.844422	549.865492	209.842636	157.440314	557.062410	168.248529	542.668575	0.038833	-0.009249	1.373412	1.524927
3547952086.303491	182.276834	562.653038	217.895248	190.398620	566.530741	174.155047	558.775334	0.029333	-0.013918	1.363636	1.520039
3547952086.988974	200.317471	578.326261	224.479691	209.224082	579.619427	191.410860	577.033094	0.029333	0.009132	1.363636	1.544477
3547952092.600936	199.608821	577.687058	44.503159	195.130173	569.880540	204.087469	585.493575	0.043532	-0.000000	1.378299	1.534702
3547952093.312436	189.951218	566.115916	53.549397	191.227791	575.024921	188.674645	557.206912	0.043532	0.035848	1.378299	1.573803
3547952094.001921	180.476472	550.855461	62.590076	182.631324	542.117233	178.321620	559.593688	0.038833	0.027054	1.373412	1.564027
3547952095.477963	167.891239	512.197484	79.903740	176.699341	514.046086	159.083136	510.348881	0.048198	0.031465	1.383187	1.568915
3547952096.178459	165.881367	490.003094	89.010345	158.093655	485.491825	173.669079	494.514363	0.048198	0.004581	1.383187	1.539589
3547952096.888959	167.323009	465.051659	96.480347	160.222861	470.582292	174.423157	459.521026	0.048198	-0.023348	1.383187	1.510264
3547952097.589453	171.566437	444.262700	105.707611	179.613827	440.232872	163.519047	448.292529	0.038833	0.027054	1.373412	1.564027
3547952098.931399	189.079472	401.787087	116.089577	187.740300	410.686897	190.418644	392.887277	0.038833	0.013655	1.373412	1.549365
3547952099.657912	200.126127	381.230759	119.043289	203.104011	372.737691	197.148244	389.723828	0.034100	0.018149	1.368524	1.554252
3547952101.084918	225.681744	341.495712	126.564293	218.628521	335.905360	232.734968	347.086064	0.038833	0.035848	1.373412	1.573803
3547952101.815435	240.140985	323.215047	128.048157	233.959361	329.756264	246.322609	316.673829	0.038833	0.009132	1.373412	1.544477
3547952102.596987	256.681328	304.483730	130.447815	265.658191	303.838805	247.704465	305.128655	0.014826	0.004581	1.348974	1.539589
3547952103.321497	274.347217	283.907378	134.422897	268.789531	290.986369	279.904904	276.828387	0.009920	-0.000000	1.344086	1.534702
3547952104.033001	288.769928	270.386610	107.815300	281.191103	265.532600	296.348752	275.240620	0.024532	0.018149	1.358749	1.554252
3547952104.713479	287.919531	267.088039	22.830956	294.620159	273.096499	281.218902	261.079580	0.019697	-0.004610	1.353861	1.529814
3547952105.402966	278.959100	266.181597	6.342576	278.424896	257.197465	279.493305	275.165729	0.029333	-0.009249	1.363636	1.524927
3547952106.166504	262.620569	263.707210	11.869733	268.395348	256.804172	256.845790	270.610247	0.043532	0.004581	1.378299	1.539589
3547952107.640544	225.515403	251.337866	29.048832	231.809619	257.770815	219.221186	244.904916	0.052831	0.009132	1.388074	1.544477
3547952108.335034	208.206730	239.829459	37.919262	206.241345	231.046677	210.172115	248.612241	0.052831	0.009132	1.388074	1.544477
3547952109.710004	179.064077	210.783159	51.745712	170.100962	209.969174	188.027191	211.597143	0.151062	0.228230	1.500489	1.823069
3547952110.375473	167.317111	193.975579	58.052170	158.337482	193.370387	176.296740	194.580770	0.268788	0.326957	1.661779	1.984360
3547952111.793473	150.928631	157.698091	73.674747	159.823934	159.066878	142.033327	156.329305	0.363000	0.398952	1.818182	2.121212
3547952112.493968	146.714082	137.800237	81.387371	149.322455	129.186504	144.105709	146.413970	0.378889	0.413188	1.847507	2.150538
3547952113.870939	146.262495	100.888998	94.991066	140.172095	94.262761	152.352896	107.515236	0.373649	0.415522	1.837732	2.155425
3547952114.597452	148.905049	83.769781	100.704849	147.347964	74.905499	150.462133	92.634062	0.363000	0.408486	1.818182	2.140762
3547952115.992436	160.320465	45.734156	113.654598	155.560679	38.095803	165.080250	53.372510	0.354862	0.358993	1.803519	2.043011
3547952116.712945	169.127245	29.094236	120.027538	163.701961	21.913268	174.552529	36.275203	0.335348	0.358993	1.769306	2.043011
3547952117.413438	178.952224	15.012869	135.633446	183.617691	22.709193	174.286756	7.316544	0.341000	0.361580	1.779081	2.047898
3547952118.800416	186.728689	18.052221	241.353294	182.029569	25.728045	191.427808	10.376397	0.309122	0.329699	1.725318	1.989247
3547952119.513921	190.376730	29.418897	258.151245	185.744509	21.702516	195.008951	37.135277	0.297032	0.318650	1.705767	1.969697
3547952120.231427	191.943584	47.167638	269.971100	193.783340	38.357683	190.103829	55.977592	0.287780	0.307380	1.691105	1.950147
3547952121.659440	186.392369	85.492167	286.364319	190.543490	93.477666	182.241247	77.506668	0.262308	0.287103	1.652004	1.915934
3547952122.323903	178.966872	104.719620	294.339417	186.392333	99.634100	171.541410	109.805141	0.259039	0.284147	1.647116	1.911046
3547952123.716885	157.956411	137.637629	310.616440	154.441429	145.922851	161.471394	129.352408	0.255750	0.247459	1.642229	1.852395
3547952124.445405	144.157694	151.385524	318.028580	150.144226	158.105750	138.171162	144.665298	0.272000	0.253734	1.666667	1.862170
3547952125.126880	128.184792	163.978619	324.196564	133.359175	171.342434	123.010408	156.614805	0.272000	0.247459	1.666667	1.852395
3547952126.559892	94.449992	185.723027	331.887238	102.557096	181.814719	86.342889	189.631334	0.262308	0.244297	1.652004	1.847507
3547952127.282404	77.183110	193.941321	336.720612	82.041296	201.517470	72.324924	186.365172	0.265558	0.234708	1.656891	1.832845
3547952127.974889	57.271189	201.220029	342.545715	58.278122	210.163523	56.264257	192.276534	0.249114	0.237921	1.632454	1.837732
3547952128.687392	39.117338	205.870888	348.651459	38.529824	214.851692	39.704852	196.890085	0.242398	0.218381	1.622678	1.808407
3547952129.400895	21.849856	208.436985	353.742767	13.288776	211.213297	30.410936	205.660672	0.228720	0.194769	1.603128	1.774194
3547952132.932387	14.623477	208.304391	337.965729	23.355763	206.125588	5.891191	210.483193	0.178102	0.152098	1.534702	1.715543
3547952133.653896	14.616456	208.396315	322.199615	5.772303	210.063938	23.460608	206.728691	0.162800	0.152098	1.515152	1.715543
3547952137.133354	15.789190	206.495197	135.676178	20.779180	213.985191	10.799200	199.005204	0.126884	0.137219	1.471163	1.695992
3547952137.855861	27.596726	197.047629	145.079483	22.768706	189.452221	32.424746	204.643037	0.126884	0.114245	1.471163	1.666667
3547952138.544345	43.456420	187.388152	151.108826	40.690516	178.823704	46.222325	195.952600	0.130980	0.114245	1.476051	1.666667
3547952140.669846	107.645676	164.717779	170.233521	102.657010	157.226904	112.634343	172.208654	0.105986	0.106407	1.446725	1.656891
3547952141.419374	128.626463	160.653215	172.904968	129.680390	169.591293	127.572536	151.715137	0.105986	0.098475	1.446725	1.647116
3547952142.166921	149.276296	157.755685	174.137100	158.056828	159.731098	140.495764	155.780272	0.097429	0.102453	1.436950	1.652004
3547952142.830369	174.129694	156.209877	175.913902	174.267266	147.210928	173.992123	165.208825	0.114430	0.082326	1.456500	1.627566
3547952143.543873	197.381706	155.688212	182.461090	195.166267	146.965149	199.597144	164.411275	0.110222	0.090449	1.451613	1.637341
3547952144.260379	220.529404	158.026071	187.939774	225.277902	150.380696	215.780906	165.671447	0.114430	0.094474	1.456500	1.642229
3547952145.032924	243.362596	162.112880	192.020172	246.726109	170.460741	239.999084	153.765019	0.118609	0.118130	1.461388	1.671554
3547952145.733422	267.034451	168.180782	195.655807	260.114673	162.426073	273.954229	173.935491	0.155000	0.137219	1.505376	1.695992
3547952149.987418	269.628212	189.655399	341.550781	262.675430	195.370189	276.580994	183.940609	0.196690	0.244297	1.559140	1.847507
3547952151.441445	233.789439	194.591393	1.930495	225.365411	197.759320	242.213466	191.423466	0.218240	0.237921	1.588465	1.837732
3547952152.846436	194.795224	185.837856	22.686979	200.564433	192.745549	189.026015	178.930163	0.232170	0.241117	1.608016	1.842620
3547952154.254429	163.194350	166.310117	39.714277	155.068411	170.179112	171.320288	162.441122	0.207565	0.247459	1.573803	1.852395
3547952154.969936	150.413400	153.932541	48.398998	159.022817	156.555123	141.803982	151.309960	0.211146	0.237921	1.578690	1.837732
3547952155.666428	138.931532	138.265500	58.680813	131.312690	143.056456	146.550373	133.474544	0.214704	0.234708	1.583578	1.832845
3547952157.078422	124.280581	102.504421	73.230934	131.726376	107.560123	116.834785	97.448718	0.221755	0.211727	1.593353	1.798631
3547952157.823948	119.943923	84.546645	80.772133	127.045456	79.017791	112.842389	90.075499	0.221755	0.231478	1.593353	1.827957
3547952159.221935	119.980622	43.639684	97.852943	124.004929	51.689837	115.956315	35.589532	0.214704	0.215063	1.583578	1.803519
3547952159.891406	123.589548	25.441263	105.051773	132.424888	27.154962	114.754208	23.727564	0.232170	0.221682	1.608016	1.813294
3547952162.017910	138.155594	15.804983	228.476837	131.338379	21.680831	144.972808	9.929136	0.245766	0.211727	1.627566	1.798631
3547952162.691383	147.437086	29.635708	240.616264	138.798681	32.161170	156.075491	27.110246	0.245766	0.215063	1.627566	1.803519
3547952163.415893	155.178536	47.324058	249.899963	164.086226	46.038345	146.270846	48.609771	0.259039	0.215063	1.647116	1.803519
3547952164.908946	162.082942	86.767557	269.926193	164.316335	78.049073	159.849549	95.486040	0.290882	0.244297	1.695992	1.847507
3547952165.653471	159.826272	106.768073	281.615417	167.957982	102.911223	151.694562	110.624922	0.290882	0.253734	1.695992	1.862170
3547952166.312937	153.419670	127.051896	292.480667	156.187048	135.615868	150.652292	118.487924	0.297032	0.259944	1.705767	1.871945
3547952167.019436	144.488754	144.354979	301.984940	141.050044	136.037811	147.927465	152.672146	0.303111	0.266089	1.715543	1.881720
3547952167.709921	133.264010	159.823194	309.693649	124.536658	162.021678	141.991362	157.624711	0.303111	0.263025	1.715543	1.876833
3547952169.130925	106.905691	184.752061	327.793915	99.018335	180.417361	114.793046	189.086761	0.303111	0.269138	1.715543	1.886608
3547952169.994534	90.135184	193.198966	339.038025	92.396523	184.487689	87.873845	201.910243	0.287780	0.256847	1.691105	1.867058
3547952170.694027	72.021492	198.207928	350.759491	80.037807	194.116632	64.005178	202.299224	0.284661	0.247459	1.686217	1.852395
3547952171.375508	51.480326	199.622227	1.258081	42.916810	196.853440	60.043843	202.391014	0.262308	0.269138	1.652004	1.886608
3547952172.737469	16.972773	193.847645	21.013479	9.510001	198.878255	24.435545	188.817036	0.265558	0.231478	1.656891	1.827957
3547952173.429958	13.240944	189.374142	76.618301	4.788810	186.281987	21.693079	192.466297	0.239009	0.247459	1.617791	1.852395
3547952174.119446	13.846260	185.430453	122.779228	16.134880	194.134602	11.557639	176.726304	0.232170	0.218381	1.608016	1.808407
3547952174.793920	14.644673	184.967488	179.697327	19.921822	192.258010	9.367525	177.676967	0.214704	0.208372	1.583578	1.793744
3547952175.610497	19.132656	187.958479	218.183731	28.022021	189.365311	10.243290	186.551647	0.218240	0.204999	1.588465	1.788856
3547952176.359025	30.439757	198.284873	229.363892	30.688376	207.281439	30.191137	189.288308	0.193019	0.184368	1.554252	1.759531
3547952177.033504	42.702042	216.344525	243.485840	51.701349	216.232845	33.702734	216.456205	0.196690	0.180862	1.559140	1.754643
3547952178.496531	52.990610	253.727453	265.486298	43.992732	253.922903	61.988487	253.532003	0.181867	0.155765	1.539589	1.720430
3547952179.202029	52.926628	273.998847	274.082367	59.151706	280.498725	46.701551	267.498969	0.166662	0.155765	1.520039	1.720430
3547952179.854490	49.283860	292.294111	282.151520	54.304705	284.824765	44.263016	299.763456	0.158913	0.163037	1.510264	1.730205
3547952181.244470	37.594125	324.889234	297.830536	32.359197	332.210131	42.829052	317.568337	0.147098	0.125832	1.495601	1.681329
3547952181.975986	28.888712	338.743341	307.991211	27.854822	329.802923	29.922602	347.683759	0.147098	0.129650	1.495601	1.686217
3547952182.658468	17.807972	351.161235	327.893372	9.529189	347.631114	26.086755	354.691355	0.130980	0.129650	1.476051	1.686217
3547952183.330943	15.051566	351.328912	42.648037	23.800966	349.219882	6.302166	353.437941	0.130980	0.114245	1.476051	1.666667
3547952185.385392	22.617070	350.504427	189.847672	13.831416	348.551920	31.402724	352.456934	0.110222	0.086400	1.451613	1.632454
3547952186.093892	39.183592	355.021315	199.871597	47.540024	351.679154	30.827159	358.363475	0.105986	0.082326	1.446725	1.627566
3547952187.487876	76.531185	374.944860	215.034256	67.653184	373.468002	85.409185	376.421718	0.097429	0.090449	1.436950	1.637341
3547952188.249412	94.608062	389.187572	220.871216	87.236732	384.023902	101.979393	394.351241	0.097429	0.061586	1.436950	1.603128
3547952188.932895	112.212360	406.559612	227.013107	105.641657	400.409338	118.783063	412.709885	0.079959	0.065785	1.417400	1.608016
3547952190.279851	139.246328	442.430709	238.791290	138.974132	433.434826	139.518524	451.426592	0.088753	0.078228	1.427175	1.622678
3547952191.059395	149.446247	461.727985	245.086922	149.062111	452.736187	149.830383	470.719784	0.075516	0.065785	1.412512	1.608016
3547952191.686837	157.615456	481.850906	251.334648	157.550334	472.851141	157.680578	490.850670	0.079959	0.069958	1.417400	1.612903
3547952193.126853	165.443261	523.251829	267.364441	168.351689	531.768932	162.534832	514.734726	0.097429	0.069958	1.436950	1.612903
3547952193.857369	165.174210	541.990444	275.118408	173.939151	539.946963	156.409269	544.033924	0.075516	0.074105	1.412512	1.617791
3547952194.599898	162.019262	562.061536	282.786469	161.631215	553.069905	162.407309	571.053166	0.075516	0.044533	1.412512	1.583578
3547952195.289379	156.721795	580.924834	290.010376	149.228064	575.940458	164.215526	585.909209	0.084371	0.048836	1.422287	1.588465
3547952197.400869	144.118453	568.067653	65.235317	138.062311	574.725216	150.174595	561.410090	0.097429	0.048836	1.436950	1.588465
3547952198.089356	137.636478	550.732934	73.185631	144.845672	556.120653	130.427284	545.345215	0.093106	0.027054	1.432063	1.564027
3547952199.479336	130.474079	508.844230	87.518417	134.357758	500.725299	126.590400	516.963161	0.075516	0.074105	1.412512	1.617791
3547952200.211853	130.395518	485.536537	92.243073	138.561474	489.320339	122.229561	481.752736	0.084371	0.057362	1.422287	1.598240
3547952200.915348	132.669378	463.904773	97.214252	131.101343	472.767124	134.237413	455.042422	0.093106	0.069958	1.432063	1.612903
3547952201.672882	136.729655	440.576509	100.388981	138.003222	431.667074	135.456088	449.485943	0.079959	0.065785	1.417400	1.608016
3547952203.041848	148.092828	391.997529	104.229446	152.849757	399.637662	143.335899	384.357397	0.097429	0.069958	1.436950	1.612903
3547952203.735338	153.536909	371.699496	105.530251	162.169049	369.152702	144.904769	374.246290	0.101722	0.065785	1.441838	1.608016
3547952204.419820	160.588905	350.379610	111.068840	168.662549	354.356577	152.515261	346.402642	0.088753	0.065785	1.427175	1.608016
3547952205.112309	169.565455	329.368697	113.939880	162.848401	323.378606	176.282508	335.358788	0.088753	0.102453	1.427175	1.652004
3547952205.865841	180.485218	309.847821	116.592430	183.600886	318.291316	177.369550	301.404326	0.079959	0.048836	1.417400	1.588465
3547952206.636384	191.339761	287.772800	120.847527	182.388194	286.840361	200.291328	288.705239	0.097429	0.090449	1.436950	1.637341
3547952207.298851	205.625279	266.453951	123.285633	211.848493	272.955612	199.402064	259.952290	0.097429	0.065785	1.436950	1.608016
3547952207.993341	220.245770	246.305898	126.609451	212.947372	241.039649	227.544169	251.572147	0.105986	0.133445	1.446725	1.691105
3547952209.450369	247.381759	212.045132	129.832703	255.085395	216.698517	239.678123	207.391747	0.309122	0.433827	1.725318	2.194526
3547952210.129849	262.446158	194.555764	132.901932	255.099125	189.357581	269.793191	199.753947	0.386646	0.493059	1.862170	2.331378
3547952213.643329	290.954024	170.559613	276.841797	287.602009	162.207128	294.306039	178.912097	0.511890	0.566546	2.135875	2.526882
3547952215.026309	286.278269	169.884380	16.187267	290.428725	177.870225	282.127814	161.898535	0.540168	0.571601	2.209189	2.541544
3547952215.686772	274.802386	164.257155	31.292377	275.911501	155.325758	273.693271	173.188553	0.554496	0.581540	2.248289	2.570870
3547952216.399277	262.768735	155.173907	41.758671	269.918046	160.640839	255.619424	149.706975	0.559741	0.569923	2.262952	2.536657
3547952217.037722	251.971280	143.884345	49.134411	260.115100	140.053132	243.827460	147.715559	0.549182	0.556256	2.233627	2.497556
3547952217.772241	242.248059	130.686414	57.975445	233.341234	129.394716	251.154883	131.978111	0.541987	0.547495	2.214076	2.473118
3547952219.192242	229.713322	100.151002	76.522751	221.594749	96.266574	237.831894	104.035429	0.509936	0.520141	2.130987	2.399804
3547952219.906746	227.047497	83.514251	85.698616	233.958931	89.278978	220.136062	77.749525	0.491934	0.512562	2.086999	2.380254
3547952221.284719	230.000460	48.981405	102.208725	221.051896	49.942244	238.949023	48.020566	0.466718	0.476857	2.028348	2.292278
3547952221.997221	236.213373	31.177656	114.357857	227.643127	28.429771	244.783620	33.925542	0.455776	0.466447	2.003910	2.267840
3547952222.678701	245.467911	16.032567	126.369919	239.627298	9.185141	251.308523	22.879993	0.446828	0.455811	1.984360	2.243402
3547952225.563739	273.484797	40.958303	247.491135	267.723506	47.872602	279.246088	34.044005	0.384074	0.394119	1.857283	2.111437
3547952226.248225	278.889534	56.598985	253.607315	272.059038	62.459388	285.720031	50.738582	0.368353	0.394119	1.827957	2.111437
3547952226.911689	282.725228	75.035243	261.062347	285.472103	83.605813	279.978353	66.464672	0.354862	0.366717	1.803519	2.057674
3547952229.026181	278.052879	128.016051	287.328766	286.980439	129.155641	269.125318	126.876461	0.326752	0.337844	1.754643	2.003910
3547952229.712665	270.912890	145.794438	295.965790	265.422749	138.662934	276.403031	152.925942	0.326752	0.343209	1.754643	2.013685
3547952230.466197	261.993881	160.965549	304.369843	258.784324	169.373803	265.203439	152.557295	0.312102	0.321433	1.730205	1.974585
3547952231.808144	233.124252	188.375044	326.756012	232.850910	179.379195	233.397594	197.370892	0.297032	0.340533	1.705767	2.008798
3547952232.485621	217.610936	196.813648	334.887451	209.034006	199.540601	226.187866	194.086695	0.306125	0.310219	1.720430	1.955034
3547952233.146089	200.624973	203.044186	343.003418	205.480288	210.622175	195.769658	195.466197	0.309122	0.307380	1.725318	1.950147
3547952234.553085	166.019321	208.296658	359.702026	157.019802	208.203667	175.018841	208.389648	0.300080	0.301659	1.710655	1.940371
3547952235.222556	147.301426	206.469068	8.880178	142.638742	214.167079	151.964110	198.771056	0.309122	0.304527	1.725318	1.945259
3547952235.977085	130.950923	202.470162	17.029736	139.673304	204.688286	122.228543	200.252038	0.300080	0.318650	1.710655	1.969697
3547952236.626543	113.824272	196.124428	26.826513	104.892239	197.228422	122.756304	195.020434	0.278367	0.287103	1.676442	1.915934
3547952237.389080	98.182304	186.559187	34.825851	100.568418	195.237116	95.796190	177.881257	0.290882	0.287103	1.695992	1.915934
3547952238.757045	71.329694	159.860166	53.499310	72.158628	168.821911	70.500761	150.898422	0.278367	0.275188	1.676442	1.896383
3547952239.475561	62.317428	144.646863	62.197628	67.650409	137.397083	56.984447	151.896643	0.275193	0.269138	1.671554	1.886608
3547952240.164042	55.102436	126.996424	71.309723	47.797918	132.254181	62.406955	121.738666	0.265558	0.259944	1.656891	1.871945
3547952240.934581	51.393824	109.400735	82.700203	43.730538	104.681196	59.057110	114.120274	0.265558	0.250605	1.656891	1.857283
3547952242.251512	53.266090	71.630445	100.611908	52.538398	62.659912	53.993782	80.600978	0.252442	0.384318	1.637341	2.091887
3547952243.007045	57.499358	54.556927	105.892067	64.671116	49.119475	50.327600	59.994380	0.239009	0.218381	1.617791	1.808407
3547952243.761576	63.446438	37.581110	110.632729	69.084455	44.596291	57.808421	30.565929	0.232170	0.208372	1.608016	1.793744
3547952244.416038	72.826216	17.739326	119.680283	70.168583	9.140665	75.483850	26.337988	0.228720	0.228230	1.603128	1.823069
3547952246.568559	94.460117	23.520089	235.141373	90.319468	31.511024	98.600765	15.529155	0.211146	0.191321	1.578690	1.769306
3547952247.256042	103.449538	41.014824	249.495438	112.144316	43.338796	94.754761	38.690852	0.207565	0.184368	1.573803	1.759531
3547952249.517637	105.434796	102.024697	284.823151	97.575773	106.410557	113.293818	97.638837	0.166662	0.180862	1.520039	1.754643
3547952250.947650	81.381610	142.830963	316.064789	72.881110	145.787566	89.882110	139.874360	0.174313	0.170227	1.529814	1.739980
3547952251.621122	64.288016	156.101804	328.947174	57.127304	161.553795	71.448728	150.649814	0.189325	0.163037	1.549365	1.730205
3547952252.267578	46.200261	164.641107	341.655823	39.884988	171.053387	52.515533	158.228827	0.181867	0.152098	1.539589	1.715543
3547952252.956065	29.361358	169.057985	349.648407	36.584657	174.426779	22.138058	163.689192	0.178102	0.155765	1.534702	1.720430
3547952254.263986	13.356821	168.755129	86.514420	22.291427	167.672166	4.422214	169.838093	0.166662	0.194769	1.520039	1.774194
3547952254.984494	14.200735	167.440179	150.983337	12.528499	158.596897	15.872971	176.283460	0.166662	0.159411	1.520039	1.725318
3547952255.681986	15.601271	167.526157	201.733139	10.003871	160.478525	21.198671	174.573789	0.158913	0.159411	1.510264	1.725318
3547952256.987907	32.501651	187.741371	242.664764	38.715825	194.251674	26.287476	181.231069	0.147098	0.140971	1.495601	1.700880
3547952257.628363	39.049555	204.598144	255.380219	46.161787	210.113229	31.937323	199.083060	0.151062	0.144701	1.500489	1.705767
3547952258.291829	41.443414	222.472153	269.535980	46.825303	215.258605	36.061526	229.685701	0.155000	0.129650	1.505376	1.686217
3547952258.959298	39.072959	241.124419	284.841400	31.295281	245.652964	46.850638	236.595874	0.151062	0.118130	1.500489	1.671554
3547952259.618764	33.345250	256.526381	297.033569	24.450472	257.898581	42.240027	255.154182	0.126884	0.144701	1.471163	1.705767
3547952260.290238	25.018506	269.827711	308.111847	22.916207	261.076691	27.120804	278.578730	0.139092	0.118130	1.485826	1.671554
3547952260.970719	16.809266	277.959137	346.161926	11.826465	270.464359	21.792067	285.453915	0.147098	0.114245	1.495601	1.666667
3547952261.681219	15.665040	277.750244	55.460552	23.636824	273.572846	7.693256	281.927642	0.130980	0.102453	1.476051	1.652004
3547952262.356695	15.931276	276.481147	115.734161	11.578846	284.358733	20.283706	268.603562	0.114430	0.129650	1.456500	1.686217
3547952262.990141	18.649921	274.967888	175.134308	25.073942	268.664559	12.225901	281.271217	0.105986	0.110338	1.446725	1.661779
3547952263.668621	29.060470	275.526725	190.473206	20.795123	279.088192	37.325816	271.965259	0.110222	0.090449	1.451613	1.637341
3547952265.029583	61.319325	288.917675	214.650787	53.638662	284.226468	68.999987	293.608882	0.097429	0.082326	1.436950	1.627566
3547952265.679039	77.225280	304.384525	229.744354	80.796997	312.645448	73.653564	296.123603	0.101722	0.090449	1.441838	1.637341
3547952266.359522	87.833880	320.256971	242.922821	95.503731	324.965833	80.164028	315.548110	0.088753	0.074105	1.427175	1.617791
3547952267.092037	94.902151	338.455148	254.334702	93.697051	347.374101	96.107251	329.536194	0.093106	0.078228	1.432063	1.622678
3547952267.792529	98.315989	358.170317	265.163879	89.719824	355.504619	106.912154	360.836016	0.079959	0.086400	1.417400	1.632454
3547952269.141481	95.598436	400.321721	280.539764	102.855926	405.644206	88.340947	394.999235	0.075516	0.102453	1.412512	1.652004
3547952270.424389	82.855191	439.157004	294.869843	86.687562	431.013729	79.022819	447.300279	0.088753	0.069958	1.427175	1.612903
3547952271.088855	73.448608	455.569897	304.046326	67.732543	462.521631	79.164673	448.618164	0.075516	0.069958	1.412512	1.612903
3547952272.445813	48.213744	482.498382	319.219482	56.674781	479.430672	39.752707	485.566093	0.075516	0.065785	1.412512	1.608016
3547952273.211352	35.095061	492.805799	323.070557	30.674106	500.645133	39.516017	484.966465	0.118609	0.065785	1.461388	1.608016
3547952273.948873	20.625958	502.642381	327.356049	15.320655	495.372322	25.931261	509.912440	0.101722	0.106407	1.441838	1.656891
3547952274.636359	18.343528	505.224928	248.550186	21.550746	513.634075	15.136311	496.815780	0.097429	0.069958	1.436950	1.612903
3547952275.287825	20.911939	506.458689	207.268753	21.598530	497.484917	20.225348	515.432462	0.075516	0.069958	1.412512	1.612903
3547952280.182271	51.697250	524.664764	223.609512	56.450704	532.307060	46.943797	517.022468	0.075516	0.061586	1.412512	1.603128
3547952281.567247	75.238257	550.458186	227.760208	66.238381	550.410853	84.238132	550.505519	0.071042	0.074105	1.407625	1.617791
3547952282.215706	89.016136	564.616626	222.530762	84.526133	572.416618	93.506140	556.816635	0.057432	0.057362	1.392962	1.598240
3547952282.911198	104.354128	576.891641	213.250061	107.677692	568.527795	101.030564	585.255487	0.071042	0.048836	1.407625	1.588465
3547952286.348622	115.964368	574.266967	87.301102	121.507218	567.176353	110.421517	581.357581	0.093106	0.044533	1.432063	1.583578
3547952287.013090	116.299054	555.573289	90.555962	111.593140	563.244949	121.004968	547.901628	0.084371	0.094474	1.422287	1.642229
3547952287.682561	116.096645	536.787011	85.174911	119.198867	545.235456	112.994424	528.338566	0.079959	0.057362	1.417400	1.598240
3547952288.346030	111.938800	515.311640	70.329948	103.502758	512.175848	120.374843	518.447431	0.079959	0.061586	1.417400	1.603128
3547952289.009498	103.158394	497.624444	55.024265	112.148710	497.207049	94.168078	498.041839	0.062000	0.044533	1.397849	1.583578
3547952289.654953	89.298858	482.465087	37.415550	91.816849	473.824501	86.780867	491.105672	0.071042	0.044533	1.407625	1.583578
3547952291.012912	53.036661	468.272947	8.305224	44.937509	472.197705	61.135814	464.348189	0.084371	0.061586	1.422287	1.603128
3547952291.726416	33.552362	468.263670	352.095367	31.439360	459.515229	35.665364	477.012111	0.075516	0.061586	1.412512	1.603128
3547952295.789283	12.737354	461.130588	126.290894	7.455526	453.843456	18.019182	468.417720	0.079959	0.057362	1.417400	1.598240
3547952296.456752	21.840809	452.280015	139.415817	13.499812	448.899517	30.181806	455.660513	0.075516	0.057362	1.412512	1.598240
3547952297.139236	36.282290	440.974397	142.228455	43.083961	446.868231	29.480620	435.080564	0.062000	0.061586	1.397849	1.603128
3547952297.877756	52.699070	428.375011	141.537460	54.184362	437.251605	51.213778	419.498418	0.066537	0.044533	1.402737	1.583578
3547952298.560237	72.064611	412.667307	137.554764	77.690885	405.642705	66.438336	419.691909	0.066537	0.053112	1.402737	1.593353
3547952299.215698	88.705827	395.400532	129.410721	93.827810	402.800890	83.583845	388.000174	0.071042	0.057362	1.407625	1.598240
3547952299.885171	101.922334	376.532997	118.384300	109.477141	371.641689	94.367528	381.424305	0.075516	0.048836	1.412512	1.588465
3547952300.556644	110.465766	356.635445	106.203568	115.625870	349.261618	105.305661	364.009271	0.043532	0.048836	1.378299	1.588465
3547952301.227124	114.649338	332.952446	91.890862	121.008692	339.321010	108.289984	326.583881	0.062000	0.048836	1.397849	1.588465
3547952302.565061	103.498645	287.943120	57.607063	95.654515	283.530680	111.342775	292.355560	0.066537	0.044533	1.402737	1.583578
3547952303.291576	88.614248	272.989251	32.586994	80.323749	269.486735	96.904748	276.491766	0.071042	0.027054	1.407625	1.564027
3547952303.990067	68.709314	265.008441	10.618245	77.076182	268.324391	60.342446	261.692492	0.066537	0.013655	1.402737	1.549365
3547952304.695566	47.939746	263.972192	353.892334	39.887942	267.993192	55.991551	259.951191	0.066537	0.048836	1.402737	1.588465
3547952305.359033	28.362917	268.750130	338.047333	36.888542	265.866780	19.837291	271.633481	0.071042	0.040204	1.407625	1.578690
3547952306.033514	16.558358	273.734262	0.232006	14.488985	264.975398	18.627730	282.493126	0.062000	0.040204	1.397849	1.578690
3547952306.655951	14.679767	272.542686	63.585518	8.520926	265.980013	20.838608	279.105359	0.062000	0.044533	1.397849	1.583578
3547952307.321421	14.808287	271.287146	123.926247	23.683581	272.780180	5.932993	269.794112	0.066537	0.027054	1.402737	1.564027
3547952307.962870	16.319687	270.855832	191.910919	18.752930	279.520665	13.886443	262.191000	0.048198	0.031465	1.383187	1.568915
3547952308.618335	24.270459	275.374529	215.064178	15.352248	274.163945	33.188669	276.585113	0.062000	0.035848	1.397849	1.573803
3547952309.314823	36.676510	284.092863	218.045135	45.286278	286.714291	28.066741	281.471434	0.052831	0.044533	1.388074	1.583578
3547952313.365682	58.612376	300.605373	214.861084	50.121636	297.620856	67.103115	303.589890	0.052831	0.018149	1.388074	1.554252
3547952314.716640	80.450080	320.626763	229.046265	77.876518	329.250960	83.023642	312.002566	0.048198	0.022616	1.383187	1.559140
3547952315.383104	91.332785	335.060187	235.411942	89.478591	343.867114	93.186978	326.253260	0.057432	0.035848	1.392962	1.573803
3547952316.093606	102.023464	352.753364	240.235519	93.065179	351.887836	110.981748	353.618892	0.048198	0.027054	1.383187	1.564027
3547952316.789096	111.929918	371.181658	241.265793	106.577987	378.417460	117.281850	363.945856	0.075516	0.027054	1.412512	1.564027
3547952317.454566	122.589383	392.067438	243.646111	131.455534	390.521031	113.723233	393.613845	0.043532	-0.000000	1.378299	1.534702
3547952318.093016	131.996939	411.625435	245.568741	127.489808	403.835328	136.504069	419.415543	0.043532	0.018149	1.378299	1.554252
3547952318.768493	140.472522	431.965316	248.456627	142.880106	440.637313	138.064938	423.293318	0.034100	0.027054	1.368524	1.564027
3547952319.430962	148.278122	452.302683	250.356995	155.704217	447.218089	140.852026	457.387278	0.048198	0.031465	1.383187	1.568915
3547952320.761902	160.908459	494.620557	255.520004	168.719740	499.090893	153.097179	490.150222	0.057432	0.027054	1.392962	1.564027
3547952321.418363	164.858573	514.604519	258.334290	158.899171	507.860223	170.817975	521.348815	0.038833	0.065785	1.373412	1.608016
3547952322.857379	165.828706	553.190308	283.606415	158.990093	547.339378	172.667318	559.041237	0.079959	0.069958	1.417400	1.612903
3547952323.521848	157.350341	572.076151	302.417480	150.741941	565.966400	163.958740	578.185902	0.075516	0.065785	1.412512	1.608016
3547952324.189317	149.453753	581.352202	341.636139	143.013494	587.638938	155.894013	575.065465	0.079959	0.086400	1.417400	1.632454
3547952325.501243	144.587500	574.705970	71.578239	138.939626	581.713218	150.235374	567.698723	0.071042	0.102453	1.407625	1.652004
3547952326.200737	141.638989	559.323324	83.023499	132.873345	557.282861	150.404632	561.363788	0.075516	0.106407	1.412512	1.656891
3547952326.900230	141.591153	540.440025	95.168816	134.425093	534.995065	148.757212	545.884986	0.079959	0.074105	1.417400	1.617791
3547952327.546687	145.860208	521.691265	109.984455	146.118582	530.687556	145.601833	512.694975	0.084371	0.094474	1.422287	1.642229
3547952328.252184	155.357874	504.685743	128.175694	150.058442	511.960082	160.657306	497.411403	0.079959	0.094474	1.417400	1.642229
3547952328.924659	170.446636	490.850843	146.974014	164.781619	497.844239	176.111653	483.857447	0.097429	0.090449	1.436950	1.637341
3547952329.618147	189.934021	482.328178	167.193253	195.654813	489.276022	184.213229	475.380334	0.093106	0.129650	1.432063	1.686217
3547952330.916064	229.027864	488.498781	213.189133	232.854541	480.352828	225.201187	496.644734	0.114430	0.155765	1.456500	1.720430
3547952331.570525	242.590313	501.670805	234.089371	233.597773	502.037167	251.582854	501.304444	0.130980	0.152098	1.476051	1.715543
3547952332.200972	251.320378	518.751356	252.038666	245.445323	511.933458	257.195433	525.569254	0.122760	0.159411	1.466276	1.725318
3547952333.519901	250.503433	552.899989	290.634644	241.509701	553.235819	259.497165	552.564159	0.122760	0.159411	1.466276	1.725318
3547952334.216394	245.204978	564.282740	297.010437	236.280841	565.448834	254.129115	563.116646	0.135050	0.170227	1.480938	1.739980