Time	X	Y	Theta	LS_X	LS_Y	RS_X	RS_Y	RsRoL	RsRoR	VL	VR
3547946752.035388	50.548473	549.834796	175.869370	51.086524	540.850894	50.010422	558.818698	-0.029810	0.000000	1.363636	1.544477
3547946752.710861	50.793627	549.822553	174.941956	58.304168	544.863544	43.283086	554.781562	-0.034904	-0.009216	1.358749	1.534702
3547946753.419362	50.797939	549.815405	174.976486	58.132799	544.600060	43.463078	555.030750	-0.040034	-0.009216	1.353861	1.534702
3547946754.087833	50.802688	549.818744	174.886368	58.577147	545.284674	43.028230	554.352814	-0.040034	-0.032779	1.353861	1.510264
3547946754.742294	50.796244	549.816109	174.932251	58.354556	544.930219	43.237932	554.701999	-0.024753	0.013608	1.368524	1.559140
3547946755.394755	50.804218	549.822905	174.951477	58.267202	544.792610	43.341234	554.853200	-0.014747	-0.052185	1.378299	1.490714
3547946756.103255	50.801723	549.817355	174.818619	58.865290	545.819995	42.738155	553.814714	-0.040034	-0.009216	1.353861	1.534702
3547946756.787741	50.790011	549.813230	174.843475	58.751737	545.616693	42.828285	554.009766	-0.019732	-0.018551	1.373412	1.524927
3547946757.435198	50.793896	549.814809	175.051010	57.720089	544.067823	43.867703	555.561795	-0.029810	-0.028006	1.363636	1.515152
3547946758.122680	50.798308	549.815495	174.935089	58.342723	544.908173	43.253894	554.722817	-0.029810	0.018087	1.363636	1.564027
3547946758.826175	50.797228	549.813194	174.909332	58.465523	545.101798	43.128932	554.524589	-0.029810	-0.009216	1.363636	1.534702
3547946759.519666	50.790593	549.816199	174.872711	58.626245	545.388721	42.954941	554.243677	-0.014747	-0.013869	1.378299	1.529814
3547946760.204148	50.793882	549.815405	174.967911	58.173195	544.663151	43.414568	554.967660	-0.029810	-0.023263	1.363636	1.520039
3547946760.897637	50.805184	549.815495	174.967041	58.188976	544.669661	43.421391	554.961329	-0.034904	-0.037583	1.358749	1.505376
3547946761.584123	50.786471	549.816583	174.921204	58.398297	545.014489	43.174646	554.618677	-0.040034	-0.013869	1.353861	1.529814
3547946762.232579	50.812802	549.815987	174.866684	58.674997	545.435816	42.950607	554.196157	-0.034904	-0.023263	1.358749	1.520039
3547946762.888041	50.788600	549.817847	175.038620	57.785466	544.157116	43.791735	555.478577	-0.045201	-0.018551	1.348974	1.524927
3547946763.589535	50.806017	549.815563	174.905029	58.494514	545.137208	43.117519	554.493919	-0.024753	-0.023263	1.368524	1.520039
3547946764.302038	50.807237	549.814755	174.903229	58.504146	545.150251	43.110329	554.479260	-0.071611	-0.028006	1.324536	1.515152
3547946765.053569	50.811072	549.815319	174.947891	58.292046	544.811818	43.330098	554.818821	-0.045201	-0.028006	1.348974	1.515152
3547946765.750062	50.795892	549.818076	175.006790	57.969363	544.382884	43.622421	555.253268	-0.040034	-0.037583	1.353861	1.505376
3547946766.457559	50.797939	549.811966	174.848511	58.738432	545.575392	42.857445	554.048540	-0.040034	-0.018551	1.353861	1.524927
3547946767.135038	50.797030	549.816673	174.965881	58.186785	544.679404	43.407275	554.953941	-0.040034	-0.032779	1.353861	1.510264
3547946767.794502	50.799041	549.814493	175.045013	57.759572	544.109145	43.838509	555.519842	-0.066251	-0.032779	1.329423	1.510264
3547946768.506005	50.795576	549.809733	174.950958	58.261169	544.783310	43.329983	554.836155	-0.040034	-0.042419	1.353861	1.500489
3547946769.130445	50.799195	549.818234	174.999939	58.009735	544.432316	43.588655	555.204152	-0.040034	-0.028006	1.353861	1.515152
3547946769.863962	50.810784	549.809840	174.881470	58.607358	545.313904	43.014211	554.305777	-0.040034	-0.028006	1.353861	1.515152
3547946770.549447	50.806314	549.813194	174.937057	58.341055	544.891031	43.271574	554.735356	-0.045201	-0.023263	1.348974	1.520039
3547946771.285967	50.795382	549.808767	174.928940	58.369831	544.947930	43.220934	554.669603	-0.050407	-0.057117	1.344086	1.485826
3547946771.961444	51.195321	549.779474	176.572464	45.796946	542.578256	56.593696	556.980693	-0.066251	-0.032779	1.329423	1.510264
3547946772.614904	62.275470	549.314790	178.121048	54.956127	554.551890	69.594813	544.077690	-0.040034	-0.042419	1.353861	1.500489
3547946773.330408	79.035702	548.314808	175.330505	84.107699	540.880103	73.963705	555.749514	-0.045201	-0.042419	1.348974	1.500489
3547946773.977864	97.701524	546.144052	170.958908	88.999156	543.848670	106.403893	548.439433	-0.050407	-0.037583	1.344086	1.505376
3547946774.638331	116.110618	542.047686	163.577286	114.195172	533.253878	118.026065	550.841494	-0.045201	-0.028006	1.348974	1.515152
3547946776.011302	149.154176	525.857256	141.959755	154.147099	533.345295	144.161253	518.369218	-0.066251	-0.037583	1.329423	1.505376
3547946776.709792	162.624485	513.425530	130.030380	171.091986	516.475354	154.156984	510.375705	-0.066251	-0.028006	1.329423	1.515152
3547946777.411288	173.171922	497.761619	116.849693	178.333372	505.134504	168.010472	490.388733	-0.050407	-0.023263	1.344086	1.520039
3547946778.096771	180.009859	480.798102	106.987007	178.461883	471.932225	181.557836	489.663978	-0.045201	-0.037583	1.348974	1.505376
3547946778.762239	183.388427	464.326953	96.469246	176.227324	469.778430	190.549531	458.875477	-0.055650	-0.037583	1.339198	1.505376
3547946779.419707	183.901045	448.384320	87.139725	190.511178	442.276445	177.290912	454.492195	-0.050407	-0.028006	1.344086	1.515152
3547946781.456141	171.412288	400.963650	61.544811	180.052388	398.443992	162.772188	403.483308	-0.050407	-0.028006	1.344086	1.515152
3547946782.175651	162.043058	387.403653	48.946827	170.758483	385.158354	153.327633	389.648952	-0.050407	-0.028006	1.344086	1.515152
3547946782.845120	149.122618	375.808435	33.854313	143.302618	382.673389	154.942618	368.943481	-0.060931	-0.042419	1.334311	1.500489
3547946786.988045	55.786443	376.472150	330.598999	61.800134	383.168084	49.772753	369.776217	-0.055650	-0.032779	1.339198	1.510264
3547946787.700547	42.700444	385.599414	321.372894	35.483478	380.222109	49.917410	390.976719	-0.050407	-0.037583	1.344086	1.505376
3547946788.386029	29.190234	399.036956	310.966064	28.725966	408.024974	29.654502	390.048939	-0.066251	-0.037583	1.329423	1.505376
3547946789.130555	18.552197	413.839238	301.572327	18.737296	404.841142	18.367097	422.837335	-0.093450	-0.042419	1.304985	1.500489
3547946792.529956	22.641417	410.502984	132.903214	15.287727	405.314223	29.995107	415.691746	-0.087929	-0.067078	1.309873	1.476051
3547946793.223442	34.132438	398.582766	135.806839	40.055760	405.358771	28.209115	391.806761	-0.060931	-0.047286	1.334311	1.495601
3547946793.878906	47.223876	386.728449	139.839142	38.230466	387.072784	56.217287	386.384115	-0.055650	-0.057117	1.339198	1.485826
3547946794.546378	61.304727	375.819249	143.192245	70.025429	373.594534	52.584025	378.043964	-0.055650	-0.072108	1.339198	1.471163
3547946795.971382	92.210218	355.304553	149.964233	98.865031	349.245390	85.555404	361.363717	-0.066251	0.000000	1.329423	1.544477
3547946796.616842	111.050654	346.542399	158.677795	102.054024	346.788666	120.047284	346.296133	-0.066251	-0.047286	1.329423	1.495601
3547946797.293313	128.755840	340.326136	163.255409	129.720661	331.378001	127.791019	349.274271	-0.060931	-0.062081	1.334311	1.480938
3547946797.973795	147.662767	335.255939	164.695999	138.915648	333.137470	156.409885	337.374409	-0.050407	-0.057117	1.344086	1.485826
3547946798.666288	166.947616	330.010397	165.588135	159.807557	335.489407	174.087676	324.531387	-0.066251	-0.052185	1.329423	1.490714
3547946799.332755	186.012405	325.429834	165.867554	180.660362	332.665553	191.364448	318.194114	-0.024753	-0.042419	1.368524	1.500489
3547946800.026243	206.384188	320.798921	167.312805	212.892802	327.014864	199.875575	314.582978	-0.029810	-0.028006	1.363636	1.515152
3547946800.699718	225.867911	317.434257	170.126266	221.709798	309.452397	230.026025	325.416117	-0.029810	-0.013869	1.363636	1.529814
3547946801.380198	246.122952	314.586071	173.740463	253.458672	319.800206	238.787231	309.371935	0.004847	0.022538	1.397849	1.568915
3547946802.062680	264.981741	313.715914	178.634933	261.182129	321.874526	268.781353	305.557302	-0.009796	0.022538	1.383187	1.568915
3547946802.743158	283.793143	313.912888	183.567551	275.001547	311.987313	292.584740	315.838462	-0.009796	0.013608	1.383187	1.559140
3547946806.086517	284.279536	323.844195	311.422485	287.824155	332.116781	280.734917	315.571610	0.014439	0.026962	1.407625	1.573803
3547946807.480501	261.873986	344.210974	321.881378	252.952125	343.027591	270.795847	345.394357	0.014439	0.022538	1.407625	1.568915
3547946812.253869	147.347446	356.250036	26.406526	138.741508	353.616057	155.953383	358.884014	0.056007	0.044385	1.451613	1.593353
3547946812.933350	132.289289	347.704242	32.476053	124.437533	343.305388	140.141046	352.103096	0.069309	0.065572	1.466276	1.617791
3547946813.634844	119.216998	339.205416	34.566174	119.294886	348.205079	119.139110	330.205753	0.086636	0.040070	1.485826	1.588465
3547946814.320327	104.926917	327.978453	40.958462	105.984285	336.916124	103.869550	319.040781	0.082347	0.035727	1.480938	1.583578
3547946814.975790	92.813495	316.062341	47.644150	97.287447	323.871551	88.339544	308.253132	0.078030	0.044385	1.476051	1.593353
3547946815.637259	82.267014	303.564234	53.186226	80.295489	312.345640	84.238538	294.782828	0.090897	0.022538	1.490714	1.568915
3547946816.349760	72.240531	288.032071	60.600060	79.344955	293.557210	65.136107	282.506932	0.082347	0.048674	1.480938	1.598240
3547946817.013227	64.786844	272.332271	65.936401	64.453521	281.326096	65.120167	263.338445	0.099335	0.035727	1.500489	1.583578
3547946817.659683	57.719366	254.269776	69.717987	52.615703	246.856772	62.823029	261.682779	0.090897	0.035727	1.490714	1.583578
3547946819.095697	47.353250	220.797090	73.076027	53.929852	226.941055	40.776648	214.653125	0.069309	0.009100	1.466276	1.554252
3547946819.769172	42.052116	202.624979	73.583168	50.784967	204.801518	33.319266	200.448439	0.060471	0.013608	1.456500	1.559140
3547946820.452652	36.798195	183.852125	73.850250	45.795851	183.646736	27.800538	184.057513	0.060471	0.009100	1.456500	1.554252
3547946821.161152	31.752790	165.993051	73.621513	40.562661	167.833208	22.942920	164.152894	0.023900	0.022538	1.417400	1.568915
3547946821.820618	26.831128	149.128940	72.963936	32.679215	155.969983	20.983041	142.287896	0.078030	-0.013869	1.476051	1.529814
3547946822.527118	21.527494	131.890843	72.392738	22.748681	140.807609	20.306307	122.974078	0.042434	0.009100	1.436950	1.554252
3547946826.599989	28.249719	127.267815	214.865173	19.746846	124.318044	36.752592	130.217585	0.004847	-0.009216	1.397849	1.534702
3547946827.277468	43.009970	135.340462	201.325699	40.663481	126.651734	45.356460	144.029189	0.004847	0.000000	1.397849	1.544477
3547946827.944938	60.776517	140.744375	191.251923	57.394573	149.084786	64.158461	132.403965	0.004847	-0.018551	1.397849	1.524927
3547946828.616415	80.332551	143.222511	182.290100	79.633719	134.249684	81.031382	152.195339	-0.004881	-0.009216	1.388074	1.534702
3547946829.933343	121.087462	139.235740	166.099472	117.541801	147.507879	124.633123	130.963601	-0.019732	-0.032779	1.373412	1.510264
3547946830.597811	138.803799	133.223831	160.009506	136.912531	142.022871	140.695067	124.424791	-0.019732	-0.037583	1.373412	1.505376
3547946831.270283	156.481064	125.709207	154.047348	157.462878	134.655494	155.499250	116.762921	-0.000000	-0.037583	1.392962	1.505376
3547946832.600223	190.027209	105.408435	144.578003	189.444948	96.427289	190.609469	114.389580	-0.024753	-0.032779	1.368524	1.510264
3547946833.289709	205.318915	93.490686	139.498123	196.728233	90.807371	213.909597	96.174002	-0.024753	-0.028006	1.368524	1.515152
3547946834.035241	218.929283	80.711352	134.200424	211.946640	86.389618	225.911925	75.033086	-0.040034	-0.032779	1.353861	1.510264
3547946835.407205	246.238876	44.717268	117.969429	255.124345	43.286030	237.353407	46.148507	-0.040034	-0.023263	1.353861	1.520039
3547946836.067669	255.379801	24.688916	109.533287	251.689786	32.897679	259.069815	16.480152	-0.034904	-0.028006	1.358749	1.515152
3547946840.267634	265.013927	32.074780	267.754761	270.944228	38.844679	259.083626	25.304881	-0.045201	-0.067078	1.348974	1.476051
3547946842.273055	264.599459	84.970570	272.683319	259.259110	92.214924	269.939808	77.726216	-0.066251	-0.057117	1.329423	1.485826
3547946842.936514	263.098726	102.818852	275.266632	271.465774	99.503356	254.731678	106.134347	-0.066251	-0.042419	1.329423	1.500489
3547946844.326496	257.748658	139.825138	279.655853	258.235384	148.811967	257.261932	130.838309	-0.060931	-0.062081	1.334311	1.480938
3547946845.032993	253.817743	160.399588	280.868744	262.405606	163.091911	245.229880	157.707265	-0.082449	-0.047286	1.314761	1.495601
3547946846.430981	246.424425	199.143250	279.732635	247.599069	208.066265	245.249782	190.220234	-0.077010	-0.018551	1.319648	1.524927
3547946847.088446	242.926598	218.523165	278.812469	236.538002	224.862396	249.315194	212.183935	-0.071611	-0.052185	1.324536	1.490714
3547946847.752912	240.228145	237.454233	276.219574	242.372534	228.713432	238.083755	246.195033	-0.093450	-0.052185	1.304985	1.490714
3547946848.436396	238.334693	256.344458	274.163116	245.063777	262.321031	231.605608	250.367885	-0.082449	-0.082269	1.314761	1.461388
3547946849.114874	237.168675	275.419742	270.775925	232.094647	267.986422	242.242703	282.853061	-0.071611	-0.062081	1.324536	1.480938
3547946849.813367	237.474837	294.607979	267.001404	237.169150	303.602786	237.780524	285.613172	-0.087929	-0.057117	1.309873	1.485826
3547946850.480838	238.883428	314.391793	263.917023	238.674288	305.394223	239.092567	323.389363	-0.066251	-0.052185	1.329423	1.490714
3547946851.163319	241.167358	333.321060	261.931854	249.487660	336.752179	232.847057	329.889941	-0.077010	-0.057117	1.319648	1.485826
3547946851.834793	243.763957	350.739342	261.174652	247.454021	358.948083	240.073893	342.530601	-0.071611	-0.047286	1.324536	1.495601
3547946853.195755	251.756226	387.781214	251.694061	248.529824	379.379409	254.982629	396.183019	-0.082449	-0.067078	1.314761	1.476051
3547946853.852216	258.643152	407.466915	249.776855	267.641309	407.284772	249.644995	407.649058	-0.066251	-0.062081	1.329423	1.480938
3547946855.198166	277.055136	444.712424	235.247360	273.783077	453.096554	280.327195	436.328295	-0.029810	-0.077171	1.363636	1.466276
3547946855.913671	287.716931	459.001364	249.145706	295.089069	464.163880	280.344792	453.838847	-0.060931	-0.057117	1.334311	1.485826
3547946856.580141	287.488241	461.807860	317.494415	289.219399	470.639796	285.757082	452.975924	-0.071611	-0.067078	1.324536	1.476051
3547946857.270628	281.702315	462.769735	355.171448	283.238064	471.637738	280.166566	453.901732	-0.045201	-0.062081	1.348974	1.480938
3547946857.935097	268.282701	463.233016	0.809791	261.765411	457.026170	274.799991	469.439862	-0.071611	-0.067078	1.324536	1.476051
3547946859.311069	234.140483	462.081133	1.755813	225.294084	463.736800	242.986881	460.425465	-0.093450	-0.052185	1.304985	1.490714
3547946859.999555	216.260780	460.919699	3.183933	216.641733	469.911633	215.879826	451.927766	-0.077010	-0.057117	1.319648	1.485826
3547946860.660020	197.317513	459.300988	3.805239	202.861451	466.390752	191.773574	452.211225	-0.087929	-0.052185	1.309873	1.490714
3547946861.354508	179.022616	457.912108	1.921151	170.569356	461.001185	187.475876	454.823031	-0.045201	-0.062081	1.348974	1.480938
3547946862.046998	160.225191	457.593082	357.992798	161.559139	448.692487	158.891242	466.493676	0.019186	-0.013869	1.412512	1.529814
3547946862.769507	141.051827	458.922652	353.757324	132.532067	461.823288	149.571587	456.022015	0.103513	0.048674	1.505376	1.598240
3547946863.402956	122.044778	461.227869	351.306335	126.764619	453.564769	117.324937	468.890969	0.170607	0.110003	1.588465	1.671554
3547946864.089438	104.832768	464.232243	348.646271	104.198669	473.209878	105.466866	455.254609	0.231030	0.173313	1.671554	1.754643
3547946864.769919	87.632864	468.360512	344.376648	96.016458	465.087082	79.249270	471.633942	0.254199	0.211178	1.705767	1.808407
3547946866.839379	44.409567	486.420875	331.229187	53.214020	488.286784	35.605115	484.554966	0.285730	0.292315	1.754643	1.935484
3547946867.531868	32.045893	493.581536	328.796082	24.146137	497.893595	39.945649	489.269477	0.273331	0.312371	1.735093	1.969697
3547946868.213349	19.470065	501.293884	327.099976	16.179143	492.917140	22.760986	509.670627	0.270187	0.312371	1.730205	1.969697
3547946868.896831	16.905494	502.314947	27.471802	10.433433	508.568939	23.377556	496.060954	0.276457	0.298117	1.739980	1.945259
3547946869.562302	16.710279	501.654341	82.402092	10.771197	494.892144	22.649361	508.416538	0.273331	0.303861	1.735093	1.955034
3547946870.242779	17.708198	499.395969	136.948914	26.333337	496.825563	9.083060	501.966375	0.270187	0.289392	1.730205	1.930596
3547946870.928262	22.684838	497.120192	160.087036	21.480757	506.039283	23.888920	488.201100	0.273331	0.286454	1.735093	1.925709
3547946871.607742	37.560269	493.192946	166.730118	39.574430	501.964671	35.546108	484.421221	0.267026	0.262402	1.725318	1.886608
3547946872.277215	54.699223	489.733232	169.945190	52.046531	481.133044	57.351915	498.333419	0.270187	0.274551	1.730205	1.906158
3547946872.981712	73.325385	486.869486	172.661209	72.190929	495.797700	74.459841	477.941272	0.270187	0.268508	1.730205	1.896383
3547946873.696217	93.007044	484.756144	174.768570	101.260493	481.167194	84.753594	488.345094	0.270187	0.265463	1.730205	1.891496
3547946874.362686	112.142358	482.624866	172.851562	112.717665	491.606459	111.567052	473.643272	0.288787	0.283501	1.759531	1.920821
3547946877.075601	187.185686	465.492451	159.442062	180.861529	471.895968	193.509843	459.088933	0.327034	0.315179	1.823069	1.974585
3547946878.388526	220.604669	450.513157	154.044266	221.558904	459.462427	219.650435	441.563887	0.327034	0.326275	1.823069	1.994135
3547946879.077012	236.011133	442.888281	153.041504	228.980612	448.507158	243.041655	437.269405	0.318446	0.309548	1.808407	1.964809
3547946879.765498	252.966852	434.118617	150.960922	251.493244	425.240076	254.440461	442.997157	0.312644	0.300996	1.798631	1.950147
3547946881.158485	284.865467	413.920506	143.238281	293.474549	411.296826	276.256384	416.544187	0.279565	0.274551	1.744868	1.906158
3547946881.839962	287.192294	409.675656	69.519432	283.651141	401.401586	290.733447	417.949726	0.263847	0.265463	1.720430	1.891496
3547946882.497428	284.636900	408.304124	18.981863	283.449607	399.382782	285.824193	417.225465	0.254199	0.249998	1.705767	1.867058
3547946883.165897	273.339203	405.403822	14.469915	264.832870	408.343600	281.845536	402.464045	0.241075	0.246857	1.686217	1.862170
3547946883.847382	258.249259	401.718743	11.367460	266.634052	398.448385	249.864466	404.989102	0.241075	0.256232	1.686217	1.876833
3547946884.523858	242.806207	398.479468	9.088837	239.839285	406.976372	245.773129	389.982565	0.247675	0.227655	1.695992	1.832845
3547946885.212341	226.514874	396.220608	6.915796	221.193602	388.962230	231.836147	403.478987	0.217359	0.224395	1.652004	1.827957
3547946885.912836	209.733640	394.982517	3.166617	209.958839	403.979699	209.508440	385.985335	0.210402	0.204462	1.642229	1.798631
3547946886.617331	191.668459	394.921354	358.619446	187.529353	386.929620	195.807565	402.913087	0.210402	0.214509	1.642229	1.813294
3547946887.256784	173.347699	396.127650	354.369141	168.039367	403.395499	178.656030	388.859802	0.210402	0.234123	1.642229	1.842620
3547946887.937264	154.761382	399.080757	349.409058	160.505980	406.008931	149.016784	392.152583	0.220807	0.249998	1.656891	1.867058
3547946888.614741	138.295145	402.729180	345.393356	139.922662	393.877559	136.667628	411.580800	0.227642	0.265463	1.666667	1.891496
3547946889.289217	122.360328	407.300279	341.380508	114.539715	411.754268	130.180940	402.846291	0.217359	0.277550	1.652004	1.911046
3547946889.974700	107.243271	413.153651	338.737396	111.982780	405.502700	102.503762	420.804603	0.224235	0.309548	1.661779	1.964809
3547946891.377690	77.755813	426.140636	335.046051	69.717212	430.187969	85.794414	422.093304	0.231030	0.329015	1.671554	1.999022
3547946892.082186	63.189541	432.977360	333.948730	55.922000	427.668608	70.457082	438.286113	0.213891	0.315179	1.647116	1.974585
3547946892.741653	48.845661	440.347159	331.023346	57.082872	443.973224	40.608450	436.721093	0.192641	0.317974	1.617791	1.979472
3547946893.427138	34.544581	448.269649	330.539551	40.149822	455.311046	28.939341	441.228251	0.192641	0.320754	1.617791	1.984360
3547946894.109617	20.994280	456.039253	330.332001	25.028252	464.084566	16.960308	447.993939	0.189024	0.298117	1.612903	1.945259
3547946894.795100	17.471079	456.990874	24.551071	22.415860	449.470958	12.526298	464.510790	0.178041	0.295223	1.598240	1.940371
3547946895.469580	17.087417	456.537890	91.806801	22.889600	463.417909	11.285233	449.657871	0.174335	0.292315	1.593353	1.935484
3547946896.158066	17.190092	456.381285	144.092560	20.865706	448.166064	13.514478	464.596506	0.155459	0.277550	1.568915	1.911046
3547946897.537036	36.630822	457.335218	186.245361	43.632362	462.990167	29.629283	451.680270	0.159281	0.268508	1.573803	1.896383
3547946898.230525	52.893656	460.024559	189.106522	47.730752	452.652692	58.056560	467.396426	0.159281	0.265463	1.573803	1.891496
3547946898.904001	71.722693	463.834793	191.888596	73.961916	472.551781	69.483471	455.117805	0.132017	0.253123	1.539589	1.871945
3547946899.618505	88.951154	468.446419	196.188721	80.067287	467.005268	97.835020	469.887569	0.124003	0.240524	1.529814	1.852395
3547946900.990473	122.357952	480.984548	200.750046	125.119623	472.418734	119.596281	489.550363	0.103513	0.217822	1.505376	1.818182
3547946901.695969	139.003989	487.070850	198.949600	146.716263	491.709904	131.291715	482.431795	0.128023	0.230898	1.534702	1.837732
3547946902.375450	156.191191	492.544963	198.693443	162.476447	498.986667	149.905935	486.103259	0.139930	0.234123	1.549365	1.842620
3547946903.122977	173.075848	498.671945	199.765808	181.738470	496.230842	164.413226	501.113049	0.143849	0.221117	1.554252	1.823069
3547946903.819468	191.673816	505.472114	201.070724	191.594665	496.472462	191.752967	514.471766	0.151613	0.243698	1.564027	1.857283
3547946904.554986	209.602389	512.378114	201.977036	202.468745	506.890753	216.736032	517.865475	0.181725	0.234123	1.603128	1.842620
3547946905.237471	228.406420	519.932852	203.078552	220.286127	523.813682	236.526713	516.052021	0.185386	0.246857	1.608016	1.862170
3547946906.036031	245.812255	527.595751	205.595474	254.668704	529.196785	236.955806	525.994717	0.203362	0.243698	1.632454	1.857283
3547946907.374976	280.555583	548.343045	213.312286	283.352607	539.788710	277.758558	556.897381	0.220807	0.214509	1.656891	1.813294
3547946908.035443	288.265063	555.250417	254.511749	288.649644	564.242197	287.880481	546.258638	0.199810	0.221117	1.627566	1.823069
3547946908.713921	287.940812	559.431254	292.524048	291.076981	567.867156	284.804643	550.995352	0.213891	0.221117	1.647116	1.823069
3547946909.407409	286.031507	561.738313	322.276886	277.342474	564.083673	294.720540	559.392953	0.210402	0.211178	1.642229	1.808407
3547946910.099898	282.506022	563.139378	346.612671	274.755894	558.563843	290.256150	567.714913	0.206892	0.204462	1.637341	1.798631
3547946910.787385	272.130397	565.519658	346.398529	265.529631	559.401660	278.731163	571.637655	0.192641	0.204462	1.617791	1.798631
3547946911.502891	256.892992	568.365586	346.994934	247.995475	567.011262	265.790509	569.719909	0.199810	0.194249	1.627566	1.783969
3547946912.198380	242.011665	571.460130	347.734863	234.527570	576.458963	249.495759	566.461297	0.196236	0.201076	1.622678	1.793744
3547946913.065992	226.734682	574.982990	347.027924	217.797335	573.922875	235.672028	576.043105	0.224235	0.180369	1.661779	1.764418
3547946913.710445	210.675093	579.007947	344.080414	219.649102	578.324442	201.701085	579.691453	0.234398	0.207829	1.676442	1.803519
3547946919.980869	195.384945	569.981019	103.735184	195.948212	578.963376	194.821678	560.998662	0.318446	0.326275	1.808407	1.994135
3547946920.687368	199.083221	553.010155	101.886398	190.291131	551.086837	207.875311	554.933472	0.327034	0.329015	1.823069	1.999022
3547946922.154403	204.218982	515.293078	94.742813	199.943432	507.373503	208.494532	523.212653	0.354688	0.323522	1.871945	1.989247
3547946922.835883	204.795584	495.176006	89.650261	195.854898	496.207567	213.736271	494.144446	0.338272	0.331742	1.842620	2.003910
3547946924.165822	200.903602	457.631339	78.024475	196.468116	465.462460	205.339088	449.800218	0.362705	0.334455	1.886608	2.008798
3547946924.852306	196.471422	440.925585	71.992920	194.125435	449.614448	198.817408	432.236721	0.365349	0.345178	1.891496	2.028348
3547946926.196255	182.429827	407.636115	61.137539	191.361259	408.744951	173.498394	406.527279	0.413122	0.363454	1.984360	2.062561
3547946926.899752	173.076308	391.655684	56.760220	171.186511	382.856327	174.966104	400.455040	0.420260	0.345178	1.999022	2.028348
3547946927.623260	163.099556	377.257660	52.696430	157.228652	384.079132	168.970461	370.436187	0.429615	0.331742	2.018573	2.003910
3547946929.013242	138.292474	352.460137	36.171488	147.284088	352.071707	129.300860	352.848567	0.427293	0.303861	2.013685	1.955034
3547946929.730748	124.426810	344.207312	22.897396	131.511566	349.757648	117.342054	338.656976	0.408305	0.298117	1.974585	1.945259
3547946930.407226	108.514127	339.204123	13.802961	100.012086	336.251954	117.016168	342.156293	0.396051	0.289392	1.950147	1.930596
3547946931.060686	92.207834	336.006538	6.888499	87.086651	328.605626	97.329016	343.407449	0.396051	0.289392	1.950147	1.930596
3547946931.740166	76.630397	335.000934	2.130318	69.002816	339.777963	84.257978	330.223905	0.367980	0.274551	1.896383	1.906158
3547946932.436657	61.166590	335.468781	356.962799	69.483798	332.030171	52.849381	338.907392	0.351988	0.262402	1.867058	1.886608
3547946933.142155	45.165278	337.391067	350.404480	54.103854	336.341369	36.226702	338.440764	0.338272	0.249998	1.842620	1.867058
3547946933.897687	30.117424	340.741193	343.929169	39.091970	341.417596	21.142878	340.064790	0.321324	0.240524	1.813294	1.852395
3547946934.598182	16.884702	345.108153	322.419830	8.618405	348.667415	25.150998	341.548892	0.306777	0.243698	1.788856	1.857283
3547946935.309684	16.350091	346.018171	247.740494	12.473324	354.140404	20.226859	337.895938	0.285730	0.237332	1.754643	1.847507
3547946935.972152	22.211983	350.138053	213.749557	21.123342	341.204137	23.300624	359.071970	0.276457	0.194249	1.739980	1.783969
3547946938.034606	71.176629	374.098820	191.378677	68.876175	382.799849	73.477084	365.397790	0.250946	0.197672	1.700880	1.788856
3547946938.696074	91.005085	376.644351	180.398819	99.741191	378.807782	82.268978	374.480920	0.224235	0.180369	1.661779	1.764418
3547946940.759531	146.625418	356.396315	145.199013	140.926131	349.430820	152.324706	363.361810	0.196236	0.155323	1.622678	1.730205
3547946941.467029	163.066282	343.083246	139.159195	155.856450	337.696380	170.276114	348.470111	0.181725	0.147984	1.603128	1.720430
3547946942.178529	178.754492	327.568996	129.775696	186.180483	332.653744	171.328501	322.484248	0.199810	0.173313	1.627566	1.754643
3547946942.845002	192.321174	310.487223	120.326263	185.022789	305.220956	199.619559	315.753491	0.199810	0.217822	1.627566	1.818182
3547946943.542495	201.376849	289.849349	110.248680	203.975739	298.465948	198.777959	281.232751	0.217359	0.283501	1.652004	1.920821
3547946944.242986	207.529351	270.103591	101.073105	202.885618	262.394133	212.173083	277.813050	0.227642	0.286454	1.666667	1.925709
3547946946.336463	208.488210	212.947568	85.004280	210.110795	221.800094	206.865625	204.095042	0.213891	0.292315	1.647116	1.935484
3547946947.048965	207.475153	194.915245	87.693329	209.886710	186.244351	205.063595	203.586138	0.185386	0.286454	1.608016	1.925709
3547946949.119426	209.085183	141.316583	92.442413	217.838712	143.408406	200.331653	139.224761	0.163080	0.268508	1.578690	1.896383
3547946949.777891	209.910228	123.999725	92.349098	218.430758	126.898098	201.389698	121.101351	0.155459	0.256232	1.568915	1.876833
3547946951.847351	214.722762	74.656038	97.897285	219.099956	82.519890	210.345567	66.792186	0.128023	0.224395	1.534702	1.827957
3547946952.563856	217.506805	57.322517	96.816071	212.625126	64.883549	222.388485	49.761485	0.111789	0.217822	1.515152	1.818182
3547946953.226324	220.616646	38.469156	99.841988	226.338379	31.522087	214.894913	45.416225	0.099335	0.204462	1.500489	1.798631
3547946956.047315	238.839092	16.809687	226.788513	233.803147	9.350514	243.875038	24.268859	0.082347	0.155323	1.480938	1.730205
3547946956.758815	250.159228	29.469824	229.798523	254.172971	37.525249	246.145486	21.414399	0.090897	0.151664	1.490714	1.725318
3547946957.451305	261.382705	43.575355	233.128815	255.929164	36.415824	266.836247	50.734886	0.060471	0.151664	1.456500	1.725318
3547946958.157804	272.225151	58.801576	236.907776	280.868482	61.310129	263.581821	56.293023	0.051513	0.173313	1.446725	1.754643
3547946958.838284	282.578844	75.720715	240.189362	273.670038	74.442761	291.487651	76.998669	0.051513	0.136818	1.446725	1.705767
3547946959.524768	287.967038	87.063649	274.040009	293.911289	93.821302	282.022787	80.305995	0.051513	0.117776	1.446725	1.681329
3547946960.184233	287.219349	88.430636	338.131744	295.471519	84.838744	278.967179	92.022528	0.037848	0.121628	1.432063	1.686217
3547946961.530182	265.366084	88.109915	5.636045	270.792247	80.929612	259.939921	95.290218	0.023900	0.121628	1.417400	1.686217
3547946962.216665	249.412824	85.907493	8.919654	245.057579	93.783523	253.768068	78.031463	0.014439	0.125459	1.407625	1.691105
3547946962.911158	233.155286	82.415790	12.866893	230.491114	73.819152	235.819457	91.012429	0.019186	0.094181	1.412512	1.652004
3547946963.635668	215.786010	77.562378	15.735061	216.029857	86.559074	215.542163	68.565682	0.009660	0.077980	1.402737	1.632454
3547946964.335164	198.058489	71.995067	18.064224	204.422027	65.630682	191.694951	78.359451	0.009660	0.073869	1.402737	1.627566
3547946966.402619	144.170317	51.768437	24.505425	149.453081	44.481983	138.887554	59.054891	-0.004881	0.069733	1.388074	1.622678
3547946967.117123	127.992758	43.578942	29.725825	136.928783	44.650140	119.056734	42.507743	-0.009796	0.052938	1.383187	1.603128
3547946967.801611	113.381663	34.791290	35.570770	121.018672	39.553233	105.744655	30.029347	-0.004881	0.065572	1.388074	1.617791
3547946968.500099	98.479179	23.719326	39.647961	90.114711	27.041327	106.843646	20.397326	-0.019732	0.044385	1.373412	1.593353
3547946972.018583	87.265650	20.980624	268.212708	95.577928	24.431137	78.953372	17.530110	-0.029810	0.057175	1.363636	1.608016
3547946972.689056	87.656394	37.444923	269.863892	90.428279	28.882408	84.884510	46.007437	-0.029810	0.035727	1.363636	1.583578
3547946973.388549	87.695958	57.423262	269.943481	89.778298	48.667472	85.613619	66.179052	-0.024753	0.013608	1.368524	1.559140
3547946974.088042	87.951861	77.686743	268.273376	96.458057	80.626920	79.445666	74.746566	-0.029810	0.026962	1.363636	1.573803
3547946974.757515	88.969636	98.464529	266.444153	83.953246	105.936867	93.986026	90.992191	-0.014747	0.022538	1.378299	1.568915
3547946976.145493	93.462627	143.450131	262.173981	102.362899	144.786226	84.562355	142.114035	-0.034904	0.004565	1.358749	1.549365
3547946976.873007	96.761169	165.054426	260.328583	93.061704	173.258934	100.460635	156.849918	-0.034904	0.018087	1.358749	1.564027
3547946977.615531	99.933501	187.368435	261.319733	104.771554	194.957456	95.095449	179.779413	-0.014747	0.022538	1.378299	1.568915
3547946978.300016	103.173085	211.415007	262.047791	111.834432	213.860628	94.511737	208.969387	-0.050407	0.009100	1.344086	1.554252
3547946979.653969	109.450188	252.160570	260.336487	105.815686	260.394062	113.084690	243.927078	-0.029810	0.009100	1.363636	1.554252
3547946980.358466	113.267444	271.850062	258.134674	108.763721	264.057984	117.771167	279.642140	-0.029810	0.018087	1.363636	1.564027
3547946981.043949	117.462516	292.142915	257.498291	118.471152	283.199613	116.453880	301.086218	-0.000000	0.004565	1.392962	1.549365
3547946982.523993	128.255745	330.181607	252.361786	120.519863	325.582027	135.991626	334.781187	-0.045201	0.009100	1.348974	1.554252
3547946983.232492	134.666081	349.772843	253.544777	127.482678	355.194901	141.849484	344.350784	-0.024753	0.004565	1.368524	1.549365
3547946983.914974	141.122376	370.891153	252.235428	134.027818	365.353352	148.216934	376.428954	-0.045201	0.004565	1.348974	1.549365
3547946984.650495	148.334136	392.387807	249.079102	155.346335	398.029532	141.321937	386.746082	-0.071611	-0.004594	1.324536	1.539589
3547946985.327971	157.297012	413.325644	243.664040	166.134013	411.620532	148.460010	415.030756	-0.066251	-0.023263	1.329423	1.520039
3547946986.050481	167.631422	432.152330	237.501175	176.199869	429.398836	159.062976	434.905824	-0.050407	0.026962	1.344086	1.573803
3547946986.706944	179.968766	449.445759	231.555359	187.142775	444.011277	172.794756	454.880240	-0.071611	0.000000	1.324536	1.544477
3547946987.392427	195.694831	467.254907	224.740417	204.633780	466.208395	186.755881	468.301419	-0.045201	-0.004594	1.348974	1.539589
3547946988.842452	230.601310	495.462333	215.096497	221.648639	494.540550	239.553981	496.384115	0.004847	0.013608	1.397849	1.559140
3547946989.596987	249.072306	507.958493	211.570419	257.025616	512.170958	241.118997	503.746027	0.051513	0.065572	1.446725	1.617791
3547946990.253447	270.354131	519.600384	205.901688	279.281227	518.457161	261.427035	520.743606	0.115886	0.106082	1.520039	1.666667
3547946990.940932	289.825255	528.030791	218.816177	297.826880	523.910841	281.823630	532.150742	0.163080	0.155323	1.578690	1.730205
3547946997.805774	250.569607	543.488366	346.791962	242.127748	540.368269	259.011467	546.608463	0.396051	0.393413	1.950147	2.121212
3547946998.476249	236.930497	546.576062	344.724915	243.693667	540.638089	230.167326	552.514035	0.398526	0.388535	1.955034	2.111437
3547946999.143718	222.570367	550.007636	345.653931	221.862450	541.035521	223.278284	558.979751	0.386024	0.388535	1.930596	2.111437
3547946999.837212	207.396707	553.818508	345.879822	204.697246	545.232886	210.096168	562.404131	0.391063	0.376142	1.940371	2.086999
3547947000.545709	193.147224	557.482518	344.989868	198.119447	549.980718	188.175001	564.984318	0.378370	0.388535	1.915934	2.111437
3547947001.982721	163.628265	565.823359	341.963867	159.554439	573.848565	167.702092	557.798152	0.338272	0.353086	1.842620	2.043011
3547947002.650192	148.371144	570.372529	340.774719	139.406036	569.580800	157.336252	571.164257	0.332683	0.342517	1.832845	2.023460
3547947003.298650	133.937720	575.649096	338.220581	141.838677	571.339237	126.036764	579.958955	0.321324	0.331742	1.813294	2.003910
3547947006.012567	116.298544	572.864292	98.106033	122.210381	579.650321	110.386707	566.078264	0.279565	0.295223	1.744868	1.940371
3547947006.735075	119.050240	555.685842	100.869339	116.062656	547.196181	122.037824	564.175503	0.267026	0.265463	1.725318	1.891496
3547947007.453582	121.759685	538.242604	101.119682	116.762031	530.757722	126.757338	545.727487	0.263847	0.256232	1.720430	1.876833
3547947008.138063	125.669479	516.171617	97.827091	129.484350	524.323105	121.854608	508.020129	0.250946	0.265463	1.700880	1.891496
3547947008.809537	127.729367	494.502741	91.912743	134.226539	500.730642	121.232195	488.274840	0.224235	0.256232	1.661779	1.876833
3547947010.184507	123.939356	454.393579	77.150330	115.086881	456.016440	132.791832	452.770719	0.227642	0.246857	1.666667	1.862170
3547947010.865988	118.348512	435.011832	69.916725	111.881739	428.752371	124.815284	441.271294	0.203362	0.211178	1.632454	1.808407
3547947012.231954	98.900432	400.217633	52.284325	90.788774	404.116479	107.012091	396.318787	0.199810	0.211178	1.627566	1.808407
3547947012.960466	87.172362	386.739421	45.833961	78.525025	389.234129	95.819699	384.244713	0.178041	0.180369	1.598240	1.764418
3547947013.715005	73.466452	373.735002	40.929478	74.264361	382.699562	72.668542	364.770442	0.174335	0.190808	1.593353	1.779081
3547947015.058947	44.059393	351.198314	30.646252	50.322509	344.735082	37.796277	357.661547	0.151613	0.169755	1.564027	1.749756
3547947015.726417	29.603688	343.261291	24.511106	34.844972	335.944944	24.362404	350.577639	0.143849	0.144284	1.554252	1.715543
3547947016.438920	16.387343	337.762294	37.099716	21.464636	330.331204	11.310051	345.193385	0.135986	0.144284	1.544477	1.715543
3547947017.123403	15.616128	335.707172	103.839371	17.110494	344.582242	14.121763	326.832101	0.107664	0.144284	1.510264	1.715543
3547947017.836906	20.048539	330.375048	132.122604	18.475248	321.513628	21.621830	339.236467	0.111789	0.140562	1.515152	1.710655
3547947018.556414	31.348583	318.704449	135.244110	32.743570	327.595682	29.953596	309.813217	0.107664	0.125459	1.510264	1.691105
3547947019.250905	47.236521	305.674072	136.169037	55.176485	309.911639	39.296557	301.436505	0.132017	0.133054	1.539589	1.700880
3547947019.969411	63.217469	287.162177	130.957275	70.739806	282.221080	55.695132	292.103274	0.086636	0.110003	1.485826	1.671554
3547947020.652893	78.610039	270.181332	125.724472	78.063483	261.197943	79.156596	279.164721	0.090897	0.102138	1.490714	1.661779
3547947021.368398	90.454648	249.945869	114.698639	81.458835	250.220390	99.450460	249.671348	0.082347	0.117776	1.480938	1.681329
3547947022.750374	102.724711	208.381609	97.785179	106.194686	216.685781	99.254735	200.077437	0.078030	0.090167	1.476051	1.647116
3547947023.427854	103.663414	186.259016	86.628883	112.415865	184.162682	94.910964	188.355351	0.099335	0.090167	1.500489	1.647116
3547947024.082314	100.472033	164.701350	76.656387	91.908289	161.933268	109.035777	167.469433	0.073684	0.106082	1.471163	1.666667
3547947024.785809	94.501498	146.513873	67.199265	102.971245	149.557453	86.031750	143.470293	0.060471	0.113901	1.456500	1.676442
3547947025.473294	85.456643	129.083248	57.885231	76.702410	126.994374	94.210877	131.172122	0.060471	0.057175	1.456500	1.608016
3547947026.158777	73.315555	112.510066	48.345810	81.773372	115.586643	64.857738	109.433489	0.037848	0.077980	1.432063	1.632454
3547947026.860273	59.861817	99.530541	39.889587	52.535234	104.757508	67.188401	94.303575	0.042434	0.069733	1.436950	1.622678
3547947027.563768	44.488595	87.575031	35.951324	53.347996	89.159647	35.629194	85.990415	0.019186	0.065572	1.412512	1.617791
3547947028.258258	28.741504	76.633935	31.487616	28.096855	67.657052	29.386153	85.610818	0.033230	0.069733	1.427175	1.622678
3547947028.917725	16.965918	68.915337	55.945675	22.069908	61.502559	11.861927	76.328115	0.023900	0.065572	1.417400	1.617791
3547947030.982183	26.733379	44.931651	121.886047	21.387060	52.171600	32.079698	37.691701	0.014439	0.044385	1.407625	1.593353
3547947031.699686	35.982585	30.462743	122.289131	33.904662	39.219583	38.060507	21.705904	0.009660	0.073869	1.402737	1.627566
3547947033.713108	57.424574	14.548481	211.048126	62.216061	22.166988	52.633087	6.929974	-0.004881	0.035727	1.388074	1.583578
3547947034.390585	71.194774	23.894486	215.362411	62.314530	25.357794	80.075018	22.431179	-0.000000	0.022538	1.392962	1.568915
3547947035.109092	87.707720	35.199431	212.388153	96.220207	32.277518	79.195233	38.121343	-0.009796	0.031358	1.383187	1.578690
3547947035.806583	106.813329	45.979210	207.049835	109.432398	37.368723	104.194260	54.589696	-0.000000	-0.004594	1.392962	1.539589
3547947036.547106	127.481448	55.172002	201.409309	124.417532	46.709590	130.545363	63.634414	-0.004881	0.026962	1.388074	1.573803
3547947037.982119	175.182401	69.285748	190.024872	166.190144	68.912502	184.174659	69.658994	0.023900	0.004565	1.417400	1.549365
3547947038.632578	197.811526	72.126238	183.477448	189.228858	69.417396	206.394193	74.835081	0.009660	0.013608	1.402737	1.559140
3547947039.308053	220.331088	72.440246	177.817520	211.781017	75.250279	228.881159	69.630212	-0.034904	0.022538	1.358749	1.568915
3547947040.038570	243.445297	70.739721	172.437531	240.358664	79.193873	246.531930	62.285568	-0.019732	0.009100	1.373412	1.554252
3547947044.929019	270.081092	58.133549	7.050671	263.832142	51.656619	276.330041	64.610480	-0.024753	0.000000	1.368524	1.544477
3547947045.612501	252.177817	55.719639	8.397061	244.472726	60.370614	259.882908	51.068663	-0.034904	-0.013869	1.358749	1.529814
3547947046.307992	234.347695	53.441610	6.712598	230.600664	45.258716	238.094726	61.624505	-0.055650	-0.028006	1.339198	1.515152
3547947046.998480	215.315872	51.514988	4.519070	224.148220	53.244041	206.483524	49.785936	-0.040034	-0.023263	1.353861	1.520039
3547947047.687966	196.142839	50.411889	2.211706	188.928867	55.793210	203.356810	45.030567	-0.050407	-0.004594	1.344086	1.539589
3547947048.352436	177.843739	50.309833	0.488597	173.619250	42.362903	182.068227	58.256763	-0.029810	-0.013869	1.363636	1.529814
3547947049.041922	157.047111	50.695899	357.142914	164.613772	45.822949	149.480450	55.568850	-0.024753	-0.009216	1.368524	1.534702
3547947049.695383	137.502340	52.607392	351.719757	138.745930	43.693724	136.258751	61.521061	-0.040034	-0.018551	1.353861	1.524927
3547947051.806877	78.113010	72.829381	332.957916	78.570958	63.841040	77.655063	81.817723	-0.034904	-0.013869	1.358749	1.529814
3547947052.486351	60.093192	82.874203	330.060944	61.825744	91.705865	58.360641	74.042540	-0.055650	-0.018551	1.339198	1.524927
3547947053.174837	43.496225	93.623797	324.347443	49.718658	100.126207	37.273792	87.121387	-0.045201	-0.028006	1.348974	1.515152
3547947053.827297	27.159631	106.876465	317.425629	28.279655	115.806501	26.039606	97.946429	-0.066251	-0.004594	1.329423	1.539589
3547947057.442850	23.512646	111.757931	158.359665	14.890420	109.177772	32.134872	114.338090	-0.071611	-0.023263	1.324536	1.520039
3547947058.101316	40.825632	106.293975	163.415573	40.351056	97.306496	41.300208	115.281454	-0.050407	-0.018551	1.344086	1.524927
3547947058.783795	60.849341	100.514920	161.756165	69.843556	100.837565	51.855126	100.192275	-0.055650	-0.032779	1.339198	1.510264
3547947059.482287	82.283464	93.044064	159.429871	75.881709	99.370005	88.685219	86.718123	-0.034904	-0.023263	1.358749	1.520039
3547947060.150759	104.031490	84.368736	156.949203	105.202027	75.445180	102.860953	93.292291	-0.050407	-0.032779	1.344086	1.510264
3547947060.849253	125.579391	74.801355	154.826660	132.565213	80.475708	118.593568	69.127002	-0.050407	-0.067078	1.344086	1.476051
3547947062.281263	164.400445	53.054018	145.598251	156.441759	48.851719	172.359131	57.256318	-0.066251	-0.028006	1.329423	1.515152
3547947062.984760	183.075330	39.264519	139.563148	174.328443	37.145092	191.822216	41.383945	-0.045201	-0.052185	1.348974	1.490714
3547947063.680248	199.976997	22.222343	131.489502	203.951464	14.147468	196.002530	30.297218	-0.066251	-0.047286	1.329423	1.495601
3547947065.896813	226.589364	20.826908	225.114349	234.528349	16.587506	218.650380	25.066309	-0.060931	-0.023263	1.334311	1.520039
3547947066.594307	239.408309	34.539952	227.357910	231.145483	30.972641	247.671136	38.107262	-0.066251	-0.032779	1.329423	1.510264
3547947067.285791	253.899898	49.843874	224.575134	262.889210	50.282365	244.910586	49.405384	-0.060931	-0.037583	1.334311	1.505376
3547947068.724807	286.960960	77.712197	221.960114	278.969012	81.850889	294.952908	73.573506	-0.050407	-0.032779	1.344086	1.510264
3547947069.397281	288.687932	83.940345	283.732910	281.165816	78.998911	296.210048	88.881778	-0.060931	-0.042419	1.334311	1.500489
3547947070.090771	285.326237	89.870002	304.585114	283.986866	98.769782	286.665608	80.970222	-0.071611	-0.052185	1.324536	1.490714
3547947070.752238	276.743116	101.382537	306.157959	285.645622	102.703669	267.840610	100.061406	-0.055650	-0.047286	1.339198	1.495601
3547947072.118206	254.407051	131.139742	305.487091	260.558925	137.708947	248.255177	124.570538	-0.060931	-0.057117	1.334311	1.485826
3547947072.801688	242.904317	147.562444	302.915588	234.179896	145.352358	251.628738	149.772531	-0.071611	-0.052185	1.324536	1.490714
3547947073.499176	231.987641	166.073070	296.650146	223.225381	164.018124	240.749901	168.128016	-0.082449	-0.042419	1.314761	1.500489
3547947074.240699	223.719579	185.176999	288.172913	230.502511	179.261608	216.936648	191.092389	-0.077010	-0.032779	1.319648	1.510264
3547947074.994230	218.645398	207.283277	277.790131	209.905111	205.136793	227.385684	209.429762	-0.077010	-0.052185	1.319648	1.490714
3547947076.359194	218.411338	252.521171	262.911194	225.898768	247.527336	210.923907	257.515005	-0.066251	-0.004594	1.329423	1.539589
3547947077.098714	222.283653	271.631642	255.069748	227.370953	279.055885	217.196353	264.207400	-0.071611	-0.067078	1.324536	1.476051
3547947077.789202	229.466789	293.602336	246.723740	220.519923	294.578857	238.413655	292.625816	-0.087929	-0.052185	1.309873	1.490714
3547947078.462677	239.957217	314.604467	239.294197	235.382937	306.853599	244.531497	322.355336	-0.071611	-0.047286	1.324536	1.495601
3547947079.128150	253.326886	332.479055	228.885834	249.408712	340.581395	257.245060	324.376715	-0.082449	-0.047286	1.314761	1.495601
3547947079.909698	268.056175	347.499234	221.094727	259.723654	344.097897	276.388696	350.900571	-0.071611	-0.042419	1.324536	1.500489
3547947082.009182	285.992306	372.952997	305.584167	292.751929	378.895008	279.232683	367.010985	-0.082449	-0.047286	1.314761	1.495601
3547947082.697666	276.726608	383.901345	311.114471	277.596437	392.859213	275.856780	374.943477	-0.060931	-0.042419	1.334311	1.500489
3547947083.353127	265.182832	397.916193	308.935425	257.334518	393.511201	273.031147	402.321185	-0.060931	-0.037583	1.334311	1.505376
3547947084.028606	253.723080	413.590695	304.816742	254.462536	422.560266	252.983624	404.621124	-0.050407	-0.057117	1.344086	1.485826
3547947084.727098	243.525879	429.734897	299.795135	252.295068	431.760072	234.756691	427.709723	-0.045201	-0.037583	1.348974	1.505376
3547947085.395571	234.683531	448.183182	291.742676	230.969028	456.380893	238.398033	439.985471	-0.000000	-0.018551	1.392962	1.524927
3547947086.131089	228.865895	466.908222	282.553741	230.562067	458.069500	227.169724	475.746943	0.037848	-0.013869	1.432063	1.529814
3547947086.793555	226.277985	490.140994	270.586365	222.695483	481.884743	229.860487	498.397245	0.073684	0.013608	1.471163	1.559140
3547947087.507059	228.438409	511.930695	257.731079	227.356697	502.995937	229.520121	520.865453	0.095130	0.004565	1.495601	1.549365
3547947088.890034	247.599390	548.111003	230.724991	256.450630	549.740587	238.748150	546.481418	0.128023	0.057175	1.534702	1.608016
3547947089.589527	258.072509	560.370256	229.442474	259.026609	569.319540	257.118410	551.420971	0.139930	0.069733	1.549365	1.622678
3547947090.275011	270.900541	573.185447	221.107330	262.525814	569.889399	279.275269	576.481496	0.139930	0.077980	1.549365	1.632454
3547947091.701017	288.350917	580.228822	110.675873	294.286258	586.994302	282.415576	573.463341	0.147743	0.098171	1.559140	1.656891
3547947092.422527	287.945958	577.901285	45.225025	279.425960	575.001350	296.465957	580.801219	0.151613	0.090167	1.564027	1.647116
3547947093.084993	288.565481	577.551870	326.562164	290.030182	568.671856	287.100780	586.431884	0.159281	0.106082	1.573803	1.666667
3547947095.187476	285.595226	581.814337	164.964523	276.599525	582.092474	294.590928	581.536200	0.155459	0.133054	1.568915	1.700880
3547947095.869958	286.157999	580.975955	91.296989	287.864821	589.812626	284.451177	572.139284	0.159281	0.140562	1.573803	1.710655
3547947096.563447	286.061940	580.801798	25.334904	284.254846	571.985086	287.869035	589.618510	0.155459	0.117776	1.568915	1.681329
3547947097.953429	285.672420	581.371012	260.442413	282.928805	589.942627	288.416036	572.799398	0.151613	0.125459	1.564027	1.691105
3547947098.666931	286.086323	581.355964	199.724304	294.842771	579.276392	277.329875	583.435536	0.155459	0.133054	1.568915	1.700880
3547947099.420463	287.127824	580.997002	124.683464	294.603513	575.985609	279.652134	586.008395	0.147743	0.129267	1.559140	1.695992
3547947100.146978	287.102856	580.578485	46.512264	281.935064	587.946927	292.270647	573.210044	0.139930	0.147984	1.549365	1.720430
3547947100.810446	286.699653	580.823022	341.472412	279.320807	585.975946	294.078500	575.670098	0.139930	0.144284	1.549365	1.715543
3547947105.754931	281.400033	581.943385	283.071899	278.495905	573.424814	284.304162	590.461955	0.135986	0.140562	1.544477	1.710655
3547947109.895856	285.328064	580.739368	200.466583	290.375225	573.287781	280.280902	588.190956	0.174335	0.151664	1.593353	1.725318
3547947110.588342	286.427646	581.940226	260.480865	284.015575	590.610976	288.839718	573.269476	0.128023	0.144284	1.534702	1.715543
3547947111.283834	286.725562	581.566429	323.266571	283.916067	590.116676	289.535057	573.016181	0.132017	0.155323	1.539589	1.730205
3547947111.978322	288.198409	581.142730	22.560015	293.046503	588.725341	283.350315	573.560120	0.139930	0.151664	1.549365	1.725318
3547947112.639790	279.957087	575.586914	38.424957	273.983175	568.855468	285.930999	582.318361	0.128023	0.147984	1.534702	1.720430
3547947113.313264	268.953457	566.967784	37.880463	267.330231	558.115375	270.576682	575.820192	0.139930	0.136818	1.549365	1.705767
3547947113.998747	256.682455	557.044658	37.150330	261.377293	549.366214	251.987617	564.723101	0.143849	0.173313	1.554252	1.754643
3547947114.664221	243.979222	547.425377	38.020267	241.138252	538.885535	246.820192	555.965218	0.151613	0.180369	1.564027	1.764418
3547947116.081217	216.331945	525.782806	36.198277	225.309928	525.153670	207.353961	526.411941	0.151613	0.176851	1.564027	1.759531
3547947116.777709	200.798315	515.278437	32.271778	194.002150	509.378256	207.594481	521.178619	0.151613	0.144284	1.564027	1.715543
3547947117.465194	183.464490	505.425427	27.050810	175.001749	508.488434	191.927230	502.362419	0.166855	0.151664	1.583578	1.725318
3547947118.198710	166.890963	497.940677	21.993811	166.914922	506.940645	166.867004	488.940709	0.151613	0.151664	1.564027	1.725318
3547947118.873187	147.566901	491.077870	16.147326	151.395170	499.223075	143.738632	482.932666	0.163080	0.190808	1.578690	1.779081
3547947119.605704	129.579125	486.622271	11.333817	138.069180	483.635806	121.089071	489.608736	0.151613	0.155323	1.564027	1.730205
3547947120.271173	111.725815	483.623389	5.071057	120.153102	480.464145	103.298527	486.782634	0.155459	0.166177	1.568915	1.744868
3547947120.989684	93.386658	483.062103	357.259186	100.336917	477.344245	86.436399	488.779961	0.159281	0.144284	1.573803	1.715543
3547947121.674164	75.962704	484.981846	348.663208	75.480746	493.968932	76.444662	475.994760	0.151613	0.158962	1.564027	1.735093
3547947122.370655	58.827984	488.943127	344.053467	67.817150	488.501663	49.838818	489.384591	0.143849	0.144284	1.554252	1.715543
3547947123.095167	43.436513	493.706626	341.191315	34.917801	496.610339	51.955224	490.802913	0.143849	0.140562	1.554252	1.710655
3547947123.816676	28.611081	498.779975	341.039154	19.750667	500.358921	37.471495	497.201028	0.103513	0.144284	1.505376	1.715543
3547947124.523172	16.422822	502.566290	358.614716	12.321565	494.555067	20.524079	510.577513	0.128023	0.144284	1.534702	1.715543
3547947127.226079	12.871457	500.339756	138.762802	8.300511	492.586921	17.442404	508.092591	0.111789	0.136818	1.515152	1.705767
3547947127.931578	15.046615	499.786770	176.378708	11.135821	491.680866	18.957409	507.892675	0.119958	0.125459	1.524927	1.691105
3547947128.648082	26.965327	500.228833	186.704086	35.747073	502.198842	18.183580	498.258824	0.111789	0.121628	1.515152	1.686217
3547947129.369594	46.010536	502.574928	187.892059	51.118284	495.164739	40.902787	509.985118	0.099335	0.113901	1.500489	1.676442
3547947130.812610	89.308739	505.800230	178.317108	83.149843	512.362852	95.467634	499.237608	0.086636	0.117776	1.485826	1.681329
3547947131.505100	112.241750	503.206238	168.393951	120.788416	500.385868	103.695083	506.026609	0.086636	0.133054	1.485826	1.700880
3547947132.206596	135.042486	496.208849	155.938049	143.226128	492.463451	126.858844	499.954246	0.090897	0.106082	1.490714	1.666667
3547947132.909089	155.685311	484.251518	142.538223	163.959917	487.791420	147.410706	480.711617	0.099335	0.110003	1.500489	1.671554
3547947133.629597	172.789191	468.283897	128.245346	168.008876	475.909419	177.569507	460.658375	0.099335	0.129267	1.500489	1.695992
3547947134.305074	185.241443	448.954876	115.804886	181.456568	457.120335	189.026318	440.789417	0.103513	0.113901	1.505376	1.676442
3547947134.985554	193.409862	428.276755	106.580872	195.490380	419.520531	191.329345	437.032978	0.107664	0.110003	1.510264	1.671554
3547947136.605697	199.382365	386.620987	86.833809	207.525088	382.787443	191.239642	390.454531	0.124003	0.106082	1.529814	1.666667
3547947137.996678	185.643626	337.982303	61.136787	194.574222	339.097850	176.713029	336.866755	0.143849	0.117776	1.554252	1.681329
3547947138.719188	174.141739	320.506042	52.009314	165.276137	322.055595	183.007340	318.956488	0.220807	0.147984	1.656891	1.720430
3547947139.434696	159.172265	304.664519	42.149668	167.865519	306.994183	150.479011	302.334854	0.234398	0.166177	1.676442	1.744868
3547947140.107168	140.965774	290.180697	31.701323	138.431937	281.544745	143.499611	298.816649	0.285730	0.166177	1.754643	1.744868
3547947140.780642	122.912401	280.423006	20.570820	114.014091	281.772111	131.810711	279.073902	0.263847	0.158962	1.720430	1.735093
3547947141.486142	105.148096	278.470325	4.416865	113.757943	281.091497	96.538249	275.849154	0.270187	0.176851	1.730205	1.759531
3547947142.209651	86.344215	279.675372	347.844482	79.451913	285.462960	93.236518	273.887785	0.267026	0.162580	1.725318	1.739980
3547947142.935162	68.429292	284.684414	334.487091	59.467790	283.852863	77.390795	285.515966	0.267026	0.158962	1.725318	1.735093
3547947143.631653	53.016481	295.586976	320.236359	54.858206	286.777433	51.174755	304.396519	0.254199	0.162580	1.705767	1.739980
3547947144.997619	30.283179	319.964039	304.054504	24.624160	326.962290	35.942197	312.965788	0.254199	0.147984	1.705767	1.720430
3547947145.668093	21.957062	332.485690	303.695099	14.198211	337.046417	29.715913	327.924962	0.231030	0.140562	1.671554	1.710655
3547947146.344567	16.227882	342.295036	279.991394	19.646647	350.620422	12.809118	333.969650	0.213891	0.158962	1.647116	1.735093
3547947147.029051	16.832310	343.960205	208.359589	9.189486	339.207601	24.475133	348.712809	0.217359	0.144284	1.652004	1.715543
3547947148.467067	39.678567	343.281540	175.603210	42.560687	334.755499	36.796447	351.807582	0.189024	0.129267	1.612903	1.695992
3547947149.192576	60.684902	340.600888	167.174545	66.274726	347.654530	55.095078	333.547245	0.181725	0.125459	1.603128	1.691105
3547947149.909083	81.978303	333.297393	153.164810	75.692250	339.738320	88.264356	326.856467	0.159281	0.110003	1.573803	1.671554
3547947150.598569	101.454350	320.725279	138.769150	96.834284	313.001614	106.074417	328.448943	0.155459	0.113901	1.568915	1.676442
3547947151.299063	118.883360	304.474683	128.051575	112.724130	311.036991	125.042590	297.912375	0.147743	0.106082	1.559140	1.666667
3547947151.990551	130.432313	282.434932	116.730179	134.677874	290.370624	126.186752	274.499240	0.135986	0.098171	1.544477	1.656891
3547947152.666028	138.951486	262.077354	101.658928	130.819615	258.220843	147.083357	265.933865	0.282657	0.110003	1.749756	1.671554
3547947154.099039	135.841329	218.964790	68.423515	141.580729	212.032309	130.101929	225.897271	0.460978	0.086129	2.086999	1.642229
3547947154.805538	125.604299	200.619315	52.304329	117.572252	204.679637	133.636346	196.558992	0.496402	0.090167	2.170088	1.647116
3547947155.535053	109.401361	186.904464	31.150843	111.759273	178.218830	107.043450	195.590099	0.482149	0.086129	2.135875	1.642229
3547947158.251970	44.689428	169.281914	5.214631	52.577979	164.949390	36.800877	173.614438	0.450015	0.065572	2.062561	1.617791
3547947158.989488	27.503237	168.168274	1.389084	18.651415	166.541852	36.355059	169.794695	0.429615	0.065572	2.018573	1.617791
3547947160.423501	14.706250	170.131071	260.040771	8.830069	176.947998	20.582431	163.314144	0.396051	0.052938	1.950147	1.603128
3547947161.797472	30.890824	189.368053	224.403992	39.674130	191.331092	22.107517	187.405014	0.367980	0.052938	1.896383	1.603128
3547947162.489958	44.928385	200.751118	215.027756	36.060172	199.216583	53.796598	202.285653	0.341044	0.048674	1.847507	1.598240
3547947163.195456	62.195993	209.983461	201.751450	56.470493	203.039496	67.921494	216.927425	0.332683	0.031358	1.832845	1.578690
3547947163.895951	83.003861	214.747699	184.386841	75.594544	219.856713	90.413179	209.638686	0.309718	0.026962	1.793744	1.573803
3547947164.566423	105.372254	212.668077	165.271957	96.882501	215.655398	113.862008	209.680756	0.306777	0.022538	1.788856	1.568915
3547947165.293936	123.901900	203.183393	146.619926	116.163468	207.778681	131.640331	198.588104	0.288787	0.031358	1.759531	1.578690
3547947166.024451	138.802420	189.547657	127.982391	132.204284	195.668490	145.400557	183.426824	0.282657	0.040070	1.749756	1.588465
3547947166.753967	149.105253	169.282804	103.684647	149.214052	178.282147	148.996454	160.283462	0.260649	0.031358	1.715543	1.578690
3547947167.497490	149.528829	146.309554	80.689793	157.061035	141.383514	141.996623	151.235595	0.254199	-0.004594	1.705767	1.539589
3547947168.225004	141.354874	125.420465	57.588108	133.595787	120.860139	149.113961	129.980790	0.231030	0.031358	1.671554	1.578690
3547947168.909491	127.087501	109.785153	36.429045	135.683588	107.119202	118.491414	112.451104	0.227642	0.004565	1.666667	1.549365
3547947169.590968	108.646871	101.755891	14.536907	100.356412	105.258502	116.937330	98.253279	0.231030	0.004565	1.671554	1.549365
3547947170.274451	89.697580	99.974938	355.799652	96.151792	106.247349	83.243368	93.702526	0.192641	0.026962	1.617791	1.573803
3547947170.986954	70.317786	104.281410	337.960968	79.060346	102.144204	61.575227	106.418616	0.192641	0.000000	1.617791	1.544477
3547947172.380936	39.574275	129.933231	302.671722	31.641633	125.681973	47.506917	134.184488	0.163080	0.018087	1.578690	1.564027
3547947173.104448	30.810329	148.904853	286.691315	37.306427	155.133875	24.314231	142.675832	0.147743	0.022538	1.559140	1.568915
3547947174.543463	30.885149	192.628237	252.202209	23.978428	186.857865	37.791871	198.398610	0.135986	0.000000	1.549365	1.568915
3547947175.256965	40.873109	213.322156	236.476974	47.679141	219.210953	34.067077	207.433359	0.132017	0.009100	1.539589	1.554252
3547947176.604916	73.370428	241.990436	202.597092	64.376141	241.669793	82.364714	242.311078	0.103513	-0.009216	1.505376	1.534702
3547947177.284395	91.776018	246.919494	187.668655	98.398562	240.825078	85.153473	253.013909	0.103513	-0.004594	1.505376	1.539589
3547947177.967878	113.274804	246.850059	171.727997	105.425369	251.253055	121.124239	242.447063	0.086636	-0.013869	1.485826	1.529814
3547947178.629345	133.004610	240.771379	157.827477	126.884075	234.172967	139.125146	247.369792	0.099335	-0.013869	1.500489	1.529814
3547947180.048347	165.725736	214.663021	123.736046	174.158708	217.807058	157.292763	211.518983	0.151613	0.052938	1.564027	1.603128
3547947180.735831	174.521128	194.098795	100.879475	171.447650	185.639851	177.594605	202.557739	0.196236	0.013608	1.622678	1.559140
3547947182.157834	166.475759	151.383226	58.739262	159.149795	156.611059	173.801724	146.155393	0.227642	0.052938	1.666667	1.603128
3547947182.876340	153.330317	135.014348	42.829226	161.556446	131.363212	145.104188	138.665485	0.237746	0.077980	1.681329	1.632454
3547947187.076307	44.576968	136.313165	317.858887	49.342603	143.947870	39.811333	128.678459	0.203362	0.061386	1.632454	1.612903
3547947187.761791	31.851604	151.527847	302.240997	26.418530	144.352771	37.284677	158.702923	0.203362	0.065572	1.632454	1.617791
3547947188.478293	23.564567	169.143676	287.283447	32.431335	170.686543	14.697800	167.600810	0.181725	0.065572	1.603128	1.617791
3547947189.155772	20.090232	188.733232	270.913086	14.047489	182.063505	26.132975	195.402959	0.178041	0.061386	1.598240	1.612903
3547947189.863271	23.009821	210.586013	253.855011	17.824593	217.942194	28.195050	203.229832	0.151613	0.052938	1.564027	1.603128
3547947191.272264	45.234196	244.331569	220.787064	38.322972	238.566590	52.145420	250.096548	0.159281	0.082066	1.573803	1.637341
3547947191.966756	62.859069	255.222962	199.949203	70.931238	251.243001	54.786900	259.202923	0.124003	0.048674	1.529814	1.598240
3547947193.377751	105.502005	255.160665	160.453018	107.569510	263.919970	103.434499	246.401360	0.132017	0.048674	1.539589	1.598240
3547947194.069237	125.127081	243.380817	142.873627	134.105764	243.999879	116.148397	242.761755	0.132017	0.052938	1.539589	1.603128
3547947195.405179	149.746374	213.813361	114.230194	141.595721	209.996707	157.897027	217.630016	0.639372	0.090167	2.585533	1.647116
3547947196.105673	155.070061	194.737235	97.531025	156.340676	203.647091	153.799446	185.827379	0.684472	0.094181	2.751711	1.652004
3547947197.567707	145.144715	156.709886	48.968014	153.810617	154.280452	136.478813	159.139319	0.676913	0.110003	2.722385	1.671554
3547947198.289216	129.618819	145.760446	21.759637	127.553776	154.520332	131.683861	137.000560	0.669190	0.125459	2.693060	1.691105
3547947199.646172	91.748036	151.791842	320.964813	87.257674	143.992057	96.238397	159.591628	0.642185	0.106082	2.595308	1.666667
3547947200.334657	80.232111	166.680461	292.246918	80.940586	175.652533	79.523636	157.708390	0.626446	0.117776	2.541544	1.681329
3547947201.005132	77.811188	186.480518	262.606293	86.452417	183.964734	69.169960	188.996302	0.617578	0.117776	2.512219	1.681329
3547947201.663595	84.543071	204.328792	237.343689	93.437326	202.953213	75.648816	205.704372	0.597634	0.098171	2.448680	1.656891
3547947202.373096	98.499018	218.477886	214.366287	92.443819	211.819465	104.554217	225.136306	0.584838	0.133054	2.409580	1.700880
3547947204.462569	152.730536	217.145910	141.475334	153.661849	226.097595	151.799223	208.194225	0.665265	0.339843	2.678397	2.018573
3547947205.153057	165.880869	200.345934	114.526844	156.970549	199.078570	174.791188	201.613298	0.706212	0.403034	2.839687	2.140762
3547947205.849548	169.896214	180.912833	92.327927	178.353476	183.990937	161.438952	177.834730	0.706212	0.459402	2.839687	2.262952
3547947206.536040	167.792017	162.223078	72.470909	169.705796	171.017250	165.878238	153.428907	0.700309	0.478232	2.815249	2.306940
3547947207.232523	160.151079	146.470475	56.704920	158.750525	137.580117	161.551632	155.360832	0.686956	0.492389	2.761486	2.341153
3547947207.920010	148.773061	132.851239	42.186281	157.545767	134.861123	140.000355	130.841355	0.679451	0.490392	2.732160	2.336266
3547947210.075530	111.970050	110.922647	26.011946	105.037964	105.182770	118.902136	116.662524	0.635112	0.459402	2.570870	2.262952
3547947210.803042	97.297238	104.422017	20.412485	88.297517	104.351214	106.296959	104.492821	0.611549	0.446436	2.492669	2.233627
3547947211.474519	80.458237	98.766099	13.957551	71.603025	97.158234	89.313448	100.373965	0.597634	0.433125	2.448680	2.204301
3547947212.147995	65.210047	95.476525	9.954504	69.757720	103.243035	60.662374	87.710016	0.576628	0.421759	2.385142	2.179863
3547947213.589008	33.911471	91.548030	5.802961	38.069271	83.566007	29.753671	99.530054	0.566550	0.398246	2.355816	2.130987
3547947214.934958	13.253079	91.736057	297.568085	6.298016	97.448070	20.208143	86.024044	0.521713	0.368565	2.233627	2.072336
3547947215.682485	13.605086	92.689086	237.435745	22.335229	90.501714	4.874942	94.876457	0.506310	0.353086	2.194526	2.043011
3547947217.079471	18.405694	90.437707	133.091660	10.210165	86.718392	26.601222	94.157023	0.469564	0.317974	2.106549	1.979472
3547947217.764956	27.861396	80.587863	131.080780	34.717738	74.757719	21.005055	86.418007	0.463139	0.312371	2.091887	1.969697
3547947219.135923	50.013477	54.800699	125.690323	49.773955	45.803887	50.253000	63.797511	0.420260	0.317974	1.999022	1.979472
3547947219.803393	59.467691	39.310324	116.039207	57.682131	48.131423	61.253252	30.489226	0.408305	0.274551	1.974585	1.906158
3547947220.527904	65.405340	22.753790	103.994072	68.249374	31.292612	62.561307	14.214969	0.393563	0.271537	1.945259	1.901271
3547947224.802921	97.090033	23.073224	200.559982	101.420236	15.183399	92.759829	30.963049	0.309718	0.207829	1.793744	1.803519
3547947225.470392	116.238581	28.865293	191.037186	111.157050	36.293485	121.320112	21.437101	0.303820	0.217822	1.783969	1.818182
3547947226.160880	135.585577	29.715137	174.077034	144.231690	32.214084	126.939464	27.216190	0.267026	0.190808	1.725318	1.779081
3547947226.863374	154.970397	25.395518	157.593597	150.545695	17.558298	159.395099	33.232737	0.263847	0.166177	1.720430	1.744868
3547947227.545855	172.727530	15.145282	139.251678	165.051023	10.447278	180.404037	19.843286	0.257433	0.173313	1.710655	1.754643
3547947231.114372	174.062428	26.565765	290.532196	165.081507	25.980059	183.043349	27.151470	0.203362	0.140562	1.632454	1.710655
3547947231.802858	168.076850	42.792782	288.923187	169.005227	33.840793	167.148472	51.744772	0.189024	0.121628	1.612903	1.686217
3547947233.202846	161.212470	79.010231	269.449860	167.194880	72.286336	155.230060	85.734126	0.170607	0.117776	1.588465	1.681329
3547947233.916349	164.881799	99.088059	254.452423	164.732569	108.086821	165.031029	90.089296	0.143849	0.113901	1.554252	1.676442
3547947235.364371	188.259698	136.726764	221.979904	180.351217	141.022801	196.168179	132.430728	0.151613	0.098171	1.564027	1.656891
3547947236.060862	205.592554	149.033483	207.173737	207.127422	140.165328	204.057686	157.901639	0.151613	0.098171	1.564027	1.656891
3547947236.799388	227.457807	156.614142	190.137894	218.480827	157.257436	236.434788	155.970848	0.119958	0.117776	1.524927	1.681329
3547947237.483866	250.927828	156.960339	171.613342	242.626211	160.436423	259.229444	153.484254	0.115886	0.073869	1.520039	1.627566
3547947238.166347	272.485934	150.837263	155.664993	281.376424	149.437555	263.595443	152.236970	0.115886	0.069733	1.520039	1.622678
3547947238.858836	287.997486	141.295832	121.046783	279.038467	142.153724	296.956505	140.437940	0.095130	0.065572	1.495601	1.617791
3547947239.541318	287.667546	136.847517	36.420033	296.287310	134.259143	279.047783	139.435891	0.090897	0.065572	1.490714	1.617791
3547947240.951312	267.453845	135.415339	1.149642	259.240288	131.736009	275.667403	139.094669	0.082347	0.052938	1.480938	1.603128
3547947241.674822	249.538646	135.121272	357.980164	250.984938	126.238241	248.092354	144.004303	0.073684	0.013608	1.471163	1.559140
3547947242.378322	228.893928	136.568859	352.155762	226.256743	127.963904	231.531113	145.173815	0.073684	0.048674	1.471163	1.598240
3547947243.079814	208.604504	140.157146	346.124023	203.909287	132.478934	213.299721	147.835358	0.064905	0.044385	1.461388	1.593353
3547947243.760295	190.220237	146.500877	336.696838	194.896958	154.190368	185.543516	138.811385	0.056007	0.044385	1.451613	1.593353
3547947244.457788	171.881533	156.688761	323.709396	173.006758	165.618143	170.756308	147.759378	0.056007	0.026962	1.451613	1.573803
3547947245.142269	156.913422	169.348390	310.840118	155.323816	178.206898	158.503028	160.489883	0.082347	0.013608	1.480938	1.559140
3547947245.804736	145.583022	188.419419	293.864136	154.512551	187.295358	136.653493	189.543479	0.037848	0.022538	1.432063	1.568915
3547947246.496225	139.164974	209.243805	279.129593	135.071729	217.259125	143.258219	201.228486	0.069309	0.004565	1.466276	1.549365
3547947247.885205	140.311544	250.345345	256.187378	149.213717	249.021971	131.409371	251.668719	0.155459	0.237332	1.568915	1.847507
3547947248.589701	147.222986	270.036827	244.285095	153.417613	263.507922	141.028359	276.565732	0.231030	0.368565	1.671554	2.072336
3547947249.364247	157.489842	287.744093	232.234375	159.659587	279.009552	155.320097	296.478634	0.260649	0.446436	1.715543	2.233627
3547947250.050732	171.527053	303.399604	223.217392	172.999230	312.278382	170.054876	294.520826	0.294850	0.463649	1.769306	2.272727
3547947250.739218	187.825250	315.493863	211.953644	196.776752	316.426926	178.873747	314.560800	0.306777	0.480280	1.788856	2.311828
3547947251.423700	203.792882	323.759524	203.947357	201.512526	332.465842	206.073237	315.053206	0.312644	0.480280	1.798631	2.311828
3547947252.105182	221.609296	331.359024	201.062653	221.602792	322.359026	221.615801	340.359022	0.300847	0.480280	1.779081	2.311828
3547947252.796670	238.478409	338.077630	201.352829	235.897085	329.455752	241.059732	346.699507	0.300847	0.469952	1.779081	2.287390
3547947253.518180	255.701398	345.067972	201.448929	252.304698	336.733559	259.098097	353.402384	0.300847	0.457264	1.779081	2.258065
3547947254.205667	272.397311	351.475522	200.263214	278.845458	345.196875	265.949164	357.754168	0.291827	0.439825	1.764418	2.218964
3547947254.912164	287.247643	356.831398	214.103531	283.129753	348.828713	291.365534	364.834084	0.303820	0.424053	1.783969	2.184751
3547947255.601647	289.003696	359.823049	272.418121	281.951296	365.414440	296.056096	354.231659	0.288787	0.424053	1.759531	2.184751
3547947256.970613	277.188904	375.330549	313.928375	279.248501	366.569381	275.129307	384.091717	0.282657	0.412482	1.749756	2.160313
3547947257.649096	266.419908	385.784425	316.912323	263.010411	394.113610	269.829405	377.455240	0.279565	0.393413	1.744868	2.121212
3547947258.320565	254.128465	396.582444	320.331757	255.122679	387.637527	253.134252	405.527361	0.273331	0.383612	1.735093	2.101662
3547947259.022061	241.525173	406.576442	321.634338	233.163553	403.247282	249.886793	409.905603	0.270187	0.378643	1.730205	2.091887
3547947260.433056	214.787063	427.898619	320.386230	215.292778	418.912839	214.281347	436.884400	0.241075	0.350462	1.686217	2.038123
3547947261.136553	201.573614	438.664168	321.785858	192.805289	436.635259	210.341940	440.693078	0.247675	0.309548	1.695992	1.964809
3547947261.802024	187.786974	449.046096	324.738678	196.018800	452.684371	179.555148	445.407822	0.231030	0.317974	1.671554	1.979472
3547947262.510522	173.555314	458.387639	328.726440	165.374652	462.139542	181.735975	454.635735	0.224235	0.306712	1.661779	1.959922
3547947263.202015	159.155657	466.387189	331.490784	168.143134	465.912580	150.168179	466.861797	0.220807	0.303861	1.656891	1.955034
3547947264.621011	129.431299	481.163205	336.132538	129.270423	490.161767	129.592175	472.164642	0.210402	0.295223	1.642229	1.940371
3547947265.367538	114.138185	487.431009	338.756714	118.729021	479.689935	109.547350	495.172083	0.196236	0.274551	1.622678	1.906158
3547947266.081044	99.891568	492.756750	340.921967	90.907314	493.288912	108.875821	492.224587	0.178041	0.265463	1.598240	1.891496
3547947266.747512	84.602518	497.939751	341.569092	77.755537	503.780885	91.449499	492.098616	0.170607	0.246857	1.588465	1.862170
3547947267.434002	69.719442	502.814999	340.593018	61.044989	500.416278	78.393895	505.213719	0.174335	0.230898	1.593353	1.837732
3547947268.105469	55.114094	507.444396	342.214081	53.154257	516.228418	57.073930	498.660374	0.163080	0.227655	1.578690	1.832845
3547947268.814974	39.917840	511.605372	345.689392	38.892271	502.663995	40.943409	520.546748	0.159281	0.234123	1.573803	1.842620
3547947269.500453	25.584854	514.916623	349.108856	29.023788	523.233698	22.145921	506.599548	0.155459	0.234123	1.568915	1.842620
3547947270.151916	16.533413	515.771689	30.971191	20.405382	507.647167	12.661444	523.896211	0.151613	0.224395	1.564027	1.827957
3547947272.238386	19.956912	513.469007	204.177292	19.720863	522.465911	20.192960	504.472103	0.151613	0.207829	1.564027	1.803519
3547947272.947886	30.313936	519.116883	211.216309	36.313085	525.825848	24.314787	512.407918	0.155459	0.187347	1.568915	1.774194
3547947279.780708	61.826596	542.252931	222.465485	56.837356	549.743424	66.815836	534.762438	0.139930	0.136818	1.549365	1.705767
3547947280.453180	73.223380	553.229534	225.506866	78.936962	546.275760	67.509798	560.183309	0.115886	0.151664	1.520039	1.725318
3547947281.164683	84.146819	565.558042	230.538544	92.542585	568.800128	75.751054	562.315956	0.090897	0.155323	1.490714	1.730205
3547947281.844162	94.884501	580.369430	238.495056	97.250244	571.685925	92.518759	589.052935	0.107664	0.144284	1.510264	1.715543
3547947284.628126	97.520298	578.975202	103.581474	96.701681	587.937895	98.338914	570.012509	0.103513	0.133054	1.505376	1.700880
3547947285.306610	102.513025	562.748548	109.728912	100.489011	571.518005	104.537038	553.979091	0.103513	0.140562	1.505376	1.710655
3547947285.977077	110.109121	543.906421	114.129044	102.385528	539.286237	117.832715	548.526605	0.086636	0.136818	1.485826	1.705767
3547947286.659563	119.266033	524.946969	116.387909	120.601906	533.847275	117.930161	516.046663	0.107664	0.117776	1.510264	1.681329
3547947287.341040	129.360697	505.689627	117.863644	138.347617	505.204589	120.373776	506.174664	0.099335	0.129267	1.500489	1.695992
3547947288.015518	140.213718	485.523742	118.589237	146.615023	479.197346	133.812413	491.850138	0.095130	0.158962	1.495601	1.735093
3547947288.705004	150.225948	467.511223	118.021782	159.024347	465.616978	141.427548	469.405468	0.111789	0.129267	1.515152	1.695992
3547947289.368470	160.734742	447.841581	118.763504	165.942184	440.501107	155.527300	455.182054	0.095130	0.117776	1.495601	1.681329
3547947290.075970	171.625762	427.720760	116.365387	172.760860	436.648893	170.490664	418.792628	0.099335	0.136818	1.500489	1.705767
3547947290.816493	180.737811	408.976384	114.657967	171.738276	408.884898	189.737346	409.067869	0.086636	0.110003	1.485826	1.671554
3547947291.485964	190.042661	387.442571	110.600876	195.454403	394.633749	184.630919	380.251393	0.090897	0.117776	1.490714	1.681329
3547947292.848926	201.461614	345.146411	100.371910	202.887079	336.260014	200.036149	354.032807	0.119958	0.173313	1.524927	1.754643
3547947293.497387	204.925557	324.640935	97.120918	202.538387	333.318574	207.312727	315.963296	0.155459	0.211178	1.568915	1.808407
3547947295.580854	213.825066	264.638510	102.249271	204.922805	265.961292	222.727326	263.315728	0.199810	0.256232	1.627566	1.876833
3547947296.317375	218.639689	245.726998	104.351089	224.288546	252.733453	212.990832	238.720543	0.185386	0.259325	1.608016	1.881720
3547947297.699348	232.202695	210.082910	118.866013	236.631656	202.248096	227.773733	217.917723	0.192641	0.253123	1.617791	1.871945
3547947298.382831	241.564687	194.831176	122.564888	241.949540	203.822944	241.179834	185.839409	0.185386	0.256232	1.608016	1.876833
3547947299.781816	265.058252	166.000748	136.034775	272.359522	171.263015	257.756982	160.738482	0.174335	0.249998	1.593353	1.867058
3547947300.452289	278.998465	154.463979	142.309250	286.253624	159.789641	271.743307	149.138317	0.185386	0.243698	1.608016	1.857283
3547947304.016805	282.231018	161.175835	320.301941	283.491449	152.264533	280.970588	170.087138	0.139930	0.180369	1.549365	1.764418
3547947305.377769	253.485624	181.567128	332.008362	261.061096	176.707887	245.910151	186.426368	0.128023	0.187347	1.534702	1.774194
3547947306.076259	237.526012	189.560445	332.869934	238.771982	180.647109	236.280042	198.473781	0.119958	0.190808	1.524927	1.779081
3547947306.728718	223.354168	196.928520	330.759674	230.361645	202.576109	216.346690	191.280931	0.132017	0.166177	1.539589	1.744868
3547947307.410199	207.186809	205.410279	332.105255	214.256657	199.840966	200.116960	210.979592	0.119958	0.180369	1.524927	1.764418
3547947308.128706	191.579659	212.588302	336.584137	195.361927	220.754969	187.797391	204.421636	0.103513	0.176851	1.505376	1.759531
3547947308.835203	175.004973	219.121933	343.428345	182.552556	224.024381	167.457390	214.219486	0.111789	0.162580	1.515152	1.739980
3547947309.481661	156.708411	223.131675	348.710876	156.655238	232.131518	156.761583	214.131832	0.090897	0.190808	1.490714	1.779081
3547947310.177152	139.889512	226.260874	354.247253	133.736897	232.829385	146.042126	219.692363	0.086636	0.280533	1.485826	1.915934
3547947313.615576	51.601108	222.032510	20.947828	43.824386	226.562697	59.377831	217.502324	0.060471	0.350462	1.456500	2.038123
3547947314.309066	36.439462	213.723944	36.284008	45.330602	212.328365	27.548323	215.119522	0.056007	0.358295	1.451613	2.052786
3547947315.027572	23.110824	201.038622	52.470901	15.863165	206.374486	30.358483	195.702759	0.056007	0.337155	1.451613	2.013685
3547947315.698045	17.964848	191.228227	100.996468	13.925000	183.185863	22.004696	199.270592	0.046989	0.342517	1.441838	2.023460
3547947316.360513	18.512156	190.453259	166.033630	14.429920	198.474191	22.594392	182.432327	0.060471	0.323522	1.456500	1.989247
3547947317.060007	27.759007	191.341305	191.148071	23.530677	199.286191	31.987337	183.396418	0.095130	0.315179	1.495601	1.974585
3547947317.706463	42.780175	195.477357	201.208847	41.462672	186.574313	44.097679	204.380401	0.064905	0.317974	1.461388	1.979472
3547947318.385945	58.828601	203.648361	213.174072	62.777521	195.560962	54.879681	211.735761	0.064905	0.298117	1.461388	1.945259
3547947319.065423	74.156828	215.300621	220.923828	66.524150	210.531740	81.789506	220.069502	0.064905	0.303861	1.461388	1.955034
3547947320.420377	100.248959	244.942178	236.929489	108.944716	247.262479	91.553201	242.621876	0.103513	0.295223	1.505376	1.940371
3547947321.273979	110.378121	261.684653	240.211319	101.443404	260.602605	119.312839	262.766700	0.181725	0.334455	1.603128	2.008798
3547947322.653955	129.716648	299.865208	245.876862	123.059287	293.808844	136.374010	305.921571	0.247675	0.417141	1.695992	2.170088
3547947323.331431	136.817746	317.188037	249.955841	145.639728	315.406849	127.995763	318.969226	0.288787	0.474110	1.759531	2.297165
3547947324.014913	142.376282	334.982940	253.613724	135.583483	340.886997	149.169080	329.078883	0.388550	0.513818	1.935484	2.394917
3547947324.676380	147.074532	352.959686	256.409531	155.466359	349.707418	138.682706	356.211954	0.484213	0.534306	2.140762	2.448680
3547947325.351862	151.392505	370.996662	256.377167	159.885175	368.017642	142.899835	373.975682	0.510212	0.523244	2.204301	2.419355
3547947326.093379	155.659193	386.882800	253.347679	147.553098	390.793198	163.765289	382.972401	0.525480	0.521374	2.243402	2.414467
3547947326.794876	160.777908	403.671129	252.724472	151.913396	402.115354	169.642419	405.226904	0.512150	0.526961	2.209189	2.429130
3547947328.151833	172.099727	437.522611	248.770844	177.069701	445.025901	167.129754	430.019320	0.496402	0.508070	2.170088	2.380254
3547947328.828310	178.386115	452.893553	246.165970	170.278389	448.986536	186.493840	456.800570	0.480076	0.498330	2.130987	2.355816
3547947329.471763	185.581874	468.606320	244.088104	192.934530	463.416093	178.229218	473.796547	0.467432	0.478232	2.101662	2.306940
3547947330.114216	193.345863	484.021106	243.844940	201.731887	480.753904	184.959839	487.288307	0.456624	0.465759	2.077224	2.277615
3547947330.785690	200.173109	497.651083	243.796539	208.707385	494.793440	191.638832	500.508726	0.450015	0.461530	2.062561	2.267840
3547947331.446159	207.662066	512.252672	242.726334	214.265047	518.368279	201.059085	506.137066	0.431925	0.435368	2.023460	2.209189
3547947332.141647	214.979756	526.538509	242.406326	219.323717	534.420768	210.635796	518.656250	0.408305	0.421759	1.974585	2.179863
3547947332.878166	223.293134	542.476325	241.839264	222.723182	551.458260	223.863086	533.494390	0.386024	0.414817	1.930596	2.165200
3547947333.560648	231.948364	558.296020	240.909195	224.407191	563.208321	239.489538	553.383719	0.373202	0.395835	1.906158	2.126100
3547947334.257143	240.572608	574.481600	242.921066	248.234184	579.203913	232.911031	569.759287	0.346545	0.390980	1.857283	2.116325
3547947337.100144	241.947152	580.480990	58.706688	234.454814	585.467458	249.439490	575.494521	0.315553	0.347827	1.803519	2.033236
3547947337.785628	235.498182	570.280888	58.158661	226.505095	570.633569	244.491269	569.928207	0.297857	0.323522	1.774194	1.989247
3547947338.464108	226.820172	554.880170	62.312946	231.283552	547.064913	222.356792	562.695427	0.291827	0.315179	1.764418	1.974585
3547947339.866100	213.113155	523.055172	70.071014	205.761261	517.863866	220.465049	528.246478	0.282657	0.289392	1.749756	1.930596
3547947340.569592	206.912502	504.405785	71.420891	200.236364	510.441444	213.588640	498.370126	0.263847	0.271537	1.720430	1.901271
3547947341.237064	201.256556	487.029128	70.676300	192.256965	486.943318	210.256146	487.114939	0.260649	0.286454	1.715543	1.925709
3547947343.256487	188.833112	435.925685	84.224556	183.762881	443.361595	193.903342	428.489774	0.244384	0.268508	1.691105	1.896383
3547947344.579423	188.214949	399.202537	90.911240	186.471515	408.032058	189.958383	390.373016	0.279565	0.271537	1.744868	1.901271
3547947345.284919	188.466307	381.802766	90.555679	183.758228	389.473098	193.174386	374.132434	0.327034	0.265463	1.823069	1.891496
3547947347.335373	182.510362	323.263845	74.239105	190.758419	319.662517	174.262306	326.865173	0.434225	0.371102	2.028348	2.077224
3547947348.018856	176.372244	304.926460	65.620384	173.260295	313.371327	179.484193	296.481594	0.496402	0.412482	2.170088	2.160313
3547947348.687319	166.463843	286.672616	57.153236	161.348178	279.267890	171.579508	294.077342	0.523600	0.450795	2.238514	2.243402
3547947349.369800	155.477269	271.711569	49.809977	159.436514	263.629219	151.518024	279.793919	0.542031	0.452961	2.287390	2.248289
3547947350.051283	143.171879	258.624788	43.502453	147.326649	250.641186	139.017110	266.608389	0.552717	0.439825	2.316716	2.218964
3547947350.727759	130.434314	246.874731	38.674963	122.980701	241.830561	137.887927	251.918901	0.543831	0.450795	2.292278	2.243402